0.000000,0.000000,-0.000078,-0.008397,0.000000,-0.000078,0.000000,0.000000,0.000000,0.000000
0.000000,0.000000,-0.000242,-0.015896,0.000000,-0.000239,0.000000,0.000000,0.000000,0.000000
0.000000,0.000000,-0.000450,-0.021542,0.000000,-0.000442,0.000000,0.000000,0.000000,0.000000
0.000000,0.000000,-0.000698,-0.026095,0.000000,-0.000684,0.000000,0.000000,0.000000,0.000000
0.000000,0.000000,-0.000983,-0.029793,0.000000,-0.000959,0.000000,0.000000,0.000000,0.000000
0.000000,0.000000,-0.001306,-0.032677,0.000000,-0.001269,0.000000,0.000000,0.000000,0.000000
0.000000,0.000000,-0.001990,-0.036944,0.000000,-0.001933,0.000000,0.000000,0.000000,0.000000
0.000000,0.000000,-0.002354,-0.038702,0.000000,-0.002274,0.000000,0.000000,0.000000,0.000000
0.000000,0.000000,-0.002736,-0.040165,0.000000,-0.002629,0.000000,0.000000,0.000000,0.000000
0.000000,0.000000,-0.003111,-0.041302,0.000000,-0.002975,0.000000,0.000000,0.000000,0.000000
0.000000,0.000000,-0.003493,-0.042287,0.000000,-0.003323,0.000000,0.000000,0.000000,0.000000
0.000000,0.000000,-0.003880,-0.043070,0.000000,-0.003673,0.000000,0.000000,0.000000,0.000000
0.000000,0.000000,-0.004268,-0.043723,0.000000,-0.004020,0.000000,0.000000,0.000000,0.000000
0.000000,0.000000,-0.005057,-0.044764,0.000000,-0.004761,0.000000,0.000000,0.000000,0.000000
0.000000,0.000000,-0.005463,-0.045218,0.000000,-0.005116,0.000000,0.000000,0.000000,0.000000
0.000000,0.000000,-0.005853,-0.045526,0.000000,-0.005451,0.000000,0.000000,0.000000,0.000000
0.000000,0.000000,-0.006249,-0.045791,0.000000,-0.005788,0.000000,0.000000,0.000000,0.000000
0.000000,0.000000,-0.006636,-0.045977,0.000000,-0.006114,0.000000,0.000000,0.000000,0.000000
0.000000,0.000000,-0.007013,-0.046131,0.000000,-0.006426,0.000000,0.000000,0.000000,0.000000
0.000000,0.000000,-0.007393,-0.046263,0.000000,-0.006738,0.000000,0.000000,0.000000,0.000000
0.000000,0.000000,-0.008151,-0.046519,0.000000,-0.007420,0.000000,0.000000,0.000000,0.000000
0.000000,0.000000,-0.008540,-0.046668,0.000000,-0.007731,0.000000,0.000000,0.000000,0.000000
0.000000,0.000000,-0.008906,-0.046816,0.000000,-0.008016,0.000000,0.000000,0.000000,0.000000
0.000000,0.000000,-0.009275,-0.047019,0.000000,-0.008301,0.000000,0.000000,0.000000,0.000000
0.000000,0.000000,-0.009650,-0.047121,0.000000,-0.008590,0.000000,0.000000,0.000000,0.000000
0.000000,0.000000,-0.010021,-0.047134,0.000000,-0.008871,0.000000,0.000000,0.000000,0.000000
0.000000,0.000000,-0.010375,-0.047160,0.000000,-0.009133,0.000000,0.000000,0.000000,0.000000
0.000000,0.000000,-0.011073,-0.047121,0.000000,-0.009732,0.000000,0.000000,0.000000,0.000000
0.000000,0.000000,-0.011433,-0.047068,0.000000,-0.009991,0.000000,0.000000,0.000000,0.000000
0.000000,0.000000,-0.011772,-0.047022,0.000000,-0.010227,0.000000,0.000000,0.000000,0.000000
0.000000,0.000000,-0.012120,-0.046922,0.000000,-0.010469,0.000000,0.000000,0.000000,0.000000
0.000000,0.000000,-0.012449,-0.046877,0.000000,-0.010691,0.000000,0.000000,0.000000,0.000000
0.000000,0.000000,-0.012776,-0.046829,0.000000,-0.010908,0.000000,0.000000,0.000000,0.000000
0.000000,0.000000,-0.013106,-0.046824,0.000000,-0.011125,0.000000,0.000000,0.000000,0.000000
0.000000,0.000000,-0.013749,-0.046925,0.000000,-0.011651,0.000000,0.000000,0.000000,0.000000
0.000000,0.000000,-0.014085,-0.047004,0.000000,-0.011866,0.000000,0.000000,0.000000,0.000000
0.000000,0.000000,-0.014397,-0.047083,0.000000,-0.012057,0.000000,0.000000,0.000000,0.000000
0.000000,0.000000,-0.014706,-0.047156,0.000000,-0.012242,0.000000,0.000000,0.000000,0.000000
0.000000,0.000000,-0.015024,-0.047150,0.000000,-0.012435,0.000000,0.000000,0.000000,0.000000
0.000000,0.000000,-0.015325,-0.047093,0.000000,-0.012609,0.000000,0.000000,0.000000,0.000000
0.000000,0.000000,-0.015626,-0.047078,0.000000,-0.012780,0.000000,0.000000,0.000000,0.000000
0.000000,0.000000,-0.016224,-0.047132,0.000000,-0.013244,0.000000,0.000000,0.000000,0.000000
0.000000,0.000000,-0.016524,-0.047166,0.000000,-0.013409,0.000000,0.000000,0.000000,0.000000
0.000000,0.000000,-0.016815,-0.047118,0.000000,-0.013563,0.000000,0.000000,0.000000,0.000000
0.000000,0.000000,-0.017111,-0.047130,0.000000,-0.013720,0.000000,0.000000,0.000000,0.000000
0.000000,0.000000,-0.017397,-0.047088,0.000000,-0.013866,0.000000,0.000000,0.000000,0.000000
0.000000,0.000000,-0.017679,-0.047057,0.000000,-0.014006,0.000000,0.000000,0.000000,0.000000
0.000000,0.000000,-0.017952,-0.047069,0.000000,-0.014137,0.000000,0.000000,0.000000,0.000000
0.000000,0.000000,-0.018497,-0.047094,0.000000,-0.014535,0.000000,0.000000,0.000000,0.000000
0.000000,0.000000,-0.018778,-0.047097,0.000000,-0.014668,0.000000,0.000000,0.000000,0.000000
0.000000,0.000000,-0.019041,-0.047090,0.000000,-0.014782,0.000000,0.000000,0.000000,0.000000
0.000000,0.000000,-0.019309,-0.047087,0.000000,-0.014899,0.000000,0.000000,0.000000,0.000000
0.000000,0.000000,-0.019573,-0.047089,0.000000,-0.015012,0.000000,0.000000,0.000000,0.000000
0.000000,0.000000,-0.019833,-0.047086,0.000000,-0.015119,0.000000,0.000000,0.000000,0.000000
0.000000,0.000000,-0.020085,-0.047097,0.000000,-0.015217,0.000000,0.000000,0.000000,0.000000
0.000000,0.000000,-0.020590,-0.047191,0.000000,-0.015565,0.000000,0.000000,0.000000,0.000000
0.000000,0.000000,-0.020840,-0.047223,0.000000,-0.015657,0.000000,0.000000,0.000000,0.000000
0.000000,0.000000,-0.021088,-0.047227,0.000000,-0.015745,0.000000,0.000000,0.000000,0.000000
0.000000,0.000000,-0.021333,-0.047185,0.000000,-0.015831,0.000000,0.000000,0.000000,0.000000
0.000000,0.000000,-0.021580,-0.047155,0.000000,-0.015917,0.000000,0.000000,0.000000,0.000000
0.000000,0.000000,-0.021813,-0.047168,0.000000,-0.015989,0.000000,0.000000,0.000000,0.000000
0.000000,0.000000,-0.022055,-0.047151,0.000000,-0.016068,0.000000,0.000000,0.000000,0.000000
0.000000,0.000000,-0.022512,-0.047106,0.000000,-0.016360,0.000000,0.000000,0.000000,0.000000
0.000000,0.000000,-0.022749,-0.047082,0.000000,-0.016431,0.000000,0.000000,0.000000,0.000000
0.000000,0.000000,-0.022971,-0.047142,0.000000,-0.016486,0.000000,0.000000,0.000000,0.000000
0.000000,0.000000,-0.023197,-0.047180,0.000000,-0.016545,0.000000,0.000000,0.000000,0.000000
0.000000,0.000000,-0.023421,-0.047035,0.000000,-0.016601,0.000000,0.000000,0.000000,0.000000
0.000000,0.000000,-0.023633,-0.046898,0.000000,-0.016646,0.000000,0.000000,0.000000,0.000000
0.000000,0.000000,-0.023846,-0.046767,0.000000,-0.016690,0.000000,0.000000,0.000000,0.000000
0.000000,0.000000,-0.024260,-0.046560,0.000000,-0.016933,0.000000,0.000000,0.000000,0.000000
0.000000,0.000000,-0.024471,-0.046486,0.000000,-0.016973,0.000000,0.000000,0.000000,0.000000
0.000000,0.000000,-0.024674,-0.046394,0.000000,-0.017004,0.000000,0.000000,0.000000,0.000000
0.000000,0.000000,-0.024872,-0.046319,0.000000,-0.017030,0.000000,0.000000,0.000000,0.000000
0.000000,0.000000,-0.025068,-0.046238,0.000000,-0.017053,0.000000,0.000000,0.000000,0.000000
0.000000,0.000000,-0.025257,-0.046160,0.000000,-0.017070,0.000000,0.000000,0.000000,0.000000
0.000000,0.000000,-0.025446,-0.046151,0.000000,-0.017086,0.000000,0.000000,0.000000,0.000000
0.000000,0.000000,-0.025820,-0.046239,0.000000,-0.017286,0.000000,0.000000,0.000000,0.000000
0.000000,0.000000,-0.000077,-0.008367,0.000000,-0.000076,0.000000,0.000000,0.000000,0.000000
0.000000,0.000000,-0.000247,-0.016067,0.000000,-0.000243,0.000000,0.000000,0.000000,0.000000
0.000000,0.000000,-0.000450,-0.021606,0.000000,-0.000442,0.000000,0.000000,0.000000,0.000000
0.000000,0.000000,-0.000700,-0.026137,0.000000,-0.000686,0.000000,0.000000,0.000000,0.000000
0.000000,0.000000,-0.000994,-0.029895,0.000000,-0.000969,0.000000,0.000000,0.000000,0.000000
0.000000,0.000000,-0.001315,-0.032859,0.000000,-0.001278,0.000000,0.000000,0.000000,0.000000
0.000000,0.000000,-0.002010,-0.037773,0.000000,-0.001953,0.000000,0.000000,0.000000,0.000000
0.000000,0.000000,-0.002395,-0.039786,0.000000,-0.002315,0.000000,0.000000,0.000000,0.000000
0.000000,0.000000,-0.002770,-0.041273,0.000000,-0.002663,0.000000,0.000000,0.000000,0.000000
0.000000,0.000000,-0.003169,-0.042502,0.000000,-0.003032,0.000000,0.000000,0.000000,0.000000
0.000000,0.000000,-0.003563,-0.043451,0.000000,-0.003390,0.000000,0.000000,0.000000,0.000000
0.000000,0.000000,-0.003953,-0.044195,0.000000,-0.003743,0.000000,0.000000,0.000000,0.000000
0.000000,0.000000,-0.004363,-0.044854,0.000000,-0.004111,0.000000,0.000000,0.000000,0.000000
0.000000,0.000000,-0.005159,-0.045777,0.000000,-0.004858,0.000000,0.000000,0.000000,0.000000
0.000000,0.000000,-0.005575,-0.046159,0.000000,-0.005221,0.000000,0.000000,0.000000,0.000000
0.000000,0.000000,-0.005976,-0.046435,0.000000,-0.005566,0.000000,0.000000,0.000000,0.000000
0.000000,0.000000,-0.006368,-0.046670,0.000000,-0.005899,0.000000,0.000000,0.000000,0.000000
0.000000,0.000000,-0.006759,-0.046813,0.000000,-0.006227,0.000000,0.000000,0.000000,0.000000
0.000000,0.000000,-0.007152,-0.046947,0.000000,-0.006554,0.000000,0.000000,0.000000,0.000000
0.000000,0.000000,-0.007539,-0.047056,0.000000,-0.006872,0.000000,0.000000,0.000000,0.000000
0.000000,0.000000,-0.008301,-0.046899,0.000000,-0.007557,0.000000,0.000000,0.000000,0.000000
0.000000,0.000000,-0.008689,-0.046835,0.000000,-0.007865,0.000000,0.000000,0.000000,0.000000
0.000000,0.000000,-0.000078,-0.008466,0.000000,-0.000077,0.000000,0.000000,0.000000,0.000000
0.000000,0.000000,-0.000241,-0.016028,0.000000,-0.000238,0.000000,0.000000,0.000000,0.000000
0.000000,0.000000,-0.000453,-0.021885,0.000000,-0.000446,0.000000,0.000000,0.000000,0.000000
0.000000,0.000000,-0.000711,-0.026593,0.000000,-0.000696,0.000000,0.000000,0.000000,0.000000
0.000000,0.000000,-0.000074,-0.008034,0.000000,-0.000073,0.000000,0.000000,0.000000,0.000000
0.000000,0.000000,-0.000236,-0.015371,0.000000,-0.000233,0.000000,0.000000,0.000000,0.000000
0.000000,0.000000,-0.000434,-0.020725,0.000000,-0.000427,0.000000,0.000000,0.000000,0.000000
0.000000,0.000000,-0.000679,-0.025156,0.000000,-0.000665,0.000000,0.000000,0.000000,0.000000
0.000000,0.000000,-0.000948,-0.028592,0.000000,-0.000924,0.000000,0.000000,0.000000,0.000000
0.000000,0.000000,-0.001245,-0.031351,0.000000,-0.001209,0.000000,0.000000,0.000000,0.000000
0.000000,0.000000,-0.001918,-0.035752,0.000000,-0.001863,0.000000,0.000000,0.000000,0.000000
0.000000,0.000000,-0.002282,-0.037614,0.000000,-0.002205,0.000000,0.000000,0.000000,0.000000
0.000000,0.000000,-0.002640,-0.039066,0.000000,-0.002538,0.000000,0.000000,0.000000,0.000000
0.000000,0.000000,-0.003378,-0.041365,0.000000,-0.003243,0.000000,0.000000,0.000000,0.000000
0.000000,0.000000,-0.003793,-0.042419,0.000000,-0.003622,0.000000,0.000000,0.000000,0.000000
0.000000,0.000000,-0.004177,-0.043315,0.000000,-0.003965,0.000000,0.000000,0.000000,0.000000
0.000000,0.000000,-0.004569,-0.044090,0.000000,-0.004314,0.000000,0.000000,0.000000,0.000000
0.000000,0.000000,-0.005370,-0.045319,0.000000,-0.005063,0.000000,0.000000,0.000000,0.000000
0.000000,0.000000,-0.005783,-0.045791,0.000000,-0.005422,0.000000,0.000000,0.000000,0.000000
0.000000,0.000000,-0.006181,-0.046172,0.000000,-0.005762,0.000000,0.000000,0.000000,0.000000
0.000000,0.000000,-0.006573,-0.046486,0.000000,-0.006092,0.000000,0.000000,0.000000,0.000000
0.000000,0.000000,-0.006979,-0.046728,0.000000,-0.006433,0.000000,0.000000,0.000000,0.000000
0.000000,0.000000,-0.007372,-0.046936,0.000000,-0.006758,0.000000,0.000000,0.000000,0.000000
0.000000,0.000000,-0.007761,-0.047133,0.000000,-0.007075,0.000000,0.000000,0.000000,0.000000
0.000000,0.000000,-0.008531,-0.047522,0.000000,-0.007766,0.000000,0.000000,0.000000,0.000000
0.000000,0.000000,-0.008929,-0.047659,0.000000,-0.008084,0.000000,0.000000,0.000000,0.000000
0.000000,0.000000,-0.009304,-0.047774,0.000000,-0.008374,0.000000,0.000000,0.000000,0.000000
0.000000,0.000000,-0.009693,-0.047905,0.000000,-0.008675,0.000000,0.000000,0.000000,0.000000
0.000000,0.000000,-0.010069,-0.048129,0.000000,-0.008960,0.000000,0.000000,0.000000,0.000000
0.000000,0.000000,-0.010436,-0.048318,0.000000,-0.009234,0.000000,0.000000,0.000000,0.000000
0.000000,0.000000,-0.010806,-0.048479,0.000000,-0.009508,0.000000,0.000000,0.000000,0.000000
0.000000,0.000000,-0.011544,-0.048748,0.000000,-0.010144,0.000000,0.000000,0.000000,0.000000
0.000000,0.000000,-0.011922,-0.048886,0.000000,-0.010417,0.000000,0.000000,0.000000,0.000000
0.000000,0.000000,-0.012278,-0.048966,0.000000,-0.010665,0.000000,0.000000,0.000000,0.000000
0.000000,0.000000,-0.012637,-0.049067,0.000000,-0.010914,0.000000,0.000000,0.000000,0.000000
0.000000,0.000000,-0.012992,-0.049099,0.000000,-0.011156,0.000000,0.000000,0.000000,0.000000
0.000000,0.000000,-0.013363,-0.049143,0.000000,-0.011411,0.000000,0.000000,0.000000,0.000000
0.000000,0.000000,-0.013705,-0.049218,0.000000,-0.011636,0.000000,0.000000,0.000000,0.000000
0.000000,0.000000,-0.014386,-0.049475,0.000000,-0.012193,0.000000,0.000000,0.000000,0.000000
0.000000,0.000000,-0.014735,-0.049587,0.000000,-0.012417,0.000000,0.000000,0.000000,0.000000
0.000000,0.000000,-0.015072,-0.049720,0.000000,-0.012627,0.000000,0.000000,0.000000,0.000000
0.000000,0.000000,-0.015419,-0.049786,0.000000,-0.012844,0.000000,0.000000,0.000000,0.000000
0.000000,0.000000,-0.015747,-0.049829,0.000000,-0.013040,0.000000,0.000000,0.000000,0.000000
0.000000,0.000000,-0.016081,-0.049907,0.000000,-0.013240,0.000000,0.000000,0.000000,0.000000
0.000000,0.000000,-0.016404,-0.049990,0.000000,-0.013428,0.000000,0.000000,0.000000,0.000000
0.000000,0.000000,-0.017051,-0.050077,0.000000,-0.013934,0.000000,0.000000,0.000000,0.000000
0.000000,0.000000,-0.017381,-0.050050,0.000000,-0.014121,0.000000,0.000000,0.000000,0.000000
0.000000,0.000000,-0.017690,-0.050015,0.000000,-0.014287,0.000000,0.000000,0.000000,0.000000
0.000000,0.000000,-0.018001,-0.049929,0.000000,-0.014451,0.000000,0.000000,0.000000,0.000000
0.000000,0.000000,-0.018320,-0.049896,0.000000,-0.014623,0.000000,0.000000,0.000000,0.000000
0.000000,0.000000,-0.000074,-0.008040,0.000000,-0.000073,0.000000,0.000000,0.000000,0.000000
0.000000,0.000000,-0.000232,-0.015254,0.000000,-0.000229,0.000000,0.000000,0.000000,0.000000
0.000000,0.000000,-0.000434,-0.020727,0.000000,-0.000426,0.000000,0.000000,0.000000,0.000000
0.000000,0.000000,-0.000671,-0.024975,0.000000,-0.000657,0.000000,0.000000,0.000000,0.000000
0.000000,0.000000,-0.000950,-0.028510,0.000000,-0.000927,0.000000,0.000000,0.000000,0.000000
0.000000,0.000000,-0.001246,-0.031272,0.000000,-0.001210,0.000000,0.000000,0.000000,0.000000
0.000000,0.000000,-0.001913,-0.035682,0.000000,-0.001859,0.000000,0.000000,0.000000,0.000000
0.000000,0.000000,-0.002277,-0.037566,0.000000,-0.002200,0.000000,0.000000,0.000000,0.000000
0.000000,0.000000,-0.002639,-0.039075,0.000000,-0.002537,0.000000,0.000000,0.000000,0.000000
0.000000,0.000000,-0.003001,-0.040247,0.000000,-0.002869,0.000000,0.000000,0.000000,0.000000
0.000000,0.000000,-0.003388,-0.041269,0.000000,-0.003224,0.000000,0.000000,0.000000,0.000000
0.000000,0.000000,-0.003764,-0.042027,0.000000,-0.003564,0.000000,0.000000,0.000000,0.000000
0.000000,0.000000,-0.004142,-0.042592,0.000000,-0.003902,0.000000,0.000000,0.000000,0.000000
0.000000,0.000000,-0.004899,-0.043443,0.000000,-0.004613,0.000000,0.000000,0.000000,0.000000
0.000000,0.000000,-0.005293,-0.043837,0.000000,-0.004957,0.000000,0.000000,0.000000,0.000000
0.000000,0.000000,-0.005672,-0.044170,0.000000,-0.005283,0.000000,0.000000,0.000000,0.000000
0.000000,0.000000,-0.006046,-0.044597,0.000000,-0.005601,0.000000,0.000000,0.000000,0.000000
0.000000,0.000000,-0.006427,-0.044936,0.000000,-0.005922,0.000000,0.000000,0.000000,0.000000
0.000000,0.000000,-0.006814,-0.045180,0.000000,-0.006245,0.000000,0.000000,0.000000,0.000000
0.000000,0.000000,-0.007181,-0.045418,0.000000,-0.006546,0.000000,0.000000,0.000000,0.000000
0.000000,0.000000,-0.007928,-0.045815,0.000000,-0.007221,0.000000,0.000000,0.000000,0.000000
0.000000,0.000000,-0.008313,-0.046011,0.000000,-0.007529,0.000000,0.000000,0.000000,0.000000
0.000000,0.000000,-0.008674,-0.046113,0.000000,-0.007812,0.000000,0.000000,0.000000,0.000000
0.000000,0.000000,-0.009038,-0.046195,0.000000,-0.008093,0.000000,0.000000,0.000000,0.000000
0.000000,0.000000,-0.009408,-0.046293,0.000000,-0.008379,0.000000,0.000000,0.000000,0.000000
0.000000,0.000000,-0.009764,-0.046408,0.000000,-0.008648,0.000000,0.000000,0.000000,0.000000
0.000000,0.000000,-0.010117,-0.046767,0.000000,-0.008910,0.000000,0.000000,0.000000,0.000000
0.000000,0.000000,-0.010831,-0.047205,0.000000,-0.009528,0.000000,0.000000,0.000000,0.000000
0.000000,0.000000,-0.011198,-0.047345,0.000000,-0.009796,0.000000,0.000000,0.000000,0.000000
0.000000,0.000000,-0.011543,-0.047480,0.000000,-0.010040,0.000000,0.000000,0.000000,0.000000
0.000000,0.000000,-0.011890,-0.047609,0.000000,-0.010283,0.000000,0.000000,0.000000,0.000000
0.000000,0.000000,-0.012237,-0.047738,0.000000,-0.010524,0.000000,0.000000,0.000000,0.000000
0.000000,0.000000,-0.012588,-0.047881,0.000000,-0.010766,0.000000,0.000000,0.000000,0.000000
0.000000,0.000000,-0.012934,-0.047998,0.000000,-0.011001,0.000000,0.000000,0.000000,0.000000
0.000000,0.000000,-0.013597,-0.048250,0.000000,-0.011547,0.000000,0.000000,0.000000,0.000000
0.000000,0.000000,-0.013947,-0.048289,0.000000,-0.011778,0.000000,0.000000,0.000000,0.000000
0.000000,0.000000,-0.014274,-0.048312,0.000000,-0.011985,0.000000,0.000000,0.000000,0.000000
0.000000,0.000000,-0.014596,-0.048303,0.000000,-0.012183,0.000000,0.000000,0.000000,0.000000
0.000000,0.000000,-0.014922,-0.048374,0.000000,-0.012384,0.000000,0.000000,0.000000,0.000000
0.000000,0.000000,-0.015240,-0.048610,0.000000,-0.012575,0.000000,0.000000,0.000000,0.000000
0.000000,0.000000,-0.015560,-0.048778,0.000000,-0.012766,0.000000,0.000000,0.000000,0.000000
0.000000,0.000000,-0.016204,-0.049434,0.000000,-0.013276,0.000000,0.000000,0.000000,0.000000
0.000000,0.000000,-0.016538,-0.049728,0.000000,-0.013473,0.000000,0.000000,0.000000,0.000000
0.000000,0.000000,-0.016851,-0.049901,0.000000,-0.013649,0.000000,0.000000,0.000000,0.000000
0.000000,0.000000,-0.017175,-0.050068,0.000000,-0.013834,0.000000,0.000000,0.000000,0.000000
0.000000,0.000000,-0.017488,-0.050183,0.000000,-0.014005,0.000000,0.000000,0.000000,0.000000
0.000000,0.000000,-0.017805,-0.050335,0.000000,-0.014178,0.000000,0.000000,0.000000,0.000000
0.000000,0.000000,-0.018108,-0.050431,0.000000,-0.014337,0.000000,0.000000,0.000000,0.000000
0.000000,0.000000,-0.018720,-0.050654,0.000000,-0.014800,0.000000,0.000000,0.000000,0.000000
0.000000,0.000000,-0.019036,-0.050741,0.000000,-0.014965,0.000000,0.000000,0.000000,0.000000
0.000000,0.000000,-0.019332,-0.050815,0.000000,-0.015108,0.000000,0.000000,0.000000,0.000000
0.000000,0.000000,-0.019638,-0.051120,0.000000,-0.015260,0.000000,0.000000,0.000000,0.000000
0.000000,0.000000,-0.019934,-0.051379,0.000000,-0.015400,0.000000,0.000000,0.000000,0.000000
0.000000,0.000000,-0.020242,-0.051627,0.000000,-0.015551,0.000000,0.000000,0.000000,0.000000
0.000000,0.000000,-0.020534,-0.051853,0.000000,-0.015684,0.000000,0.000000,0.000000,0.000000
0.000000,0.000000,-0.021129,-0.052153,0.000000,-0.016116,0.000000,0.000000,0.000000,0.000000
0.000000,0.000000,-0.021428,-0.052354,0.000000,-0.016252,0.000000,0.000000,0.000000,0.000000
0.000000,0.000000,-0.021720,-0.052519,0.000000,-0.016378,0.000000,0.000000,0.000000,0.000000
0.000000,0.000000,-0.022019,-0.052681,0.000000,-0.016510,0.000000,0.000000,0.000000,0.000000
0.000000,0.000000,-0.022303,-0.052793,0.000000,-0.016626,0.000000,0.000000,0.000000,0.000000
0.000000,0.000000,-0.022598,-0.052885,0.000000,-0.016752,0.000000,0.000000,0.000000,0.000000
0.000000,0.000000,-0.022877,-0.052975,0.000000,-0.016861,0.000000,0.000000,0.000000,0.000000
0.000000,0.000000,-0.023440,-0.053147,0.000000,-0.017249,0.000000,0.000000,0.000000,0.000000
0.000000,0.000000,-0.023729,-0.053218,0.000000,-0.017363,0.000000,0.000000,0.000000,0.000000
0.000000,0.000000,-0.024007,-0.053326,0.000000,-0.017465,0.000000,0.000000,0.000000,0.000000
0.000000,0.000000,-0.024281,-0.053390,0.000000,-0.017561,0.000000,0.000000,0.000000,0.000000
0.000000,0.000000,-0.024549,-0.053426,0.000000,-0.017651,0.000000,0.000000,0.000000,0.000000
0.000000,0.000000,-0.024825,-0.053499,0.000000,-0.017748,0.000000,0.000000,0.000000,0.000000
0.000000,0.000000,-0.025088,-0.053581,0.000000,-0.017831,0.000000,0.000000,0.000000,0.000000
0.000000,0.000000,-0.025617,-0.053781,0.000000,-0.018176,0.000000,0.000000,0.000000,0.000000
0.000000,0.000000,-0.025886,-0.053820,0.000000,-0.018261,0.000000,0.000000,0.000000,0.000000
0.000000,0.000000,-0.026143,-0.053825,0.000000,-0.018332,0.000000,0.000000,0.000000,0.000000
0.000000,0.000000,-0.026406,-0.053800,0.000000,-0.018410,0.000000,0.000000,0.000000,0.000000
0.000000,0.000000,-0.026655,-0.053752,0.000000,-0.018472,0.000000,0.000000,0.000000,0.000000
0.000000,0.000000,-0.026904,-0.053737,0.000000,-0.018533,0.000000,0.000000,0.000000,0.000000
0.000000,0.000000,-0.027163,-0.053740,0.000000,-0.018604,0.000000,0.000000,0.000000,0.000000
0.000000,0.000000,-0.027637,-0.053664,0.000000,-0.018888,0.000000,0.000000,0.000000,0.000000
0.000000,0.000000,-0.027887,-0.053661,0.000000,-0.018947,0.000000,0.000000,0.000000,0.000000
0.000000,0.000000,-0.028122,-0.053629,0.000000,-0.018990,0.000000,0.000000,0.000000,0.000000
0.000000,0.000000,-0.028356,-0.053429,0.000000,-0.019031,0.000000,0.000000,0.000000,0.000000
0.000000,0.000000,-0.028582,-0.053474,0.000000,-0.019065,0.000000,0.000000,0.000000,0.000000
0.000000,0.000000,-0.028807,-0.053431,0.000000,-0.019097,0.000000,0.000000,0.000000,0.000000
0.000000,0.000000,-0.029031,-0.053343,0.000000,-0.019128,0.000000,0.000000,0.000000,0.000000
0.000000,0.000000,-0.029467,-0.053170,0.000000,-0.019369,0.000000,0.000000,0.000000,0.000000
0.000000,0.000000,-0.029690,-0.053096,0.000000,-0.019395,0.000000,0.000000,0.000000,0.000000
0.000000,0.000000,-0.029899,-0.052841,0.000000,-0.019408,0.000000,0.000000,0.000000,0.000000
0.000000,0.000000,-0.030102,-0.052635,0.000000,-0.019415,0.000000,0.000000,0.000000,0.000000
0.000000,0.000000,-0.030304,-0.052549,0.000000,-0.019421,0.000000,0.000000,0.000000,0.000000
0.000000,0.000000,-0.030509,-0.052500,0.000000,-0.019430,0.000000,0.000000,0.000000,0.000000
0.000000,0.000000,-0.030702,-0.052471,0.000000,-0.019427,0.000000,0.000000,0.000000,0.000000
0.000000,0.000000,-0.031089,-0.052424,0.000000,-0.019615,0.000000,0.000000,0.000000,0.000000
0.000000,0.000000,-0.031287,-0.052386,0.000000,-0.019615,0.000000,0.000000,0.000000,0.000000
0.000000,0.000000,-0.031474,-0.052376,0.000000,-0.019605,0.000000,0.000000,0.000000,0.000000
0.000000,0.000000,-0.031664,-0.052514,0.000000,-0.019597,0.000000,0.000000,0.000000,0.000000
0.000000,0.000000,-0.031851,-0.052681,0.000000,-0.019585,0.000000,0.000000,0.000000,0.000000
0.000000,0.000000,-0.032037,-0.052851,0.000000,-0.019574,0.000000,0.000000,0.000000,0.000000
0.000000,0.000000,-0.032225,-0.052958,0.000000,-0.019564,0.000000,0.000000,0.000000,0.000000
0.000000,0.000000,-0.032594,-0.053196,0.000000,-0.019734,0.000000,0.000000,0.000000,0.000000
0.000000,0.000000,-0.032783,-0.053364,0.000000,-0.019723,0.000000,0.000000,0.000000,0.000000
0.000000,0.000000,-0.032967,-0.053473,0.000000,-0.019709,0.000000,0.000000,0.000000,0.000000
0.000000,0.000000,-0.033153,-0.053557,0.000000,-0.019696,0.000000,0.000000,0.000000,0.000000
0.000000,0.000000,-0.033332,-0.053638,0.000000,-0.019675,0.000000,0.000000,0.000000,0.000000
0.000000,0.000000,-0.033505,-0.053694,0.000000,-0.019650,0.000000,0.000000,0.000000,0.000000
0.000000,0.000000,-0.033691,-0.053946,0.000000,-0.019638,0.000000,0.000000,0.000000,0.000000
0.000000,0.000000,-0.034049,-0.054292,0.000000,-0.019796,0.000000,0.000000,0.000000,0.000000
0.000000,0.000000,-0.034238,-0.054426,0.000000,-0.019785,0.000000,0.000000,0.000000,0.000000
0.000000,0.000000,-0.034413,-0.054531,0.000000,-0.019761,0.000000,0.000000,0.000000,0.000000
0.000000,0.000000,-0.034589,-0.054622,0.000000,-0.019737,0.000000,0.000000,0.000000,0.000000
0.000000,0.000000,-0.034765,-0.054693,0.000000,-0.019714,0.000000,0.000000,0.000000,0.000000
0.000000,0.000000,-0.034945,-0.054749,0.000000,-0.019695,0.000000,0.000000,0.000000,0.000000
0.000000,0.000000,-0.035116,-0.054786,0.000000,-0.019667,0.000000,0.000000,0.000000,0.000000
0.000000,0.000000,-0.035463,-0.055119,0.000000,-0.019814,0.000000,0.000000,0.000000,0.000000
0.000000,0.000000,-0.035643,-0.055234,0.000000,-0.019794,0.000000,0.000000,0.000000,0.000000
0.000000,0.000000,-0.035812,-0.055360,0.000000,-0.019764,0.000000,0.000000,0.000000,0.000000
0.000000,0.000000,-0.035983,-0.055492,0.000000,-0.019735,0.000000,0.000000,0.000000,0.000000
0.000000,0.000000,-0.036152,-0.055595,0.000000,-0.019706,0.000000,0.000000,0.000000,0.000000
0.000000,0.000000,-0.036330,-0.055710,0.000000,-0.019684,0.000000,0.000000,0.000000,0.000000
0.000000,0.000000,-0.036501,-0.055898,0.000000,-0.019657,0.000000,0.000000,0.000000,0.000000
0.000000,0.000000,-0.036834,-0.056134,0.000000,-0.019790,0.000000,0.000000,0.000000,0.000000
0.000000,0.000000,-0.037009,-0.056285,0.000000,-0.019766,0.000000,0.000000,0.000000,0.000000
0.000000,0.000000,-0.037176,-0.056420,0.000000,-0.019733,0.000000,0.000000,0.000000,0.000000
0.000000,0.000000,-0.037342,-0.056540,0.000000,-0.019700,0.000000,0.000000,0.000000,0.000000
0.000000,0.000000,-0.037519,-0.056638,0.000000,-0.019678,0.000000,0.000000,0.000000,0.000000
0.000000,0.000000,-0.037841,-0.056738,0.000000,-0.019801,0.000000,0.000000,0.000000,0.000000
0.000000,0.000000,-0.038009,-0.056662,0.000000,-0.019768,0.000000,0.000000,0.000000,0.000000
0.000000,0.000000,-0.038325,-0.056534,0.000000,-0.019883,0.000000,0.000000,0.000000,0.000000
0.000000,0.000000,-0.038487,-0.056482,0.000000,-0.019846,0.000000,0.000000,0.000000,0.000000
0.000000,0.000000,-0.038642,-0.056483,0.000000,-0.019800,0.000000,0.000000,0.000000,0.000000
0.000000,0.000000,-0.038794,-0.056547,0.000000,-0.019753,0.000000,0.000000,0.000000,0.000000
0.000000,0.000000,-0.038950,-0.056546,0.000000,-0.019709,0.000000,0.000000,0.000000,0.000000
0.000000,0.000000,-0.039098,-0.056586,0.000000,-0.019659,0.000000,0.000000,0.000000,0.000000
0.000000,0.000000,-0.039248,-0.056673,0.000000,-0.019611,0.000000,0.000000,0.000000,0.000000
0.000000,0.000000,-0.039545,-0.056740,0.000000,-0.019709,0.000000,0.000000,0.000000,0.000000
0.000000,0.000000,-0.039695,-0.056740,0.000000,-0.019660,0.000000,0.000000,0.000000,0.000000
0.000000,0.000000,-0.039839,-0.056738,0.000000,-0.019607,0.000000,0.000000,0.000000,0.000000
0.000000,0.000000,-0.039987,-0.056762,0.000000,-0.019557,0.000000,0.000000,0.000000,0.000000
0.000000,0.000000,-0.040128,-0.056778,0.000000,-0.019501,0.000000,0.000000,0.000000,0.000000
0.000000,0.000000,-0.040269,-0.056793,0.000000,-0.019445,0.000000,0.000000,0.000000,0.000000
0.000000,0.000000,-0.040406,-0.056775,0.000000,-0.019387,0.000000,0.000000,0.000000,0.000000
0.000000,0.000000,-0.040681,-0.056823,0.000000,-0.019465,0.000000,0.000000,0.000000,0.000000
0.000000,0.000000,-0.040822,-0.056768,0.000000,-0.019410,0.000000,0.000000,0.000000,0.000000
0.000000,0.000000,-0.040953,-0.056709,0.000000,-0.019345,0.000000,0.000000,0.000000,0.000000
0.000000,0.000000,-0.041083,-0.056669,0.000000,-0.019281,0.000000,0.000000,0.000000,0.000000
0.000000,0.000000,-0.041216,-0.056684,0.000000,-0.019220,0.000000,0.000000,0.000000,0.000000
0.000000,0.000000,-0.041349,-0.056667,0.000000,-0.019159,0.000000,0.000000,0.000000,0.000000
0.000000,0.000000,-0.041473,-0.056642,0.000000,-0.019090,0.000000,0.000000,0.000000,0.000000
0.000000,0.000000,-0.041717,-0.056588,0.000000,-0.019141,0.000000,0.000000,0.000000,0.000000
0.000000,0.000000,-0.041843,-0.056565,0.000000,-0.019074,0.000000,0.000000,0.000000,0.000000
0.000000,0.000000,-0.041962,-0.056574,0.000000,-0.019002,0.000000,0.000000,0.000000,0.000000
0.000000,0.000000,-0.042082,-0.056612,0.000000,-0.018930,0.000000,0.000000,0.000000,0.000000
0.000000,0.000000,-0.042204,-0.056601,0.000000,-0.018862,0.000000,0.000000,0.000000,0.000000
0.000000,0.000000,-0.042318,-0.056541,0.000000,-0.018786,0.000000,0.000000,0.000000,0.000000
0.000000,0.000000,-0.042435,-0.056440,0.000000,-0.018714,0.000000,0.000000,0.000000,0.000000
0.000000,0.000000,-0.042652,-0.056154,0.000000,-0.018741,0.000000,0.000000,0.000000,0.000000
0.000000,0.000000,-0.042763,-0.056006,0.000000,-0.018664,0.000000,0.000000,0.000000,0.000000
0.000000,0.000000,-0.042867,-0.055870,0.000000,-0.018580,0.000000,0.000000,0.000000,0.000000
0.000000,0.000000,-0.042968,-0.055758,0.000000,-0.018494,0.000000,0.000000,0.000000,0.000000
0.000000,0.000000,-0.043067,-0.055616,0.000000,-0.018407,0.000000,0.000000,0.000000,0.000000
0.000000,0.000000,-0.043166,-0.055455,0.000000,-0.018322,0.000000,0.000000,0.000000,0.000000
0.000000,0.000000,-0.043259,-0.055353,0.000000,-0.018231,0.000000,0.000000,0.000000,0.000000
0.000000,0.000000,-0.043442,-0.055190,0.000000,-0.018229,0.000000,0.000000,0.000000,0.000000
0.000000,0.000000,-0.043535,-0.055140,0.000000,-0.018139,0.000000,0.000000,0.000000,0.000000
0.000000,0.000000,-0.043623,-0.055106,0.000000,-0.018044,0.000000,0.000000,0.000000,0.000000
0.000000,0.000000,-0.043712,-0.055081,0.000000,-0.017952,0.000000,0.000000,0.000000,0.000000
0.000000,0.000000,-0.043800,-0.055052,0.000000,-0.017859,0.000000,0.000000,0.000000,0.000000
0.000000,0.000000,-0.043884,-0.055060,0.000000,-0.017764,0.000000,0.000000,0.000000,0.000000
0.000000,0.000000,-0.043969,-0.054998,0.000000,-0.017671,0.000000,0.000000,0.000000,0.000000
0.000000,0.000000,-0.044128,-0.054841,0.000000,-0.017652,0.000000,0.000000,0.000000,0.000000
0.000000,0.000000,-0.044208,-0.054674,0.000000,-0.017554,0.000000,0.000000,0.000000,0.000000
0.000000,0.000000,-0.044282,-0.054439,0.000000,-0.017452,0.000000,0.000000,0.000000,0.000000
0.000000,0.000000,-0.044357,-0.054210,0.000000,-0.017351,0.000000,0.000000,0.000000,0.000000
0.000000,0.000000,-0.044424,-0.054008,0.000000,-0.017244,0.000000,0.000000,0.000000,0.000000
0.000000,0.000000,-0.044493,-0.053897,0.000000,-0.017140,0.000000,0.000000,0.000000,0.000000
0.000000,0.000000,-0.044557,-0.053852,0.000000,-0.017033,0.000000,0.000000,0.000000,0.000000
0.000000,0.000000,-0.044685,-0.053738,0.000000,-0.016989,0.000000,0.000000,0.000000,0.000000
0.000000,0.000000,-0.044753,-0.053905,0.000000,-0.016886,0.000000,0.000000,0.000000,0.000000
0.000000,0.000000,-0.044818,-0.054087,0.000000,-0.016782,0.000000,0.000000,0.000000,0.000000
0.000000,0.000000,-0.044884,-0.054264,0.000000,-0.016679,0.000000,0.000000,0.000000,0.000000
0.000000,0.000000,-0.044952,-0.054467,0.000000,-0.016580,0.000000,0.000000,0.000000,0.000000
0.000000,0.000000,-0.045021,-0.054415,0.000000,-0.016482,0.000000,0.000000,0.000000,0.000000
0.000000,0.000000,-0.045086,-0.054398,0.000000,-0.016382,0.000000,0.000000,0.000000,0.000000
0.000000,0.000000,-0.045214,-0.054353,0.000000,-0.016344,0.000000,0.000000,0.000000,0.000000
0.000000,0.000000,-0.045279,-0.054311,0.000000,-0.016245,0.000000,0.000000,0.000000,0.000000
0.000000,0.000000,-0.045340,-0.054199,0.000000,-0.016143,0.000000,0.000000,0.000000,0.000000
0.000000,0.000000,-0.045402,-0.054106,0.000000,-0.016044,0.000000,0.000000,0.000000,0.000000
0.000000,0.000000,-0.045461,-0.054083,0.000000,-0.015941,0.000000,0.000000,0.000000,0.000000
0.000000,0.000000,-0.045517,-0.054014,0.000000,-0.015837,0.000000,0.000000,0.000000,0.000000
0.000000,0.000000,-0.045573,-0.053874,0.000000,-0.015735,0.000000,0.000000,0.000000,0.000000
0.000000,0.000000,-0.045678,-0.053672,0.000000,-0.015681,0.000000,0.000000,0.000000,0.000000
0.000000,0.000000,-0.045730,-0.053546,0.000000,-0.015576,0.000000,0.000000,0.000000,0.000000
0.000000,0.000000,-0.045779,-0.053439,0.000000,-0.015468,0.000000,0.000000,0.000000,0.000000
0.000000,0.000000,-0.045827,-0.053405,0.000000,-0.015361,0.000000,0.000000,0.000000,0.000000
0.000000,0.000000,-0.045876,-0.053432,0.000000,-0.015257,0.000000,0.000000,0.000000,0.000000
0.000000,0.000000,-0.045923,-0.053468,0.000000,-0.015150,0.000000,0.000000,0.000000,0.000000
0.000000,0.000000,-0.045971,-0.053506,0.000000,-0.015046,0.000000,0.000000,0.000000,0.000000
0.000000,0.000000,-0.046067,-0.053625,0.000000,-0.014991,0.000000,0.000000,0.000000,0.000000
0.000000,0.000000,-0.046117,-0.053732,0.000000,-0.014891,0.000000,0.000000,0.000000,0.000000
0.000000,0.000000,-0.046165,-0.053743,0.000000,-0.014789,0.000000,0.000000,0.000000,0.000000
0.000000,0.000000,-0.046212,-0.053712,0.000000,-0.014688,0.000000,0.000000,0.000000,0.000000
0.000000,0.000000,-0.046258,-0.053637,0.000000,-0.014586,0.000000,0.000000,0.000000,0.000000
0.000000,0.000000,-0.046304,-0.053550,0.000000,-0.014486,0.000000,0.000000,0.000000,0.000000
0.000000,0.000000,-0.046347,-0.053502,0.000000,-0.014384,0.000000,0.000000,0.000000,0.000000
0.000000,0.000000,-0.046429,-0.053305,0.000000,-0.014321,0.000000,0.000000,0.000000,0.000000
0.000000,0.000000,-0.046469,-0.053260,0.000000,-0.014218,0.000000,0.000000,0.000000,0.000000
0.000000,0.000000,-0.046509,-0.053229,0.000000,-0.014115,0.000000,0.000000,0.000000,0.000000
0.000000,0.000000,-0.046548,-0.053200,0.000000,-0.014012,0.000000,0.000000,0.000000,0.000000
0.000000,0.000000,-0.046586,-0.053168,0.000000,-0.013910,0.000000,0.000000,0.000000,0.000000
0.000000,0.000000,-0.046623,-0.053155,0.000000,-0.013808,0.000000,0.000000,0.000000,0.000000
0.000000,0.000000,-0.046660,-0.053121,0.000000,-0.013706,0.000000,0.000000,0.000000,0.000000
0.000000,0.000000,-0.046729,-0.052995,0.000000,-0.013637,0.000000,0.000000,0.000000,0.000000
0.000000,0.000000,-0.046764,-0.052935,0.000000,-0.013536,0.000000,0.000000,0.000000,0.000000
0.000000,0.000000,-0.046797,-0.052864,0.000000,-0.013433,0.000000,0.000000,0.000000,0.000000
0.000000,0.000000,-0.046829,-0.052836,0.000000,-0.013330,0.000000,0.000000,0.000000,0.000000
0.000000,0.000000,-0.000073,-0.007946,0.000000,-0.000073,0.000000,0.000000,0.000000,0.000000
0.000000,0.000000,-0.000231,-0.015127,0.000000,-0.000228,0.000000,0.000000,0.000000,0.000000
0.000000,0.000000,-0.000426,-0.020383,0.000000,-0.000419,0.000000,0.000000,0.000000,0.000000
0.000000,0.000000,-0.000659,-0.024472,0.000000,-0.000646,0.000000,0.000000,0.000000,0.000000
0.000000,0.000000,-0.000933,-0.027912,0.000000,-0.000910,0.000000,0.000000,0.000000,0.000000
0.000000,0.000000,-0.001222,-0.030586,0.000000,-0.001187,0.000000,0.000000,0.000000,0.000000
0.000000,0.000000,-0.001870,-0.034629,0.000000,-0.001817,0.000000,0.000000,0.000000,0.000000
0.000000,0.000000,-0.002220,-0.036148,0.000000,-0.002145,0.000000,0.000000,0.000000,0.000000
0.000000,0.000000,-0.002558,-0.037358,0.000000,-0.002458,0.000000,0.000000,0.000000,0.000000
0.000000,0.000000,-0.002934,-0.038613,0.000000,-0.002806,0.000000,0.000000,0.000000,0.000000
0.000000,0.000000,-0.003647,-0.040356,0.000000,-0.003483,0.000000,0.000000,0.000000,0.000000
0.000000,0.000000,-0.004025,-0.040927,0.000000,-0.003823,0.000000,0.000000,0.000000,0.000000
0.000000,0.000000,-0.004387,-0.041430,0.000000,-0.004143,0.000000,0.000000,0.000000,0.000000
0.000000,0.000000,-0.005129,-0.042273,0.000000,-0.004837,0.000000,0.000000,0.000000,0.000000
0.000000,0.000000,-0.005514,-0.042765,0.000000,-0.005170,0.000000,0.000000,0.000000,0.000000
0.000000,0.000000,-0.005884,-0.042971,0.000000,-0.005483,0.000000,0.000000,0.000000,0.000000
0.000000,0.000000,-0.006245,-0.043051,0.000000,-0.005786,0.000000,0.000000,0.000000,0.000000
0.000000,0.000000,-0.006608,-0.043092,0.000000,-0.006088,0.000000,0.000000,0.000000,0.000000
0.000000,0.000000,-0.006972,-0.043315,0.000000,-0.006388,0.000000,0.000000,0.000000,0.000000
0.000000,0.000000,-0.007330,-0.043638,0.000000,-0.006678,0.000000,0.000000,0.000000,0.000000
0.000000,0.000000,-0.008047,-0.044014,0.000000,-0.007321,0.000000,0.000000,0.000000,0.000000
0.000000,0.000000,-0.008414,-0.044100,0.000000,-0.007611,0.000000,0.000000,0.000000,0.000000
0.000000,0.000000,-0.008759,-0.044181,0.000000,-0.007877,0.000000,0.000000,0.000000,0.000000
0.000000,0.000000,-0.009107,-0.044287,0.000000,-0.008142,0.000000,0.000000,0.000000,0.000000
0.000000,0.000000,-0.009461,-0.044360,0.000000,-0.008412,0.000000,0.000000,0.000000,0.000000
0.000000,0.000000,-0.009809,-0.044415,0.000000,-0.008671,0.000000,0.000000,0.000000,0.000000
0.000000,0.000000,-0.010142,-0.044449,0.000000,-0.008914,0.000000,0.000000,0.000000,0.000000
0.000000,0.000000,-0.010801,-0.044364,0.000000,-0.009477,0.000000,0.000000,0.000000,0.000000
0.000000,0.000000,-0.011140,-0.044357,0.000000,-0.009719,0.000000,0.000000,0.000000,0.000000
0.000000,0.000000,-0.011467,-0.044365,0.000000,-0.009945,0.000000,0.000000,0.000000,0.000000
0.000000,0.000000,-0.011783,-0.044371,0.000000,-0.010158,0.000000,0.000000,0.000000,0.000000
0.000000,0.000000,-0.012108,-0.044456,0.000000,-0.010379,0.000000,0.000000,0.000000,0.000000
0.000000,0.000000,-0.012423,-0.044665,0.000000,-0.010587,0.000000,0.000000,0.000000,0.000000
0.000000,0.000000,-0.012735,-0.044903,0.000000,-0.010789,0.000000,0.000000,0.000000,0.000000
0.000000,0.000000,-0.013362,-0.045313,0.000000,-0.011303,0.000000,0.000000,0.000000,0.000000
0.000000,0.000000,-0.013690,-0.045418,0.000000,-0.011514,0.000000,0.000000,0.000000,0.000000
0.000000,0.000000,-0.013997,-0.045536,0.000000,-0.011703,0.000000,0.000000,0.000000,0.000000
0.000000,0.000000,-0.014301,-0.045586,0.000000,-0.011888,0.000000,0.000000,0.000000,0.000000
0.000000,0.000000,-0.014600,-0.045632,0.000000,-0.012064,0.000000,0.000000,0.000000,0.000000
0.000000,0.000000,-0.014901,-0.045638,0.000000,-0.012242,0.000000,0.000000,0.000000,0.000000
0.000000,0.000000,-0.015198,-0.045642,0.000000,-0.012413,0.000000,0.000000,0.000000,0.000000
0.000000,0.000000,-0.015784,-0.045706,0.000000,-0.012869,0.000000,0.000000,0.000000,0.000000
0.000000,0.000000,-0.016085,-0.045842,0.000000,-0.013038,0.000000,0.000000,0.000000,0.000000
0.000000,0.000000,-0.016375,-0.046013,0.000000,-0.013195,0.000000,0.000000,0.000000,0.000000
0.000000,0.000000,-0.016657,-0.046163,0.000000,-0.013343,0.000000,0.000000,0.000000,0.000000
0.000000,0.000000,-0.016948,-0.046284,0.000000,-0.013497,0.000000,0.000000,0.000000,0.000000
0.000000,0.000000,-0.017226,-0.046356,0.000000,-0.013637,0.000000,0.000000,0.000000,0.000000
0.000000,0.000000,-0.017504,-0.046321,0.000000,-0.013776,0.000000,0.000000,0.000000,0.000000
0.000000,0.000000,-0.018058,-0.046460,0.000000,-0.014187,0.000000,0.000000,0.000000,0.000000
0.000000,0.000000,-0.018334,-0.046553,0.000000,-0.014318,0.000000,0.000000,0.000000,0.000000
0.000000,0.000000,-0.018607,-0.046623,0.000000,-0.014446,0.000000,0.000000,0.000000,0.000000
0.000000,0.000000,-0.018876,-0.046614,0.000000,-0.014567,0.000000,0.000000,0.000000,0.000000
0.000000,0.000000,-0.019146,-0.046433,0.000000,-0.014688,0.000000,0.000000,0.000000,0.000000
0.000000,0.000000,-0.019409,-0.046201,0.000000,-0.014803,0.000000,0.000000,0.000000,0.000000
0.000000,0.000000,-0.019661,-0.046037,0.000000,-0.014903,0.000000,0.000000,0.000000,0.000000
0.000000,0.000000,-0.020149,-0.045850,0.000000,-0.015238,0.000000,0.000000,0.000000,0.000000
0.000000,0.000000,-0.020403,-0.045847,0.000000,-0.015337,0.000000,0.000000,0.000000,0.000000
0.000000,0.000000,-0.020637,-0.045891,0.000000,-0.015415,0.000000,0.000000,0.000000,0.000000
0.000000,0.000000,-0.020890,-0.045908,0.000000,-0.015512,0.000000,0.000000,0.000000,0.000000
0.000000,0.000000,-0.021124,-0.045922,0.000000,-0.015588,0.000000,0.000000,0.000000,0.000000
0.000000,0.000000,-0.021360,-0.045907,0.000000,-0.015666,0.000000,0.000000,0.000000,0.000000
0.000000,0.000000,-0.021588,-0.045883,0.000000,-0.015734,0.000000,0.000000,0.000000,0.000000
0.000000,0.000000,-0.022043,-0.045964,0.000000,-0.016029,0.000000,0.000000,0.000000,0.000000
0.000000,0.000000,-0.022278,-0.046077,0.000000,-0.016101,0.000000,0.000000,0.000000,0.000000
0.000000,0.000000,-0.022502,-0.046277,0.000000,-0.016161,0.000000,0.000000,0.000000,0.000000
0.000000,0.000000,-0.022735,-0.046348,0.000000,-0.016230,0.000000,0.000000,0.000000,0.000000
0.000000,0.000000,-0.022954,-0.046367,0.000000,-0.016284,0.000000,0.000000,0.000000,0.000000
0.000000,0.000000,-0.023169,-0.046332,0.000000,-0.016335,0.000000,0.000000,0.000000,0.000000
0.000000,0.000000,-0.023391,-0.046259,0.000000,-0.016391,0.000000,0.000000,0.000000,0.000000
0.000000,0.000000,-0.023812,-0.046263,0.000000,-0.016644,0.000000,0.000000,0.000000,0.000000
0.000000,0.000000,-0.024032,-0.046341,0.000000,-0.016695,0.000000,0.000000,0.000000,0.000000
0.000000,0.000000,-0.024236,-0.046420,0.000000,-0.016730,0.000000,0.000000,0.000000,0.000000
0.000000,0.000000,-0.024451,-0.046367,0.000000,-0.016776,0.000000,0.000000,0.000000,0.000000
0.000000,0.000000,-0.024653,-0.046313,0.000000,-0.016808,0.000000,0.000000,0.000000,0.000000
0.000000,0.000000,-0.024851,-0.046267,0.000000,-0.016836,0.000000,0.000000,0.000000,0.000000
0.000000,0.000000,-0.025234,-0.046258,0.000000,-0.017047,0.000000,0.000000,0.000000,0.000000
0.000000,0.000000,-0.025641,-0.046362,0.000000,-0.017280,0.000000,0.000000,0.000000,0.000000
0.000000,0.000000,-0.025842,-0.046348,0.000000,-0.017306,0.000000,0.000000,0.000000,0.000000
0.000000,0.000000,-0.026031,-0.046345,0.000000,-0.017319,0.000000,0.000000,0.000000,0.000000
0.000000,0.000000,-0.026226,-0.046405,0.000000,-0.017339,0.000000,0.000000,0.000000,0.000000
0.000000,0.000000,-0.026412,-0.046476,0.000000,-0.017350,0.000000,0.000000,0.000000,0.000000
0.000000,0.000000,-0.026598,-0.046582,0.000000,-0.017361,0.000000,0.000000,0.000000,0.000000
0.000000,0.000000,-0.026790,-0.046718,0.000000,-0.017378,0.000000,0.000000,0.000000,0.000000
0.000000,0.000000,-0.027158,-0.046931,0.000000,-0.017568,0.000000,0.000000,0.000000,0.000000
0.000000,0.000000,-0.027351,-0.047039,0.000000,-0.017583,0.000000,0.000000,0.000000,0.000000
0.000000,0.000000,-0.027537,-0.047159,0.000000,-0.017591,0.000000,0.000000,0.000000,0.000000
0.000000,0.000000,-0.027717,-0.047263,0.000000,-0.017594,0.000000,0.000000,0.000000,0.000000
0.000000,0.000000,-0.027901,-0.047371,0.000000,-0.017600,0.000000,0.000000,0.000000,0.000000
0.000000,0.000000,-0.028079,-0.047500,0.000000,-0.017600,0.000000,0.000000,0.000000,0.000000
0.000000,0.000000,-0.028263,-0.047592,0.000000,-0.017606,0.000000,0.000000,0.000000,0.000000
0.000000,0.000000,-0.028626,-0.047990,0.000000,-0.017790,0.000000,0.000000,0.000000,0.000000
0.000000,0.000000,-0.028937,-0.048301,0.000000,-0.017919,0.000000,0.000000,0.000000,0.000000
0.000000,0.000000,-0.029170,-0.048432,0.000000,-0.017971,0.000000,0.000000,0.000000,0.000000
0.000000,0.000000,-0.029356,-0.048513,0.000000,-0.017976,0.000000,0.000000,0.000000,0.000000
0.000000,0.000000,-0.029532,-0.048610,0.000000,-0.017970,0.000000,0.000000,0.000000,0.000000
0.000000,0.000000,-0.029716,-0.048763,0.000000,-0.017973,0.000000,0.000000,0.000000,0.000000
0.000000,0.000000,-0.029891,-0.048900,0.000000,-0.017966,0.000000,0.000000,0.000000,0.000000
0.000000,0.000000,-0.030245,-0.049168,0.000000,-0.018137,0.000000,0.000000,0.000000,0.000000
0.000000,0.000000,-0.030424,-0.049359,0.000000,-0.018133,0.000000,0.000000,0.000000,0.000000
0.000000,0.000000,-0.030605,-0.049475,0.000000,-0.018131,0.000000,0.000000,0.000000,0.000000
0.000000,0.000000,-0.030779,-0.049563,0.000000,-0.018121,0.000000,0.000000,0.000000,0.000000
0.000000,0.000000,-0.030952,-0.049643,0.000000,-0.018112,0.000000,0.000000,0.000000,0.000000
0.000000,0.000000,-0.031130,-0.049692,0.000000,-0.018106,0.000000,0.000000,0.000000,0.000000
0.000000,0.000000,-0.031297,-0.049680,0.000000,-0.018091,0.000000,0.000000,0.000000,0.000000
0.000000,0.000000,-0.031634,-0.049733,0.000000,-0.018244,0.000000,0.000000,0.000000,0.000000
0.000000,0.000000,-0.031810,-0.049811,0.000000,-0.018235,0.000000,0.000000,0.000000,0.000000
0.000000,0.000000,-0.031974,-0.049897,0.000000,-0.018216,0.000000,0.000000,0.000000,0.000000
0.000000,0.000000,-0.032137,-0.049992,0.000000,-0.018195,0.000000,0.000000,0.000000,0.000000
0.000000,0.000000,-0.032301,-0.050094,0.000000,-0.018175,0.000000,0.000000,0.000000,0.000000
0.000000,0.000000,-0.032469,-0.050180,0.000000,-0.018159,0.000000,0.000000,0.000000,0.000000
0.000000,0.000000,-0.032632,-0.050230,0.000000,-0.018140,0.000000,0.000000,0.000000,0.000000
0.000000,0.000000,-0.032948,-0.050264,0.000000,-0.018271,0.000000,0.000000,0.000000,0.000000
0.000000,0.000000,-0.033112,-0.050278,0.000000,-0.018250,0.000000,0.000000,0.000000,0.000000
0.000000,0.000000,-0.033265,-0.050289,0.000000,-0.018220,0.000000,0.000000,0.000000,0.000000
0.000000,0.000000,-0.033422,-0.050253,0.000000,-0.018193,0.000000,0.000000,0.000000,0.000000
0.000000,0.000000,-0.033574,-0.050226,0.000000,-0.018161,0.000000,0.000000,0.000000,0.000000
0.000000,0.000000,-0.000071,-0.007655,0.000000,-0.000070,0.000000,0.000000,0.000000,0.000000
0.000000,0.000000,-0.000413,-0.019813,0.000000,-0.000406,0.000000,0.000000,0.000000,0.000000
0.000000,0.000000,-0.000923,-0.027649,0.000000,-0.000907,0.000000,0.000000,0.000000,0.000000
0.000000,0.000000,-0.001254,-0.031299,0.000000,-0.001226,0.000000,0.000000,0.000000,0.000000
0.000000,0.000000,-0.001586,-0.033999,0.000000,-0.001542,0.000000,0.000000,0.000000,0.000000
0.000000,0.000000,-0.002289,-0.038007,0.000000,-0.002223,0.000000,0.000000,0.000000,0.000000
0.000000,0.000000,-0.002673,-0.039663,0.000000,-0.002580,0.000000,0.000000,0.000000,0.000000
0.000000,0.000000,-0.003044,-0.040955,0.000000,-0.002921,0.000000,0.000000,0.000000,0.000000
0.000000,0.000000,-0.003455,-0.042114,0.000000,-0.003300,0.000000,0.000000,0.000000,0.000000
0.000000,0.000000,-0.004223,-0.043520,0.000000,-0.004026,0.000000,0.000000,0.000000,0.000000
0.000000,0.000000,-0.004628,-0.044044,0.000000,-0.004388,0.000000,0.000000,0.000000,0.000000
0.000000,0.000000,-0.005017,-0.044540,0.000000,-0.004729,0.000000,0.000000,0.000000,0.000000
0.000000,0.000000,-0.005813,-0.045291,0.000000,-0.005469,0.000000,0.000000,0.000000,0.000000
0.000000,0.000000,-0.006211,-0.045341,0.000000,-0.005809,0.000000,0.000000,0.000000,0.000000
0.000000,0.000000,-0.006602,-0.045388,0.000000,-0.006138,0.000000,0.000000,0.000000,0.000000
0.000000,0.000000,-0.006987,-0.045417,0.000000,-0.006458,0.000000,0.000000,0.000000,0.000000
0.000000,0.000000,-0.007379,-0.045414,0.000000,-0.006781,0.000000,0.000000,0.000000,0.000000
0.000000,0.000000,-0.007749,-0.045399,0.000000,-0.007079,0.000000,0.000000,0.000000,0.000000
0.000000,0.000000,-0.008120,-0.045429,0.000000,-0.007376,0.000000,0.000000,0.000000,0.000000
0.000000,0.000000,-0.008855,-0.045421,0.000000,-0.008030,0.000000,0.000000,0.000000,0.000000
0.000000,0.000000,-0.009555,-0.045448,0.000000,-0.008642,0.000000,0.000000,0.000000,0.000000
0.000000,0.000000,-0.009954,-0.045477,0.000000,-0.008951,0.000000,0.000000,0.000000,0.000000
0.000000,0.000000,-0.010312,-0.045536,0.000000,-0.009216,0.000000,0.000000,0.000000,0.000000
0.000000,0.000000,-0.010657,-0.045587,0.000000,-0.009465,0.000000,0.000000,0.000000,0.000000
0.000000,0.000000,-0.011006,-0.045620,0.000000,-0.009717,0.000000,0.000000,0.000000,0.000000
0.000000,0.000000,-0.011346,-0.045484,0.000000,-0.009955,0.000000,0.000000,0.000000,0.000000
0.000000,0.000000,-0.012019,-0.045312,0.000000,-0.010522,0.000000,0.000000,0.000000,0.000000
0.000000,0.000000,-0.012362,-0.045239,0.000000,-0.010757,0.000000,0.000000,0.000000,0.000000
0.000000,0.000000,-0.012683,-0.045133,0.000000,-0.010967,0.000000,0.000000,0.000000,0.000000
0.000000,0.000000,-0.013005,-0.045002,0.000000,-0.011176,0.000000,0.000000,0.000000,0.000000
0.000000,0.000000,-0.013330,-0.044878,0.000000,-0.011386,0.000000,0.000000,0.000000,0.000000
0.000000,0.000000,-0.013634,-0.044795,0.000000,-0.011574,0.000000,0.000000,0.000000,0.000000
0.000000,0.000000,-0.013950,-0.044745,0.000000,-0.011770,0.000000,0.000000,0.000000,0.000000
0.000000,0.000000,-0.014556,-0.044608,0.000000,-0.012253,0.000000,0.000000,0.000000,0.000000
0.000000,0.000000,-0.014860,-0.044559,0.000000,-0.012431,0.000000,0.000000,0.000000,0.000000
0.000000,0.000000,-0.015145,-0.044561,0.000000,-0.012589,0.000000,0.000000,0.000000,0.000000
0.000000,0.000000,-0.015436,-0.044565,0.000000,-0.012751,0.000000,0.000000,0.000000,0.000000
0.000000,0.000000,-0.015728,-0.044523,0.000000,-0.012913,0.000000,0.000000,0.000000,0.000000
0.000000,0.000000,-0.016009,-0.044519,0.000000,-0.013062,0.000000,0.000000,0.000000,0.000000
0.000000,0.000000,-0.016288,-0.044548,0.000000,-0.013207,0.000000,0.000000,0.000000,0.000000
0.000000,0.000000,-0.016851,-0.044876,0.000000,-0.013633,0.000000,0.000000,0.000000,0.000000
0.000000,0.000000,-0.017141,-0.045035,0.000000,-0.013783,0.000000,0.000000,0.000000,0.000000
0.000000,0.000000,-0.017413,-0.045197,0.000000,-0.013915,0.000000,0.000000,0.000000,0.000000
0.000000,0.000000,-0.017686,-0.045305,0.000000,-0.014046,0.000000,0.000000,0.000000,0.000000
0.000000,0.000000,-0.017969,-0.045399,0.000000,-0.014186,0.000000,0.000000,0.000000,0.000000
0.000000,0.000000,-0.018236,-0.045665,0.000000,-0.014308,0.000000,0.000000,0.000000,0.000000
0.000000,0.000000,-0.018509,-0.045857,0.000000,-0.014435,0.000000,0.000000,0.000000,0.000000
0.000000,0.000000,-0.019042,-0.046068,0.000000,-0.014819,0.000000,0.000000,0.000000,0.000000
0.000000,0.000000,-0.019317,-0.046067,0.000000,-0.014943,0.000000,0.000000,0.000000,0.000000
0.000000,0.000000,-0.019576,-0.046025,0.000000,-0.015050,0.000000,0.000000,0.000000,0.000000
0.000000,0.000000,-0.019833,-0.046004,0.000000,-0.015154,0.000000,0.000000,0.000000,0.000000
0.000000,0.000000,-0.020100,-0.046003,0.000000,-0.015266,0.000000,0.000000,0.000000,0.000000
0.000000,0.000000,-0.020351,-0.045965,0.000000,-0.015363,0.000000,0.000000,0.000000,0.000000
0.000000,0.000000,-0.020597,-0.045962,0.000000,-0.015452,0.000000,0.000000,0.000000,0.000000
0.000000,0.000000,-0.021087,-0.045953,0.000000,-0.015783,0.000000,0.000000,0.000000,0.000000
0.000000,0.000000,-0.021338,-0.045926,0.000000,-0.015873,0.000000,0.000000,0.000000,0.000000
0.000000,0.000000,-0.021574,-0.045902,0.000000,-0.015948,0.000000,0.000000,0.000000,0.000000
0.000000,0.000000,-0.021811,-0.045878,0.000000,-0.016024,0.000000,0.000000,0.000000,0.000000
0.000000,0.000000,-0.022045,-0.045829,0.000000,-0.016095,0.000000,0.000000,0.000000,0.000000
0.000000,0.000000,-0.022277,-0.045988,0.000000,-0.016164,0.000000,0.000000,0.000000,0.000000
0.000000,0.000000,-0.022511,-0.046146,0.000000,-0.016233,0.000000,0.000000,0.000000,0.000000
0.000000,0.000000,-0.022969,-0.046344,0.000000,-0.016525,0.000000,0.000000,0.000000,0.000000
0.000000,0.000000,-0.023206,-0.046411,0.000000,-0.016594,0.000000,0.000000,0.000000,0.000000
0.000000,0.000000,-0.023429,-0.046476,0.000000,-0.016648,0.000000,0.000000,0.000000,0.000000
0.000000,0.000000,-0.023651,-0.046495,0.000000,-0.016702,0.000000,0.000000,0.000000,0.000000
