-0.057983,-0.005798,-0.098558,-0.000493,0.001441,0.001409,0.000040,0.002651,0.000000,0.000000
-0.166626,-0.030917,-0.187927,-0.002052,0.000895,0.000533,0.000390,-0.008257,0.000000,0.000000
-0.311890,-0.059015,-0.352259,-0.003803,0.004221,0.003547,0.000632,-0.018781,0.000000,0.000000
-0.384521,-0.091565,-0.406884,-0.005818,0.003660,0.002457,0.001058,-0.038286,0.000000,0.000000
-0.626221,-0.145031,-0.668286,-0.009131,0.009315,0.007375,0.001626,-0.061264,0.000000,0.000000
-0.614014,-0.233039,-0.529131,-0.014526,0.004746,0.001254,0.002150,-0.133274,0.000000,0.000000
-0.601807,-0.269916,-0.460960,-0.016758,0.007137,0.002567,0.002572,-0.165536,0.000000,0.000000
-0.553589,-0.298283,-0.354591,-0.018447,0.000730,-0.004558,0.002252,-0.195479,0.000000,0.000000
-0.505371,-0.318992,-0.258860,-0.019649,0.004664,-0.001535,0.002066,-0.219986,0.000000,0.000000
-0.468750,-0.346402,-0.169928,-0.021162,0.004464,-0.003685,0.001626,-0.254579,0.000000,0.000000
-0.493164,-0.361078,-0.183452,-0.021974,0.002287,-0.006712,0.001149,-0.269586,0.000000,0.000000
-0.601807,-0.385151,-0.300910,-0.023368,0.003235,-0.006626,0.000614,-0.285288,0.000000,0.000000
-0.711060,-0.417742,-0.407365,-0.025288,0.003523,-0.007335,0.000144,-0.307239,0.000000,0.000000
-0.843506,-0.474742,-0.512172,-0.028594,0.007702,-0.005668,-0.000440,-0.351740,0.000000,0.000000
-0.734863,-0.500754,-0.324737,-0.030074,0.009833,-0.004653,-0.001074,-0.385760,0.000000,0.000000
-0.880127,-0.538691,-0.474821,-0.032298,0.011753,-0.003853,-0.001912,-0.410272,0.000000,0.000000
-0.698853,-0.554707,-0.200202,-0.033138,0.014650,-0.002731,-0.002037,-0.442309,0.000000,0.000000
-0.686646,-0.581973,-0.145379,-0.034506,0.029987,0.008573,-0.001656,-0.476465,0.000000,0.000000
-0.783081,-0.602084,-0.251385,-0.035591,0.022544,-0.000782,-0.001708,-0.490791,0.000000,0.000000
-0.601807,-0.602056,0.000346,-0.035411,0.030193,0.004463,-0.001201,-0.510162,0.000000,0.000000
-0.578003,-0.599651,0.030065,-0.035084,0.035233,0.006989,-0.000462,-0.515683,0.000000,0.000000
-0.589600,-0.603179,0.018881,-0.034952,0.047176,0.014352,0.000425,-0.527927,0.000000,0.000000
-0.662231,-0.609084,-0.073815,-0.035147,0.057983,0.021890,0.002141,-0.530466,0.000000,0.000000
-0.638428,-0.612019,-0.036679,-0.035154,0.062600,0.023011,0.004290,-0.537365,0.000000,0.000000
-0.698853,-0.620702,-0.108542,-0.035521,0.073710,0.030841,0.006197,-0.542408,0.000000,0.000000
-0.601807,-0.616013,0.019731,-0.034875,0.069825,0.020318,0.009888,-0.552101,0.000000,0.000000
-0.493164,-0.603728,0.153562,-0.033933,0.074070,0.021240,0.011824,-0.553629,0.000000,0.000000
-0.662231,-0.609579,-0.072760,-0.034127,0.093182,0.037093,0.013777,-0.547650,0.000000,0.000000
-0.517578,-0.600379,0.115581,-0.033378,0.085804,0.026379,0.015783,-0.553512,0.000000,0.000000
-0.372314,-0.565726,0.268627,-0.030883,0.091853,0.025595,0.020124,-0.541463,0.000000,0.000000
-0.650024,-0.574156,-0.105374,-0.031256,0.092657,0.023091,0.022361,-0.527836,0.000000,0.000000
-0.614014,-0.578141,-0.049823,-0.031349,0.096854,0.024331,0.024133,-0.534447,0.000000,0.000000
-0.711060,-0.591433,-0.166148,-0.032023,0.092686,0.017530,0.025383,-0.538656,0.000000,0.000000
-0.722656,-0.629439,-0.129468,-0.034070,0.093410,0.012561,0.028163,-0.569370,0.000000,0.000000
-0.771484,-0.643644,-0.177556,-0.034787,0.101179,0.017681,0.029234,-0.578760,0.000000,0.000000
-0.480957,-0.627375,0.203358,-0.033597,0.107698,0.021482,0.030280,-0.590845,0.000000,0.000000
-0.638428,-0.628480,-0.013815,-0.033498,0.107155,0.017869,0.031905,-0.581822,0.000000,0.000000
-0.578003,-0.618890,0.056764,-0.032566,0.120981,0.025473,0.035447,-0.581882,0.000000,0.000000
-0.468750,-0.603876,0.187755,-0.031464,0.117826,0.019424,0.036937,-0.580190,0.000000,0.000000
-0.444946,-0.587983,0.198659,-0.030314,0.119573,0.018142,0.038660,-0.570968,0.000000,0.000000
-0.722656,-0.601450,-0.167952,-0.031002,0.123642,0.019286,0.040410,-0.560736,0.000000,0.000000
-0.626221,-0.603959,-0.030918,-0.030850,0.127383,0.017505,0.043300,-0.571114,0.000000,0.000000
-0.734863,-0.617050,-0.163630,-0.031513,0.127604,0.014853,0.044859,-0.573366,0.000000,0.000000
-0.686646,-0.624009,-0.086994,-0.031791,0.150820,0.034694,0.047118,-0.582174,0.000000,0.000000
-0.493164,-0.610925,0.163548,-0.030814,0.144846,0.025473,0.049217,-0.587263,0.000000,0.000000
-0.553589,-0.584815,0.043370,-0.028882,0.156770,0.030910,0.053596,-0.563483,0.000000,0.000000
-0.614014,-0.587735,-0.036496,-0.028920,0.156333,0.027374,0.055661,-0.560829,0.000000,0.000000
-0.457153,-0.574677,0.163235,-0.027959,0.158707,0.026496,0.057908,-0.562289,0.000000,0.000000
-0.589600,-0.576169,-0.018654,-0.027913,0.163746,0.028233,0.060362,-0.552802,0.000000,0.000000
-0.565796,-0.574198,0.011670,-0.027511,0.167989,0.026241,0.064783,-0.551932,0.000000,0.000000
-0.650024,-0.581781,-0.094773,-0.027848,0.170804,0.025798,0.067169,-0.550589,0.000000,0.000000
-0.517578,-0.575360,0.080262,-0.027307,0.176996,0.028667,0.069632,-0.554988,0.000000,0.000000
-0.638428,-0.581667,-0.078830,-0.027565,0.186324,0.034647,0.072237,-0.549956,0.000000,0.000000
-0.722656,-0.595436,-0.176918,-0.028152,0.184528,0.026488,0.076830,-0.553212,0.000000,0.000000
-0.541382,-0.590031,0.067568,-0.027673,0.187038,0.025801,0.079126,-0.562529,0.000000,0.000000
-0.468750,-0.577903,0.151601,-0.026777,0.199409,0.034951,0.081464,-0.558851,0.000000,0.000000
-0.662231,-0.586336,-0.105411,-0.027170,0.196121,0.028496,0.083800,-0.550491,0.000000,0.000000
-0.505371,-0.572051,0.092611,-0.026008,0.207052,0.032699,0.088992,-0.550525,0.000000,0.000000
-0.601807,-0.575027,-0.037195,-0.026064,0.219232,0.041431,0.091788,-0.544778,0.000000,0.000000
-0.638428,-0.581367,-0.079251,-0.026330,0.216060,0.034855,0.094510,-0.546043,0.000000,0.000000
-0.517578,-0.574988,0.079731,-0.025800,0.215452,0.030760,0.097326,-0.549625,0.000000,0.000000
-0.529175,-0.559801,0.042537,-0.024597,0.227793,0.036436,0.102760,-0.536300,0.000000,0.000000
-0.480957,-0.551917,0.098556,-0.023981,0.225501,0.031021,0.105225,-0.533455,0.000000,0.000000
-0.420532,-0.538779,0.164165,-0.023040,0.224648,0.027157,0.107552,-0.527659,0.000000,0.000000
-0.589600,-0.543861,-0.063552,-0.023243,0.227148,0.026678,0.109919,-0.518118,0.000000,0.000000
-0.505371,-0.536548,0.043103,-0.022556,0.229920,0.023975,0.114030,-0.517979,0.000000,0.000000
-0.480957,-0.530989,0.069808,-0.022094,0.233417,0.024678,0.116140,-0.515101,0.000000,0.000000
-0.541382,-0.532028,-0.012992,-0.022049,0.236541,0.025085,0.118229,-0.510784,0.000000,0.000000
-0.420532,-0.520878,0.139363,-0.021242,0.242302,0.028304,0.120099,-0.511072,0.000000,0.000000
-0.408325,-0.508227,0.138753,-0.020240,0.241804,0.022657,0.123956,-0.501377,0.000000,0.000000
-0.372314,-0.494636,0.169891,-0.019289,0.250073,0.028148,0.126300,-0.492816,0.000000,0.000000
-0.444946,-0.489667,0.062112,-0.018882,0.256165,0.031556,0.128600,-0.482429,0.000000,0.000000
-0.432739,-0.483974,0.071160,-0.018432,0.246942,0.020130,0.130265,-0.478289,0.000000,0.000000
-0.457153,-0.481021,0.033149,-0.018063,0.254904,0.023458,0.133861,-0.472253,0.000000,0.000000
-0.408325,-0.473751,0.090869,-0.017519,0.255253,0.021578,0.135585,-0.469577,0.000000,0.000000
-0.311890,-0.457565,0.202327,-0.016420,0.256648,0.020897,0.137118,-0.463948,0.000000,0.000000
-0.468750,-0.458683,-0.013979,-0.016407,0.255173,0.017418,0.138674,-0.452131,0.000000,0.000000
-0.505371,-0.464258,-0.057128,-0.016592,0.257539,0.015988,0.141439,-0.451760,0.000000,0.000000
-0.468750,-0.464707,-0.005615,-0.016537,0.260179,0.016701,0.142844,-0.454058,0.000000,0.000000
-0.432739,-0.461511,0.039960,-0.016255,0.262505,0.017088,0.144274,-0.453689,0.000000,0.000000
-0.480957,-0.463455,-0.024308,-0.016295,0.263758,0.016513,0.145561,-0.451033,0.000000,0.000000
-0.287476,-0.446334,0.220636,-0.015062,0.265457,0.014631,0.148030,-0.451850,0.000000,0.000000
-0.251465,-0.426847,0.243586,-0.013769,0.265647,0.013236,0.149073,-0.439685,0.000000,0.000000
-0.360107,-0.420173,0.083425,-0.013283,0.268533,0.014698,0.150002,-0.426009,0.000000,0.000000
-0.468750,-0.425031,-0.060718,-0.013520,0.265243,0.010050,0.150866,-0.420704,0.000000,0.000000
-0.263672,-0.401953,0.192057,-0.011945,0.283020,0.024085,0.153990,-0.415882,0.000000,0.000000
-0.324097,-0.394167,0.097321,-0.011399,0.287621,0.026749,0.155830,-0.403782,0.000000,0.000000
-0.493164,-0.404067,-0.123746,-0.011961,0.284081,0.021643,0.157167,-0.397087,0.000000,0.000000
-0.432739,-0.406934,-0.035840,-0.012080,0.286117,0.021597,0.159104,-0.401758,0.000000,0.000000
-0.384521,-0.404818,0.028193,-0.011827,0.294826,0.025939,0.163402,-0.400202,0.000000,0.000000
-0.408325,-0.405169,-0.004384,-0.011790,0.292987,0.022009,0.165409,-0.397217,0.000000,0.000000
-0.541382,-0.418790,-0.170266,-0.012582,0.303006,0.029929,0.167462,-0.396008,0.000000,0.000000
-0.493164,-0.426228,-0.092963,-0.012984,0.300747,0.025592,0.169395,-0.404030,0.000000,0.000000
-0.444946,-0.418908,-0.036165,-0.012400,0.314958,0.035014,0.174114,-0.399867,0.000000,0.000000
-0.408325,-0.417849,0.013228,-0.012272,0.315729,0.033374,0.176550,-0.400594,0.000000,0.000000
-0.505371,-0.426602,-0.109402,-0.012758,0.314762,0.029729,0.179296,-0.398489,0.000000,0.000000
-0.263672,-0.410309,0.203662,-0.011676,0.329877,0.041817,0.182593,-0.402598,0.000000,0.000000
-0.517578,-0.411079,-0.147915,-0.011611,0.324093,0.030817,0.188207,-0.381623,0.000000,0.000000
-0.457153,-0.415687,-0.057593,-0.011841,0.328334,0.032514,0.190933,-0.388255,0.000000,0.000000
-0.384521,-0.412570,0.038956,-0.011587,0.327310,0.029370,0.193024,-0.390935,0.000000,0.000000
-0.336304,-0.404943,0.095328,-0.011052,0.326097,0.026048,0.195088,-0.388522,0.000000,0.000000
-0.336304,-0.398384,0.086213,-0.010532,0.334066,0.029494,0.199693,-0.382295,0.000000,0.000000
-0.408325,-0.399378,-0.012415,-0.010541,0.341189,0.034399,0.202014,-0.376947,0.000000,0.000000
-0.517578,-0.411198,-0.147911,-0.011228,0.339581,0.030550,0.204334,-0.376855,0.000000,0.000000
-0.420532,-0.412131,-0.011668,-0.011230,0.341317,0.029727,0.207023,-0.383841,0.000000,0.000000
-0.529175,-0.421351,-0.149756,-0.011696,0.344871,0.028594,0.211944,-0.381671,0.000000,0.000000
-0.263672,-0.405583,0.197099,-0.010652,0.346192,0.027478,0.214432,-0.389311,0.000000,0.000000
-0.420532,-0.407078,-0.018686,-0.010692,0.349833,0.028777,0.216951,-0.378370,0.000000,0.000000
-0.420532,-0.408423,-0.016817,-0.010722,0.345276,0.022403,0.218685,-0.379573,0.000000,0.000000
-0.118408,-0.360956,0.336872,-0.007655,0.347554,0.020787,0.222607,-0.366564,0.000000,0.000000
-0.154419,-0.340302,0.258171,-0.006326,0.336131,0.008487,0.223302,-0.349042,0.000000,0.000000
-0.227051,-0.328977,0.141564,-0.005586,0.337688,0.009019,0.224197,-0.334961,0.000000,0.000000
-0.396729,-0.335752,-0.084689,-0.005982,0.350675,0.020764,0.225526,-0.326359,0.000000,0.000000
-0.311890,-0.331218,0.026846,-0.005640,0.347474,0.015131,0.228008,-0.327530,0.000000,0.000000
-0.372314,-0.335328,-0.045658,-0.005840,0.360907,0.026745,0.230441,-0.324149,0.000000,0.000000
-0.372314,-0.339027,-0.046236,-0.006042,0.355850,0.020130,0.232186,-0.325751,0.000000,0.000000
-0.384521,-0.343576,-0.056866,-0.006296,0.356614,0.019423,0.233796,-0.327374,0.000000,0.000000
-0.457153,-0.360761,-0.134014,-0.007305,0.355943,0.016152,0.236460,-0.334036,0.000000,0.000000
-0.239258,-0.348611,0.151879,-0.006509,0.355241,0.014194,0.237666,-0.341247,0.000000,0.000000
-0.287476,-0.342497,0.076419,-0.006095,0.357955,0.015646,0.238920,-0.333117,0.000000,0.000000
-0.336304,-0.341878,0.007742,-0.006026,0.358009,0.014514,0.240112,-0.328876,0.000000,0.000000
-0.093994,-0.315489,0.307632,-0.004317,0.359488,0.013786,0.242298,-0.327003,0.000000,0.000000
-0.166626,-0.300603,0.186079,-0.003365,0.358520,0.011909,0.243246,-0.310267,0.000000,0.000000
-0.251465,-0.295689,0.061423,-0.003041,0.358888,0.011408,0.244213,-0.299583,0.000000,0.000000
-0.166626,-0.282783,0.161319,-0.002219,0.359551,0.011248,0.245134,-0.295433,0.000000,0.000000
-0.214844,-0.269874,0.076431,-0.001392,0.358460,0.008835,0.246693,-0.280365,0.000000,0.000000
-0.275269,-0.270414,-0.006743,-0.001419,0.358342,0.008185,0.247341,-0.275293,0.000000,0.000000
-0.214844,-0.264857,0.069453,-0.001065,0.358398,0.007709,0.247984,-0.274676,0.000000,0.000000
-0.142822,-0.252653,0.152562,-0.000297,0.358847,0.007656,0.248611,-0.270012,0.000000,0.000000
-0.154419,-0.232945,0.108931,0.000934,0.358293,0.006303,0.249745,-0.252269,0.000000,0.000000
-0.057983,-0.215449,0.218970,0.002024,0.358429,0.006122,0.250266,-0.245123,0.000000,0.000000
-0.130615,-0.206966,0.106042,0.002544,0.358382,0.005869,0.250724,-0.231972,0.000000,0.000000
-0.251465,-0.211416,-0.055621,0.002254,0.359696,0.006969,0.251222,-0.224609,0.000000,0.000000
-0.311890,-0.216333,-0.132717,0.001922,0.361991,0.008580,0.252567,-0.220297,0.000000,0.000000
-0.336304,-0.228330,-0.149961,0.001163,0.360514,0.006787,0.253180,-0.225933,0.000000,0.000000
-0.203247,-0.225822,0.031354,0.001313,0.361348,0.007277,0.253759,-0.232877,0.000000,0.000000
-0.287476,-0.231987,-0.077068,0.000922,0.363163,0.008709,0.254402,-0.230248,0.000000,0.000000
-0.057983,-0.226118,0.233520,0.001283,0.361218,0.005993,0.255577,-0.241612,0.000000,0.000000
-0.118408,-0.215347,0.134639,0.001950,0.363398,0.007821,0.256175,-0.228564,0.000000,0.000000
-0.154419,-0.209254,0.076159,0.002321,0.362912,0.007042,0.256747,-0.220533,0.000000,0.000000
-0.178833,-0.206212,0.038009,0.002499,0.362991,0.006859,0.257300,-0.215512,0.000000,0.000000
-0.420532,-0.219742,-0.278876,0.001626,0.364495,0.007719,0.258649,-0.205348,0.000000,0.000000
-0.142822,-0.212050,0.096150,0.002099,0.365987,0.008825,0.259327,-0.219317,0.000000,0.000000
-0.227051,-0.213550,-0.018747,0.001995,0.366305,0.008728,0.260086,-0.213395,0.000000,0.000000
-0.287476,-0.220942,-0.092429,0.001523,0.365953,0.008044,0.260722,-0.213714,0.000000,0.000000
-0.130615,-0.215755,0.118249,0.001833,0.365182,0.006648,0.261835,-0.220752,0.000000,0.000000
-0.178833,-0.212063,0.046153,0.002055,0.365435,0.006658,0.262325,-0.214160,0.000000,0.000000
-0.154419,-0.206299,0.072055,0.002405,0.364825,0.005829,0.262805,-0.211301,0.000000,0.000000
-0.057983,-0.191467,0.185383,0.003320,0.365007,0.005800,0.263298,-0.206965,0.000000,0.000000
-0.130615,-0.174467,0.060906,0.004345,0.364980,0.005552,0.264209,-0.187397,0.000000,0.000000
-0.154419,-0.172462,0.025060,0.004449,0.364669,0.005209,0.264609,-0.183157,0.000000,0.000000
-0.082397,-0.163456,0.112581,0.004989,0.364851,0.005319,0.265064,-0.180769,0.000000,0.000000
-0.045776,-0.151688,0.147099,0.005700,0.365088,0.005540,0.265484,-0.173684,0.000000,0.000000
-0.033569,-0.140122,0.148047,0.006366,0.367674,0.007972,0.266609,-0.163232,0.000000,0.000000
0.038452,-0.122264,0.223215,0.007451,0.367080,0.007335,0.267180,-0.153878,0.000000,0.000000
0.135498,-0.096488,0.322203,0.009024,0.368185,0.008379,0.267860,-0.140160,0.000000,0.000000
-0.033569,-0.090196,0.078644,0.009372,0.368045,0.008282,0.268523,-0.120799,0.000000,0.000000
0.062866,-0.063312,0.175247,0.010955,0.369139,0.009443,0.269982,-0.103106,0.000000,0.000000
0.026855,-0.054295,0.112703,0.011464,0.369274,0.009657,0.270745,-0.091100,0.000000,0.000000
-0.082397,-0.057105,-0.035130,0.011231,0.370252,0.010685,0.271590,-0.082277,0.000000,0.000000
-0.106201,-0.062015,-0.061370,0.010868,0.369556,0.010036,0.272424,-0.081488,0.000000,0.000000
0.062866,-0.052405,0.160097,0.011361,0.371539,0.011967,0.274213,-0.082243,0.000000,0.000000
0.195923,-0.027572,0.310413,0.012857,0.370206,0.010648,0.275109,-0.071528,0.000000,0.000000
-0.045776,-0.029392,-0.022755,0.012678,0.371663,0.012143,0.276079,-0.052431,0.000000,0.000000
0.183716,-0.008082,0.266372,0.013947,0.371361,0.011886,0.277031,-0.051068,0.000000,0.000000
0.075073,0.004422,0.098089,0.014588,0.371124,0.011909,0.278911,-0.028381,0.000000,0.000000
0.135498,0.017529,0.163907,0.015334,0.370593,0.011541,0.279850,-0.020455,0.000000,0.000000
0.147705,0.030547,0.162722,0.016071,0.370731,0.011898,0.280762,-0.008987,0.000000,0.000000
-0.045776,0.022915,-0.095403,0.015514,0.372069,0.013411,0.281795,0.002647,0.000000,0.000000
0.062866,0.023969,0.054024,0.015426,0.374274,0.015606,0.284257,0.001019,0.000000,0.000000
0.111084,0.032680,0.108894,0.015893,0.374080,0.015419,0.285481,0.006392,0.000000,0.000000
0.111084,0.040521,0.098006,0.016304,0.374254,0.015606,0.286734,0.014703,0.000000,0.000000
0.038452,0.040314,-0.002585,0.016209,0.374704,0.016062,0.288024,0.022486,0.000000,0.000000
0.038452,0.039960,-0.002094,0.016026,0.378596,0.019734,0.290915,0.027257,0.000000,0.000000
0.087280,0.044692,0.059150,0.016241,0.378283,0.019238,0.292460,0.029497,0.000000,0.000000
0.075073,0.047730,0.037976,0.016350,0.380273,0.021000,0.294073,0.034967,0.000000,0.000000
-0.009766,0.041981,-0.071871,0.015909,0.380623,0.021075,0.295766,0.039312,0.000000,0.000000
-0.033569,0.034108,-0.093998,0.015258,0.380795,0.020705,0.299073,0.039204,0.000000,0.000000
-0.045776,0.026120,-0.099751,0.014683,0.379173,0.018847,0.300641,0.035759,0.000000,0.000000
0.026855,0.026193,0.000921,0.014614,0.381684,0.021049,0.302248,0.031759,0.000000,0.000000
-0.057983,0.017776,-0.105214,0.014015,0.381626,0.020632,0.303928,0.033034,0.000000,0.000000
0.171509,0.032867,0.192557,0.014819,0.380467,0.018907,0.306962,0.028826,0.000000,0.000000
0.123291,0.041910,0.113030,0.015310,0.381346,0.019522,0.308519,0.040010,0.000000,0.000000
-0.093994,0.028319,-0.169882,0.014384,0.380035,0.018033,0.310003,0.047088,0.000000,0.000000
-0.033569,0.022131,-0.077355,0.013925,0.379422,0.017232,0.311424,0.038863,0.000000,0.000000
0.087280,0.028645,0.081443,0.014263,0.379421,0.017030,0.312825,0.035282,0.000000,0.000000
0.123291,0.042289,0.112503,0.014972,0.380912,0.018137,0.315664,0.043906,0.000000,0.000000
0.111084,0.049168,0.085994,0.015327,0.380829,0.017874,0.317113,0.050686,0.000000,0.000000
0.087280,0.052979,0.047637,0.015488,0.380960,0.017885,0.318509,0.056125,0.000000,0.000000
0.304565,0.080126,0.311717,0.017030,0.379702,0.016489,0.321185,0.061857,0.000000,0.000000
0.183716,0.090485,0.129487,0.017592,0.378453,0.015306,0.322465,0.079569,0.000000,0.000000
0.135498,0.094987,0.056201,0.017785,0.379503,0.016454,0.323732,0.087858,0.000000,0.000000
0.171509,0.102639,0.095764,0.018175,0.379261,0.016306,0.325021,0.092328,0.000000,0.000000
0.026855,0.084944,-0.080680,0.016891,0.376346,0.013738,0.327385,0.092589,0.000000,0.000000
0.159912,0.092441,0.093710,0.017276,0.378825,0.016299,0.328609,0.089296,0.000000,0.000000
-0.045776,0.078619,-0.172769,0.016325,0.378850,0.016373,0.329919,0.095347,0.000000,0.000000
0.087280,0.079485,0.010826,0.016298,0.380649,0.018079,0.331350,0.087130,0.000000,0.000000
0.014648,0.069309,-0.075916,0.015500,0.382718,0.019759,0.334474,0.086723,0.000000,0.000000
0.002441,0.062622,-0.083575,0.015005,0.383047,0.019846,0.336060,0.083345,0.000000,0.000000
0.002441,0.056604,-0.075234,0.014554,0.381914,0.018487,0.337584,0.079307,0.000000,0.000000
0.111084,0.062052,0.068100,0.014822,0.383778,0.020083,0.339117,0.075554,0.000000,0.000000
0.220337,0.093170,0.176581,0.016613,0.385620,0.021257,0.342511,0.091566,0.000000,0.000000
0.231934,0.107046,0.173494,0.017398,0.384465,0.019882,0.344156,0.101888,0.000000,0.000000
-0.009766,0.095365,-0.146015,0.016580,0.383829,0.019127,0.345723,0.112222,0.000000,0.000000
0.075073,0.093336,-0.025340,0.016371,0.383980,0.019128,0.347270,0.105415,0.000000,0.000000
0.195923,0.103049,0.128991,0.016815,0.386940,0.021495,0.350710,0.105445,0.000000,0.000000
0.111084,0.103853,0.010043,0.016781,0.385519,0.019854,0.352371,0.113181,0.000000,0.000000
0.026855,0.096153,-0.096237,0.016216,0.385354,0.019499,0.353978,0.114577,0.000000,0.000000
0.123291,0.098867,0.033926,0.016304,0.388776,0.022610,0.355703,0.110270,0.000000,0.000000
0.075073,0.096543,-0.029820,0.015997,0.388144,0.021410,0.359116,0.113514,0.000000,0.000000
0.111084,0.097997,0.018176,0.016007,0.387707,0.020724,0.360755,0.112472,0.000000,0.000000
0.220337,0.110231,0.152922,0.016692,0.387914,0.020675,0.362392,0.113945,0.000000,0.000000
0.099487,0.109157,-0.013429,0.016541,0.388223,0.020737,0.364073,0.122782,0.000000,0.000000
0.316772,0.125752,0.265306,0.017415,0.391140,0.022966,0.367656,0.120553,0.000000,0.000000
0.050659,0.118243,-0.093837,0.016859,0.391568,0.023066,0.369514,0.135661,0.000000,0.000000
0.111084,0.117527,-0.008952,0.016730,0.392816,0.023928,0.371407,0.131699,0.000000,0.000000
0.244141,0.130188,0.158267,0.017437,0.392592,0.023350,0.373257,0.132068,0.000000,0.000000
0.111084,0.142873,-0.044152,0.018051,0.395196,0.025178,0.377235,0.153731,0.000000,0.000000
0.050659,0.133652,-0.115268,0.017385,0.395932,0.025534,0.379224,0.152738,0.000000,0.000000
0.231934,0.143480,0.122852,0.017912,0.396546,0.025742,0.381185,0.147682,0.000000,0.000000
0.328979,0.162030,0.231863,0.018982,0.394788,0.023640,0.383106,0.155244,0.000000,0.000000
0.111084,0.166523,-0.076998,0.019070,0.403615,0.031444,0.387577,0.178102,0.000000,0.000000
0.147705,0.164641,-0.023522,0.018857,0.405660,0.032671,0.390251,0.176109,0.000000,0.000000
0.099487,0.158126,-0.081441,0.018355,0.407130,0.033391,0.392795,0.176618,0.000000,0.000000
0.123291,0.154642,-0.043543,0.018046,0.411400,0.036705,0.395605,0.174068,0.000000,0.000000
0.183716,0.165604,0.025155,0.018548,0.485934,0.106463,0.405121,0.184496,0.000000,0.000000
0.256348,0.174679,0.113431,0.019023,0.639046,0.249426,0.420519,0.199236,0.000000,0.000000
0.183716,0.175582,0.011293,0.018984,0.834363,0.426115,0.447770,0.229283,0.000000,0.000000
0.014648,0.159489,-0.201220,0.017883,1.052938,0.615150,0.490461,0.267131,0.000000,0.000000
0.159912,0.159531,0.000470,0.017796,1.267089,0.788426,0.556217,0.312799,0.000000,0.000000
0.220337,0.148233,0.100262,0.016920,1.511055,0.933415,0.698679,0.411510,0.000000,0.000000
0.437622,0.177172,0.361732,0.018644,1.532536,0.904282,0.771904,0.468597,0.000000,0.000000
0.474243,0.206879,0.371344,0.020408,1.510065,0.833569,0.842037,0.533584,0.000000,0.000000
0.485840,0.234775,0.348697,0.022049,1.473455,0.753326,0.905838,0.590579,0.000000,0.000000
0.582886,0.293281,0.402235,0.025478,1.229303,0.446104,0.999921,0.664139,0.000000,0.000000
0.546265,0.318579,0.316230,0.026931,1.157361,0.354396,1.030381,0.687738,0.000000,0.000000
0.812378,0.367959,0.617202,0.029883,1.070709,0.252681,1.054318,0.700988,0.000000,0.000000
1.102295,0.441392,0.917989,0.034323,0.971520,0.144432,1.069969,0.723484,0.000000,0.000000
0.909424,0.525924,0.532632,0.039251,0.763118,-0.062577,1.074453,0.760539,0.000000,0.000000
0.969849,0.570316,0.554906,0.041829,0.690154,-0.127138,1.065920,0.762461,0.000000,0.000000
1.005859,0.613871,0.544429,0.044342,0.641740,-0.164726,1.054106,0.765222,0.000000,0.000000
1.018066,0.654290,0.505245,0.046647,0.556294,-0.235753,1.037434,0.765587,0.000000,0.000000
0.848999,0.710841,0.191690,0.049702,0.405129,-0.346974,0.988847,0.756889,0.000000,0.000000
1.041870,0.743944,0.414211,0.051525,0.378418,-0.351058,0.960786,0.736288,0.000000,0.000000
0.969849,0.766534,0.282364,0.052679,0.352842,-0.353648,0.932357,0.729834,0.000000,0.000000
1.005859,0.790467,0.299175,0.053911,0.320869,-0.362396,0.903697,0.718702,0.000000,0.000000
0.993652,0.813856,0.249721,0.054834,0.345996,-0.294213,0.850991,0.695470,0.000000,0.000000
1.138916,0.846362,0.406326,0.056592,0.355130,-0.266423,0.828801,0.694502,0.000000,0.000000
0.981445,0.859870,0.168855,0.057153,0.369449,-0.235038,0.809037,0.705786,0.000000,0.000000
0.933228,0.867206,0.091695,0.057326,0.362112,-0.226058,0.790434,0.706713,0.000000,0.000000
0.993652,0.882552,0.154307,0.057712,0.346115,-0.210655,0.754997,0.701248,0.000000,0.000000
1.066284,0.900925,0.229669,0.058572,0.340791,-0.201068,0.738425,0.705257,0.000000,0.000000
1.054077,0.916240,0.191426,0.059236,0.330084,-0.197228,0.722460,0.714506,0.000000,0.000000
1.090698,0.933686,0.217996,0.060030,0.331988,-0.181393,0.707358,0.723129,0.000000,0.000000
0.969849,0.939458,0.042209,0.059791,0.324380,-0.162838,0.679812,0.736895,0.000000,0.000000
0.860596,0.931572,-0.098511,0.059000,0.314324,-0.160421,0.666894,0.740358,0.000000,0.000000
1.054077,0.943822,0.153235,0.059471,0.313663,-0.149053,0.654529,0.736696,0.000000,0.000000
1.066284,0.956069,0.153077,0.059939,0.302265,-0.148714,0.642654,0.746890,0.000000,0.000000
1.054077,0.985567,0.095152,0.061178,0.294296,-0.133660,0.619643,0.774952,0.000000,0.000000
1.102295,0.997240,0.145910,0.061602,0.283992,-0.132987,0.608987,0.783713,0.000000,0.000000
1.320190,1.029535,0.403668,0.063312,0.273251,-0.132925,0.598581,0.795397,0.000000,0.000000
0.993652,1.025946,-0.044855,0.062771,0.245004,-0.149602,0.587297,0.820241,0.000000,0.000000
1.030273,1.038689,-0.011688,0.062937,0.105790,-0.259631,0.556464,0.825762,0.000000,0.000000
1.078491,1.042669,0.049753,0.062871,-0.013600,-0.357361,0.531135,0.815372,0.000000,0.000000
1.005859,1.038988,-0.046012,0.062327,-0.104326,-0.421692,0.498986,0.802453,0.000000,0.000000
1.066284,1.041718,0.034121,0.062186,-0.195868,-0.483559,0.462128,0.780968,0.000000,0.000000
1.041870,1.033067,0.012228,0.061028,-0.424948,-0.639986,0.369629,0.724405,0.000000,0.000000
1.018066,1.031567,-0.018752,0.060629,-0.497861,-0.671789,0.316343,0.694960,0.000000,0.000000
0.800171,1.008428,-0.289230,0.058880,-0.561501,-0.693051,0.261187,0.664112,0.000000,0.000000
0.885010,0.996086,-0.154282,0.057814,-0.571764,-0.661536,0.206560,0.621086,0.000000,0.000000
0.691528,0.956732,-0.368343,0.054781,-0.544598,-0.556974,0.105604,0.563381,0.000000,0.000000
0.679321,0.928991,-0.346763,0.052773,-0.508534,-0.489066,0.064614,0.532878,0.000000,0.000000
0.606689,0.896761,-0.402877,0.050495,-0.464209,-0.416611,0.028690,0.508474,0.000000,0.000000
0.582886,0.865373,-0.392339,0.048280,-0.409401,-0.337757,-0.001708,0.486093,0.000000,0.000000
0.498047,0.798877,-0.417814,0.043653,-0.234344,-0.132292,-0.038005,0.462355,0.000000,0.000000
0.292358,0.748225,-0.633148,0.040269,-0.138585,-0.030174,-0.043879,0.459196,0.000000,0.000000
0.377197,0.711123,-0.463756,0.037749,-0.038922,0.069704,-0.041359,0.450317,0.000000,0.000000
0.268555,0.666866,-0.553245,0.034794,0.052156,0.155702,-0.031471,0.454850,0.000000,0.000000
0.474243,0.606317,-0.183244,0.030678,0.156237,0.240022,0.001496,0.456929,0.000000,0.000000
0.534668,0.599152,-0.089654,0.030076,0.190980,0.262617,0.021093,0.476875,0.000000,0.000000
0.256348,0.564872,-0.428506,0.027783,0.234999,0.292611,0.043267,0.502039,0.000000,0.000000
0.437622,0.552147,-0.159055,0.026849,0.249592,0.291894,0.067201,0.508252,0.000000,0.000000
0.268555,0.525455,-0.356802,0.024913,0.263377,0.276374,0.113095,0.550410,0.000000,0.000000
0.377197,0.510630,-0.185323,0.023861,0.272517,0.271579,0.134865,0.552098,0.000000,0.000000
0.280762,0.487643,-0.287317,0.022306,0.301284,0.286001,0.157045,0.561455,0.000000,0.000000
0.280762,0.466955,-0.258618,0.020901,0.320915,0.290503,0.180252,0.564600,0.000000,0.000000
0.474243,0.459605,0.020330,0.020236,0.327469,0.267258,0.225833,0.576008,0.000000,0.000000
0.425415,0.456186,-0.042738,0.019921,0.337961,0.263936,0.247079,0.589427,0.000000,0.000000
0.377197,0.448287,-0.098737,0.019328,0.330337,0.243494,0.266901,0.597253,0.000000,0.000000
0.425415,0.446000,-0.028590,0.019088,0.350056,0.249670,0.287677,0.602180,0.000000,0.000000
0.341187,0.439104,-0.135997,0.018466,0.357518,0.232671,0.325451,0.617994,0.000000,0.000000
0.449829,0.440177,0.013401,0.018440,0.371115,0.233699,0.344801,0.617703,0.000000,0.000000
0.341187,0.430278,-0.123777,0.017729,0.374100,0.224908,0.363030,0.623740,0.000000,0.000000
0.364990,0.423749,-0.081616,0.017232,0.367039,0.206720,0.380285,0.621053,0.000000,0.000000
0.595093,0.434497,0.223050,0.017734,0.378990,0.197387,0.413201,0.617021,0.000000,0.000000
0.425415,0.433588,-0.011352,0.017589,0.376684,0.185282,0.428546,0.630214,0.000000,0.000000
0.413208,0.431550,-0.025475,0.017374,0.377209,0.176541,0.443115,0.630242,0.000000,0.000000
0.558472,0.444242,0.158654,0.018080,0.383306,0.173636,0.457277,0.629050,0.000000,0.000000
0.534668,0.454886,0.110806,0.018564,0.383034,0.156831,0.483681,0.637623,0.000000,0.000000
0.534668,0.462865,0.099727,0.018970,0.381176,0.147550,0.495723,0.642151,0.000000,0.000000
0.462036,0.462782,-0.001036,0.018870,0.383606,0.142877,0.507323,0.645951,0.000000,0.000000
0.618896,0.478393,0.195153,0.019752,0.383394,0.135772,0.518641,0.644285,0.000000,0.000000
0.522461,0.495445,0.037521,0.020616,0.380156,0.120302,0.539265,0.659991,0.000000,0.000000
0.570679,0.502969,0.094043,0.020983,0.382825,0.117525,0.548660,0.659639,0.000000,0.000000
0.522461,0.504918,0.024338,0.021000,0.379287,0.108877,0.557595,0.662147,0.000000,0.000000
0.558472,0.510273,0.067019,0.021230,0.384932,0.109468,0.566436,0.661118,0.000000,0.000000
0.546265,0.512772,0.046518,0.021175,0.385591,0.100791,0.583097,0.658928,0.000000,0.000000
0.546265,0.516121,0.041866,0.021278,0.382791,0.093732,0.590840,0.658684,0.000000,0.000000
0.449829,0.509492,-0.082861,0.020758,0.384588,0.091400,0.598396,0.658277,0.000000,0.000000
0.510254,0.509568,0.000952,0.020658,0.384940,0.087835,0.605630,0.651038,0.000000,0.000000
0.485840,0.501819,-0.022193,0.019970,0.384064,0.079855,0.619000,0.640805,0.000000,0.000000
0.510254,0.502662,0.010544,0.019923,0.387981,0.080289,0.625535,0.636531,0.000000,0.000000
0.377197,0.490116,-0.156839,0.019039,0.391124,0.080079,0.631907,0.634050,0.000000,0.000000
0.449829,0.486087,-0.050359,0.018692,0.387530,0.073309,0.637930,0.622366,0.000000,0.000000
0.316772,0.443041,-0.175371,0.015824,0.387485,0.067265,0.649300,0.592966,0.000000,0.000000
0.328979,0.431635,-0.142577,0.015032,0.387000,0.063998,0.654518,0.579197,0.000000,0.000000
0.316772,0.420149,-0.143571,0.014239,0.386360,0.060721,0.659461,0.566929,0.000000,0.000000
0.437622,0.421896,0.021821,0.014277,0.385315,0.057185,0.664152,0.554423,0.000000,0.000000
0.462036,0.436059,0.036079,0.015017,0.389792,0.056897,0.673235,0.554092,0.000000,0.000000
0.522461,0.444700,0.108003,0.015482,0.387484,0.052460,0.677464,0.551886,0.000000,0.000000
0.522461,0.452476,0.097201,0.015891,0.387114,0.050095,0.681533,0.553781,0.000000,0.000000
0.510254,0.458254,0.072223,0.016172,0.388125,0.049213,0.685493,0.555443,0.000000,0.000000
0.474243,0.484088,-0.013674,0.017617,0.389301,0.046901,0.693172,0.571365,0.000000,0.000000
0.534668,0.489146,0.063225,0.017845,0.387677,0.043770,0.696731,0.568173,0.000000,0.000000
0.643311,0.504563,0.192696,0.018720,0.390366,0.045064,0.700155,0.569173,0.000000,0.000000
0.437622,0.497869,-0.083680,0.018208,0.388331,0.041707,0.703527,0.577438,0.000000,0.000000
0.582886,0.511825,0.098696,0.018896,0.400570,0.050745,0.710953,0.574173,0.000000,0.000000
0.655518,0.526194,0.179574,0.019700,0.402483,0.051045,0.714761,0.578413,0.000000,0.000000
0.595093,0.533084,0.086144,0.020032,0.398908,0.045921,0.718505,0.587236,0.000000,0.000000
0.643311,0.544106,0.137784,0.020621,0.407830,0.052948,0.722799,0.591878,0.000000,0.000000
0.485840,0.527598,-0.058061,0.019387,0.402573,0.044799,0.730157,0.590622,0.000000,0.000000
0.558472,0.530685,0.038593,0.019483,0.410213,0.050719,0.734100,0.587282,0.000000,0.000000
0.558472,0.533464,0.034731,0.019560,0.435362,0.072872,0.739814,0.590800,0.000000,0.000000
0.522461,0.532363,-0.013754,0.019393,0.449535,0.083671,0.746099,0.594627,0.000000,0.000000
0.485840,0.516987,-0.043260,0.018242,0.490347,0.115623,0.761564,0.592075,0.000000,0.000000
0.595093,0.524798,0.097632,0.018639,0.558308,0.176307,0.773102,0.595933,0.000000,0.000000
0.534668,0.525785,0.012338,0.018608,0.663438,0.268960,0.791891,0.613898,0.000000,0.000000
0.437622,0.516968,-0.110203,0.017964,0.793256,0.380783,0.818477,0.634011,0.000000,0.000000
0.618896,0.524360,0.131301,0.018247,0.992069,0.529795,0.891336,0.679151,0.000000,0.000000
0.606689,0.532593,0.102913,0.018671,1.085029,0.591126,0.937446,0.719210,0.000000,0.000000
0.558472,0.535181,0.032336,0.018739,1.161966,0.633732,0.987449,0.759442,0.000000,0.000000
0.631104,0.544773,0.119953,0.019245,1.214456,0.650841,1.038978,0.795120,0.000000,0.000000
0.582886,0.563989,0.026245,0.020249,1.326491,0.688530,1.147445,0.879700,0.000000,0.000000
0.631104,0.570701,0.074567,0.020520,1.322393,0.648091,1.207660,0.916975,0.000000,0.000000
0.739746,0.587605,0.211317,0.021474,1.332741,0.623668,1.258685,0.946380,0.000000,0.000000
0.860596,0.614904,0.341238,0.023073,1.319835,0.578104,1.306884,0.978452,0.000000,0.000000
1.356201,0.729658,0.870199,0.030001,1.213284,0.418033,1.387278,1.051015,0.000000,0.000000
0.993652,0.756058,0.329993,0.031501,1.132361,0.318412,1.416557,1.099726,0.000000,0.000000
1.211548,0.801607,0.569327,0.034190,1.044230,0.217676,1.437329,1.112357,0.000000,0.000000
1.259766,0.847423,0.572734,0.036883,0.957731,0.124240,1.450259,1.131431,0.000000,0.000000
1.295776,0.922832,0.517979,0.041217,0.777749,-0.053830,1.454281,1.146739,0.000000,0.000000
1.211548,0.951704,0.360899,0.042816,0.698860,-0.124465,1.446187,1.149085,0.000000,0.000000
1.416626,0.998196,0.581153,0.045508,0.638407,-0.173743,1.433948,1.141593,0.000000,0.000000
1.295776,1.027954,0.371971,0.047140,0.621155,-0.178071,1.419296,1.146254,0.000000,0.000000
1.392822,1.093983,0.415059,0.050786,0.587200,-0.186514,1.390884,1.143710,0.000000,0.000000
1.235352,1.108120,0.176489,0.051415,0.563354,-0.196730,1.375624,1.146022,0.000000,0.000000
1.368408,1.134149,0.325748,0.052786,0.531368,-0.214334,1.359441,1.136590,0.000000,0.000000
1.416626,1.162397,0.353119,0.054288,0.459344,-0.269019,1.339278,1.133021,0.000000,0.000000
1.405029,1.209540,0.271509,0.056685,0.418284,-0.272700,1.295081,1.129365,0.000000,0.000000
1.428833,1.231470,0.274119,0.057772,0.429407,-0.243990,1.274590,1.128490,0.000000,0.000000
1.295776,1.237900,0.080382,0.057885,0.430481,-0.226366,1.255660,1.130786,0.000000,0.000000
1.610107,1.275121,0.465259,0.059922,0.426608,-0.214633,1.238127,1.125218,0.000000,0.000000
1.356201,1.291625,0.089689,0.060353,0.414898,-0.196242,1.204977,1.141817,0.000000,0.000000
1.368408,1.299303,0.095980,0.060531,0.422534,-0.174817,1.190152,1.142204,0.000000,0.000000
1.525879,1.321961,0.283201,0.061645,0.411682,-0.172361,1.176127,1.144149,0.000000,0.000000
1.295776,1.319342,-0.032732,0.061173,0.410741,-0.160442,1.162768,1.157303,0.000000,0.000000
1.453247,1.346927,0.147668,0.062282,0.402182,-0.144792,1.138230,1.165137,0.000000,0.000000
1.344604,1.346694,-0.002903,0.061956,0.384836,-0.150310,1.126442,1.173426,0.000000,0.000000
1.344604,1.346485,-0.002609,0.061633,0.368552,-0.154388,1.114110,1.173249,0.000000,0.000000
1.199341,1.331771,-0.184120,0.060404,0.328434,-0.181499,1.100724,1.172064,0.000000,0.000000
1.295776,1.339104,-0.060178,0.060256,0.138604,-0.335130,1.059714,1.154703,0.000000,0.000000
1.453247,1.350519,0.142645,0.060668,0.017606,-0.430323,1.028316,1.134193,0.000000,0.000000
1.332397,1.348706,-0.022656,0.060251,-0.057056,-0.475585,0.991664,1.120769,0.000000,0.000000
1.416626,1.355498,0.084899,0.060375,-0.155845,-0.541545,0.950205,1.095436,0.000000,0.000000
1.489258,1.371135,0.164060,0.060749,-0.315834,-0.627384,0.855058,1.047018,0.000000,0.000000
1.441040,1.378125,0.087382,0.060882,-0.365572,-0.637507,0.803798,1.027997,0.000000,0.000000
1.368408,1.377154,-0.012146,0.060517,-0.386997,-0.619936,0.753313,1.007746,0.000000,0.000000
1.223755,1.361814,-0.191748,0.059256,-0.378621,-0.574367,0.705254,0.986272,0.000000,0.000000
1.054077,1.313122,-0.359600,0.055628,-0.367135,-0.497443,0.621493,0.935967,0.000000,0.000000
1.090698,1.290879,-0.278175,0.053959,-0.366337,-0.466404,0.582960,0.907125,0.000000,0.000000
1.102295,1.272021,-0.235713,0.052511,-0.306738,-0.379933,0.548831,0.886974,0.000000,0.000000
1.090698,1.253889,-0.226476,0.051116,-0.236500,-0.289011,0.523350,0.877246,0.000000,0.000000
0.945435,1.202918,-0.357598,0.047426,-0.077540,-0.103170,0.492612,0.873061,0.000000,0.000000
0.643311,1.146957,-0.699545,0.043692,0.019220,-0.001765,0.489431,0.874975,0.000000,0.000000
0.787964,1.111058,-0.448741,0.041229,0.091711,0.070955,0.492342,0.862057,0.000000,0.000000
0.787964,1.078748,-0.403868,0.039004,0.125432,0.102261,0.498984,0.863394,0.000000,0.000000
0.703735,1.026008,-0.447601,0.035324,0.266284,0.227485,0.526721,0.887606,0.000000,0.000000
0.546265,0.978034,-0.599687,0.032149,0.288499,0.238403,0.545514,0.893109,0.000000,0.000000
0.848999,0.965130,-0.161281,0.031182,0.082494,0.026131,0.557730,0.881132,0.000000,0.000000
0.643311,0.932948,-0.402300,0.029014,0.865752,0.794674,0.577814,0.898696,0.000000,0.000000
0.582886,0.875115,-0.405880,0.025118,0.705837,0.573432,0.670108,0.952952,0.000000,0.000000
0.691528,0.856757,-0.229429,0.023845,0.705647,0.543616,0.714295,0.970093,0.000000,0.000000
0.703735,0.841455,-0.191322,0.022770,0.699985,0.510118,0.755782,0.990867,0.000000,0.000000
0.582886,0.815598,-0.323207,0.021040,0.698667,0.482320,0.795227,1.009107,0.000000,0.000000
0.727539,0.784749,-0.079458,0.018909,0.699652,0.434258,0.868173,1.019700,0.000000,0.000000
0.655518,0.771826,-0.161542,0.018007,0.699265,0.411156,0.901969,1.032190,0.000000,0.000000
0.667114,0.761355,-0.130880,0.017263,0.700414,0.390768,0.934018,1.037267,0.000000,0.000000
0.800171,0.765236,0.048524,0.017419,0.700774,0.370673,0.964466,1.041255,0.000000,0.000000
0.812378,0.770952,0.057536,0.017602,0.706826,0.338521,1.021545,1.060712,0.000000,0.000000
0.800171,0.773874,0.036523,0.017697,0.708167,0.322253,1.047984,1.069139,0.000000,0.000000
0.703735,0.766860,-0.087674,0.017170,0.711561,0.308870,1.073246,1.075039,0.000000,0.000000
0.667114,0.756886,-0.124681,0.016461,0.711229,0.292579,1.097305,1.072834,0.000000,0.000000
0.836792,0.765531,0.098974,0.016837,0.712532,0.264408,1.141825,1.067290,0.000000,0.000000
0.800171,0.768995,0.043300,0.016969,0.712213,0.250590,1.162364,1.071283,0.000000,0.000000
0.981445,0.790240,0.265486,0.018212,0.710494,0.236228,1.181716,1.071381,0.000000,0.000000
0.751953,0.786411,-0.047873,0.017881,0.708802,0.222800,1.199857,1.082629,0.000000,0.000000
0.631104,0.762341,-0.182272,0.016201,0.706496,0.198840,1.233458,1.066152,0.000000,0.000000
0.727539,0.758861,-0.043503,0.015903,0.707755,0.190167,1.248856,1.051334,0.000000,0.000000
0.787964,0.761771,0.036342,0.016005,0.710592,0.183269,1.263963,1.043792,0.000000,0.000000
0.872803,0.772874,0.138932,0.016620,0.714063,0.177484,1.278386,1.040214,0.000000,0.000000
0.981445,0.789651,0.266377,0.017504,0.718404,0.164587,1.305486,1.033416,0.000000,0.000000
0.860596,0.796746,0.088681,0.017860,0.718469,0.156628,1.318286,1.042134,0.000000,0.000000
0.860596,0.803131,0.079809,0.018169,0.720148,0.150622,1.330630,1.041613,0.000000,0.000000
0.667114,0.789529,-0.170029,0.017228,0.720428,0.143674,1.342351,1.040532,0.000000,0.000000
0.812378,0.802604,0.013574,0.017870,0.722003,0.131683,1.364438,1.028381,0.000000,0.000000
0.631104,0.785454,-0.214376,0.016709,0.722953,0.126388,1.374743,1.023568,0.000000,0.000000
0.860596,0.792969,0.093928,0.017095,0.723883,0.121305,1.384624,1.006361,0.000000,0.000000
0.667114,0.780383,-0.157219,0.016223,0.725695,0.117330,1.394220,1.005641,0.000000,0.000000
0.643311,0.771753,-0.178391,0.015521,0.721489,0.102649,1.411743,0.988909,0.000000,0.000000
0.787964,0.773374,0.020264,0.015544,0.720542,0.096956,1.419737,0.973080,0.000000,0.000000
0.776367,0.773673,0.003741,0.015485,0.723049,0.094889,1.427472,0.967905,0.000000,0.000000
0.595093,0.755815,-0.223239,0.014292,0.721399,0.088892,1.434892,0.961993,0.000000,0.000000
0.909424,0.774069,0.187995,0.015289,0.722709,0.082146,1.448654,0.939646,0.000000,0.000000
0.885010,0.785163,0.138674,0.015906,0.730306,0.085924,1.455289,0.943944,0.000000,0.000000
0.885010,0.795148,0.124809,0.016450,0.736398,0.088068,1.462163,0.946521,0.000000,0.000000
0.812378,0.796871,0.021537,0.016476,0.735762,0.083279,1.469387,0.949254,0.000000,0.000000
0.860596,0.801398,0.082219,0.016595,0.782717,0.120099,1.486235,0.944491,0.000000,0.000000
0.727539,0.794012,-0.092324,0.016051,0.884076,0.212519,1.499856,0.951872,0.000000,0.000000
0.860596,0.800671,0.083224,0.016386,0.932054,0.248033,1.518704,0.954685,0.000000,0.000000
0.667114,0.787315,-0.166960,0.015470,1.003495,0.304045,1.541683,0.970308,0.000000,0.000000
0.631104,0.752197,-0.168383,0.013128,1.172427,0.431862,1.601879,0.979856,0.000000,0.000000
0.751953,0.752172,-0.000304,0.013061,1.252276,0.485937,1.639260,0.991965,0.000000,0.000000
0.715942,0.748549,-0.045287,0.012769,1.323054,0.528187,1.680563,1.015209,0.000000,0.000000
0.836792,0.757374,0.110304,0.013257,1.415001,0.588544,1.726171,1.038552,0.000000,0.000000
0.957642,0.791085,0.231329,0.015227,1.471841,0.580621,1.820230,1.103953,0.000000,0.000000
0.981445,0.810121,0.237951,0.016340,1.509174,0.585660,1.867190,1.138963,0.000000,0.000000
1.066284,0.835737,0.320184,0.017859,1.520188,0.565029,1.913466,1.172541,0.000000,0.000000
0.993652,0.851529,0.197404,0.018757,1.538834,0.553047,1.958367,1.208292,0.000000,0.000000
1.259766,0.919316,0.472841,0.022797,1.563651,0.519018,2.045102,1.270958,0.000000,0.000000
1.187134,0.946098,0.334777,0.024357,1.573493,0.501738,2.085431,1.308794,0.000000,0.000000
1.235352,0.975023,0.361567,0.026043,1.608079,0.509148,2.125870,1.339238,0.000000,0.000000
1.368408,1.014362,0.491725,0.028372,1.598693,0.473400,2.165488,1.370080,0.000000,0.000000
1.513672,1.096157,0.579295,0.033187,1.545886,0.375476,2.234621,1.433584,0.000000,0.000000
1.513672,1.137908,0.522423,0.035633,1.420624,0.235163,2.259120,1.462407,0.000000,0.000000
1.549683,1.179086,0.514692,0.038028,1.263555,0.072423,2.270580,1.476791,0.000000,0.000000
1.694946,1.230672,0.644858,0.041063,1.101797,-0.085458,2.268702,1.479881,0.000000,0.000000
1.755371,1.331463,0.588754,0.046936,0.952006,-0.210729,2.241274,1.487475,0.000000,0.000000
1.622314,1.360548,0.363564,0.048519,0.922600,-0.224965,2.223571,1.488726,0.000000,0.000000
1.730957,1.397589,0.463016,0.050591,0.892651,-0.238654,2.204454,1.479501,0.000000,0.000000
1.634521,1.421283,0.296165,0.051819,0.876523,-0.238608,2.185538,1.478479,0.000000,0.000000
1.561890,1.450195,0.155132,0.053104,0.870515,-0.213053,2.149064,1.462002,0.000000,0.000000
1.610107,1.466186,0.199890,0.053838,0.878050,-0.191312,2.133080,1.453498,0.000000,0.000000
1.707153,1.490283,0.301190,0.055075,0.870759,-0.185054,2.118156,1.449856,0.000000,0.000000
1.730957,1.514351,0.300760,0.056303,0.856460,-0.185722,2.103235,1.453054,0.000000,0.000000
1.682739,1.527833,0.215149,0.056585,0.817094,-0.197590,2.073271,1.444552,0.000000,0.000000
1.477051,1.522754,-0.063416,0.055985,0.739966,-0.258429,2.054908,1.443129,0.000000,0.000000
1.707153,1.541194,0.230724,0.056859,0.628744,-0.348637,2.029943,1.421501,0.000000,0.000000
1.719360,1.559011,0.222705,0.057688,0.513943,-0.437273,1.997734,1.410042,0.000000,0.000000
1.574097,1.560519,0.016761,0.057484,0.413970,-0.506265,1.953808,1.389115,0.000000,0.000000
1.465454,1.526142,-0.084288,0.054770,0.304513,-0.548177,1.867229,1.313570,0.000000,0.000000
1.525879,1.526116,-0.000329,0.054495,0.298317,-0.521042,1.824268,1.282781,0.000000,0.000000
1.477051,1.521209,-0.061336,0.053916,0.318493,-0.470410,1.785269,1.261989,0.000000,0.000000
1.489258,1.518014,-0.039940,0.053446,0.339471,-0.421393,1.749587,1.242474,0.000000,0.000000
1.525879,1.499898,0.036085,0.051787,0.368102,-0.342895,1.687011,1.204847,0.000000,0.000000
1.368408,1.486749,-0.164365,0.050707,0.391976,-0.298610,1.662065,1.202795,0.000000,0.000000
1.138916,1.451966,-0.434785,0.048279,0.436301,-0.236754,1.641011,1.193923,0.000000,0.000000
1.235352,1.430304,-0.270771,0.046684,0.541535,-0.118962,1.626562,1.176417,0.000000,0.000000
1.126709,1.376961,-0.347573,0.042892,0.952005,0.286470,1.639496,1.192756,0.000000,0.000000
0.885010,1.327766,-0.614523,0.039605,1.182053,0.495094,1.672531,1.219978,0.000000,0.000000
1.030273,1.298016,-0.372112,0.037547,1.363494,0.645266,1.719423,1.242168,0.000000,0.000000
1.138916,1.282106,-0.198875,0.036365,1.492818,0.737045,1.775276,1.281276,0.000000,0.000000
1.295776,1.270586,0.034986,0.035286,1.645178,0.803858,1.902045,1.379893,0.000000,0.000000
1.199341,1.263462,-0.089057,0.034665,1.690146,0.805218,1.966636,1.436006,0.000000,0.000000
1.211548,1.258270,-0.064894,0.034167,1.703215,0.775460,2.030214,1.480768,0.000000,0.000000
1.561890,1.288632,0.379519,0.035894,1.674853,0.707386,2.089443,1.519142,0.000000,0.000000
1.368408,1.294012,0.103329,0.035873,1.641988,0.605531,2.193421,1.600179,0.000000,0.000000
1.574097,1.322020,0.350088,0.037444,1.604930,0.538019,2.239740,1.628732,0.000000,0.000000
1.513672,1.341185,0.239579,0.038454,1.475127,0.384472,2.276950,1.660563,0.000000,0.000000
1.465454,1.353612,0.155334,0.039039,1.309651,0.205526,2.299795,1.672371,0.000000,0.000000
1.730957,1.428604,0.419936,0.043323,0.863527,-0.230852,2.294064,1.659697,0.000000,0.000000
1.658936,1.451637,0.287914,0.044546,0.696878,-0.376563,2.268390,1.639904,0.000000,0.000000
1.767578,1.483231,0.394463,0.046296,0.589444,-0.456578,2.233256,1.607545,0.000000,0.000000
1.574097,1.492318,0.113718,0.046633,0.527351,-0.489118,2.195291,1.582059,0.000000,0.000000
1.405029,1.474634,-0.096675,0.045066,0.470675,-0.484188,2.115313,1.494760,0.000000,0.000000
1.477051,1.474876,0.003020,0.044856,0.471577,-0.454407,2.077870,1.452838,0.000000,0.000000
1.549683,1.482357,0.093514,0.045099,0.460367,-0.438211,2.042558,1.420689,0.000000,0.000000
1.610107,1.495132,0.159690,0.045672,0.442250,-0.429694,2.008346,1.396709,0.000000,0.000000
1.428833,1.492313,-0.088166,0.045039,0.332793,-0.480519,1.932686,1.349734,0.000000,0.000000
1.453247,1.488406,-0.048833,0.044569,0.314838,-0.468547,1.893830,1.317926,0.000000,0.000000
1.344604,1.474026,-0.179753,0.043448,0.352459,-0.403788,1.858692,1.293519,0.000000,0.000000
1.162720,1.442895,-0.389133,0.041285,0.402501,-0.331197,1.829924,1.269485,0.000000,0.000000
1.066284,1.373536,-0.426739,0.036549,0.683362,-0.024915,1.799085,1.222609,0.000000,0.000000
1.018066,1.337989,-0.444310,0.034145,0.893624,0.181676,1.806409,1.219092,0.000000,0.000000
1.162720,1.320462,-0.219101,0.032879,1.140004,0.411284,1.832049,1.230074,0.000000,0.000000
1.041870,1.292603,-0.347879,0.030975,1.326343,0.570542,1.872540,1.264321,0.000000,0.000000
1.187134,1.269323,-0.114153,0.029214,1.569517,0.740159,1.981052,1.343161,0.000000,0.000000
1.344604,1.276851,0.094101,0.029539,1.661293,0.789559,2.043385,1.392231,0.000000,0.000000
1.405029,1.289669,0.160222,0.030192,1.721096,0.805981,2.107227,1.450106,0.000000,0.000000
1.525879,1.313290,0.295262,0.031517,1.763866,0.804647,2.172213,1.509237,0.000000,0.000000
1.368408,1.337935,0.042324,0.032737,1.815766,0.771234,2.298365,1.627997,0.000000,0.000000
1.719360,1.376077,0.476752,0.034957,1.847661,0.761615,2.359846,1.669203,0.000000,0.000000
1.658936,1.404363,0.353591,0.036550,1.793593,0.669518,2.416882,1.727162,0.000000,0.000000
1.791382,1.443065,0.483774,0.038786,1.673092,0.517938,2.464431,1.767968,0.000000,0.000000
1.888428,1.536363,0.488979,0.044213,1.082660,-0.088669,2.496176,1.812481,0.000000,0.000000
1.730957,1.555823,0.243175,0.045208,0.789376,-0.364525,2.476037,1.798248,0.000000,0.000000
1.828003,1.583041,0.340323,0.046684,0.587230,-0.536836,2.437991,1.757194,0.000000,0.000000
1.658936,1.590630,0.094867,0.046925,0.457865,-0.629559,2.390151,1.716176,0.000000,0.000000
1.682739,1.588575,0.130937,0.046334,0.319815,-0.685633,2.281606,1.595056,0.000000,0.000000
1.815796,1.611297,0.284009,0.047522,0.337839,-0.628326,2.229412,1.551080,0.000000,0.000000
1.574097,1.607577,-0.046503,0.047052,0.326421,-0.602710,2.180609,1.522361,0.000000,0.000000
1.598511,1.606671,-0.011332,0.046760,0.286861,-0.605052,2.131634,1.479003,0.000000,0.000000
1.574097,1.586309,-0.016962,0.045027,0.293706,-0.528120,2.039383,1.397199,0.000000,0.000000
1.332397,1.560918,-0.317390,0.043215,0.390933,-0.402800,2.002703,1.374162,0.000000,0.000000
1.235352,1.528361,-0.406953,0.040964,0.536314,-0.237937,1.977899,1.347658,0.000000,0.000000
1.332397,1.508765,-0.244957,0.039535,0.744833,-0.020527,1.967765,1.330429,0.000000,0.000000
1.344604,1.475377,-0.181629,0.037059,1.283331,0.490341,2.011240,1.370942,0.000000,0.000000
1.102295,1.438069,-0.466318,0.034542,1.506065,0.679538,2.061011,1.416865,0.000000,0.000000
1.307983,1.425060,-0.162542,0.033557,1.676393,0.808307,2.122205,1.454118,0.000000,0.000000
1.211548,1.403709,-0.267017,0.032054,1.800092,0.885783,2.190082,1.509198,0.000000,0.000000
1.332397,1.403179,-0.098306,0.031699,2.015629,0.997783,2.341698,1.628582,0.000000,0.000000
1.501465,1.413007,0.122860,0.032155,2.009079,0.937745,2.420352,1.683703,0.000000,0.000000
1.453247,1.417031,0.050250,0.032245,1.933997,0.815444,2.490451,1.738358,0.000000,0.000000
1.876221,1.462950,0.574561,0.034957,1.815989,0.658388,2.548916,1.774875,0.000000,0.000000
1.767578,1.521928,0.341176,0.038284,1.345539,0.147297,2.614212,1.841092,0.000000,0.000000
1.670532,1.536788,0.185746,0.039022,1.148443,-0.048224,2.615757,1.837501,0.000000,0.000000
1.707153,1.553825,0.212969,0.039891,1.065372,-0.123069,2.607517,1.818243,0.000000,0.000000
1.658936,1.564336,0.131388,0.040349,1.055056,-0.124169,2.597665,1.801265,0.000000,0.000000
1.791382,1.592259,0.276563,0.041690,1.027142,-0.133903,2.578405,1.762245,0.000000,0.000000
1.888428,1.621876,0.370207,0.043332,0.996876,-0.153536,2.566760,1.753068,0.000000,0.000000
1.912231,1.650911,0.362949,0.044930,0.990157,-0.149269,2.554628,1.750654,0.000000,0.000000
1.876221,1.673442,0.281503,0.046113,1.004355,-0.124762,2.543509,1.751002,0.000000,0.000000
1.900635,1.714411,0.258644,0.048208,0.912763,-0.194333,2.520041,1.745604,0.000000,0.000000
2.045288,1.747499,0.413575,0.050035,0.764262,-0.324944,2.498972,1.735914,0.000000,0.000000
1.888428,1.761592,0.176173,0.050666,0.584299,-0.477780,2.465132,1.724478,0.000000,0.000000
2.094116,1.794844,0.415651,0.052491,0.446191,-0.582263,2.421918,1.694209,0.000000,0.000000
1.864014,1.814523,0.068735,0.053192,0.320291,-0.630734,2.320736,1.642377,0.000000,0.000000
1.828003,1.815871,0.016849,0.053011,0.377716,-0.537720,2.274175,1.612911,0.000000,0.000000
1.610107,1.795295,-0.257208,0.051460,0.550052,-0.338397,2.239427,1.594354,0.000000,0.000000
1.489258,1.764691,-0.382542,0.049290,0.844424,-0.032088,2.225452,1.582188,0.000000,0.000000
1.489258,1.711260,-0.308336,0.045468,1.575419,0.662639,2.281996,1.622660,0.000000,0.000000
1.405029,1.680637,-0.382765,0.043326,1.915411,0.956876,2.349384,1.678220,0.000000,0.000000
1.356201,1.648193,-0.405571,0.041082,2.074167,1.059237,2.432439,1.739188,0.000000,0.000000
1.682739,1.651648,0.043183,0.041092,1.929713,0.863073,2.509772,1.787096,0.000000,0.000000
1.900635,1.668468,0.322591,0.041738,1.145186,0.035096,2.580996,1.829569,0.000000,0.000000
1.779785,1.679600,0.139146,0.042225,0.710056,-0.384159,2.563424,1.817401,0.000000,0.000000
1.876221,1.699262,0.245775,0.043242,0.439913,-0.620735,2.520110,1.773296,0.000000,0.000000
1.598511,1.689187,-0.125939,0.042396,0.236911,-0.780136,2.462392,1.724977,0.000000,0.000000
1.634521,1.674461,-0.055470,0.041056,0.320294,-0.608132,2.342815,1.597347,0.000000,0.000000
1.840210,1.691036,0.207175,0.041887,0.630061,-0.273227,2.309144,1.567797,0.000000,0.000000
1.682739,1.690206,-0.010372,0.041626,0.976123,0.078264,2.303507,1.581057,0.000000,0.000000
1.320190,1.653205,-0.462526,0.039105,1.332207,0.419890,2.326049,1.609685,0.000000,0.000000
1.501465,1.622177,-0.167656,0.036781,1.792690,0.807283,2.434336,1.683112,0.000000,0.000000
1.477051,1.607664,-0.181409,0.035690,1.814960,0.786402,2.498501,1.732177,0.000000,0.000000
1.416626,1.588560,-0.238797,0.034318,1.772877,0.704138,2.558684,1.772404,0.000000,0.000000
1.405029,1.570207,-0.229411,0.032999,1.644216,0.542639,2.608541,1.795883,0.000000,0.000000
1.828003,1.599578,0.316889,0.034502,1.098982,-0.024564,2.647170,1.793233,0.000000,0.000000
1.864014,1.626022,0.330913,0.035985,0.821197,-0.289223,2.632352,1.781299,0.000000,0.000000
1.767578,1.640177,0.176954,0.036689,0.638723,-0.447354,2.601318,1.757149,0.000000,0.000000
1.658936,1.642053,0.023448,0.036623,0.506510,-0.548426,2.560536,1.718776,0.000000,0.000000
1.549683,1.662625,-0.156863,0.037533,0.423293,-0.561551,2.467214,1.646003,0.000000,0.000000
1.791382,1.675501,0.160948,0.038150,0.475032,-0.478892,2.426046,1.600094,0.000000,0.000000
1.634521,1.671403,-0.051224,0.037703,0.570298,-0.358176,2.392586,1.581117,0.000000,0.000000
1.307983,1.635061,-0.454274,0.035244,0.798250,-0.116257,2.374875,1.567900,0.000000,0.000000
1.465454,1.600638,-0.187758,0.032747,1.338281,0.407125,2.401999,1.568818,0.000000,0.000000
1.465454,1.587120,-0.168970,0.031738,1.544149,0.584979,2.443682,1.601763,0.000000,0.000000
1.356201,1.564028,-0.288667,0.030136,1.681925,0.687508,2.495815,1.642441,0.000000,0.000000
1.610107,1.568636,0.057598,0.030273,1.723165,0.690488,2.552472,1.677215,0.000000,0.000000
1.743164,1.602895,0.194815,0.032107,1.605882,0.510598,2.646791,1.765200,0.000000,0.000000
1.840210,1.626626,0.296340,0.033428,1.508781,0.390430,2.682554,1.797879,0.000000,0.000000
1.864014,1.650365,0.297042,0.034746,1.326525,0.194740,2.704983,1.822137,0.000000,0.000000
1.851807,1.670509,0.251801,0.035831,1.175652,0.040800,2.712689,1.832297,0.000000,0.000000
1.997070,1.721679,0.381819,0.038662,1.094715,-0.034179,2.710313,1.834218,0.000000,0.000000
1.888428,1.738354,0.185553,0.039397,1.073455,-0.050646,2.706236,1.841385,0.000000,0.000000
1.791382,1.743657,0.066290,0.039531,1.066052,-0.052783,2.701942,1.840472,0.000000,0.000000
1.670532,1.736345,-0.091404,0.038876,1.076374,-0.037846,2.698501,1.833848,0.000000,0.000000
1.924438,1.756866,0.232740,0.039771,0.972081,-0.128596,2.685853,1.806306,0.000000,0.000000
1.803589,1.761539,0.058404,0.039864,0.895167,-0.193711,2.672554,1.801574,0.000000,0.000000
1.815796,1.766964,0.067822,0.040004,0.837657,-0.236322,2.654762,1.784667,0.000000,0.000000
1.719360,1.762204,-0.059504,0.039506,0.796468,-0.260899,2.634513,1.767391,0.000000,0.000000
1.767578,1.759929,0.010623,0.038971,0.848593,-0.177308,2.595894,1.726314,0.000000,0.000000
1.586304,1.742567,-0.217016,0.037691,0.997428,-0.021191,2.588107,1.721735,0.000000,0.000000
1.912231,1.759533,0.212007,0.038562,1.192811,0.170691,2.595363,1.719563,0.000000,0.000000
1.743164,1.757896,-0.020469,0.038267,1.389388,0.353244,2.617643,1.754054,0.000000,0.000000
1.803589,1.783991,0.027218,0.039509,1.516021,0.434871,2.687390,1.834451,0.000000,0.000000
1.815796,1.787172,0.039756,0.039510,1.365900,0.267444,2.715747,1.859415,0.000000,0.000000
1.791382,1.787593,0.005263,0.039339,1.128900,0.025880,2.726267,1.866416,0.000000,0.000000
1.840210,1.792854,0.065772,0.039471,0.843288,-0.249091,2.715376,1.850776,0.000000,0.000000
1.803589,1.811209,-0.010583,0.040219,0.601719,-0.439758,2.650321,1.798778,0.000000,0.000000
1.743164,1.804404,-0.085052,0.039592,0.763158,-0.257091,2.622705,1.772761,0.000000,0.000000
1.658936,1.789857,-0.181847,0.038485,1.018127,0.005785,2.613652,1.762204,0.000000,0.000000
1.791382,1.790010,0.001906,0.038302,1.275191,0.255733,2.625894,1.767011,0.000000,0.000000
1.791382,1.807684,-0.022643,0.039019,1.493724,0.432885,2.690141,1.843033,0.000000,0.000000
1.815796,1.808495,0.010140,0.038874,1.358259,0.279459,2.719248,1.867313,0.000000,0.000000
1.984863,1.826132,0.220460,0.039782,1.076380,-0.006181,2.728782,1.872811,0.000000,0.000000
2.081909,1.851710,0.319527,0.041181,0.817415,-0.252927,2.715542,1.867653,0.000000,0.000000
1.755371,1.831208,-0.105329,0.039492,0.836318,-0.197006,2.669469,1.829421,0.000000,0.000000
1.598511,1.807938,-0.290854,0.037840,1.184712,0.152306,2.670010,1.825059,0.000000,0.000000
1.767578,1.803902,-0.050453,0.037399,1.480019,0.430177,2.696681,1.835310,0.000000,0.000000
1.634521,1.786964,-0.211726,0.036153,1.510042,0.436649,2.733087,1.865543,0.000000,0.000000
1.900635,1.816142,0.117351,0.037610,0.878618,-0.202921,2.752952,1.876214,0.000000,0.000000
1.888428,1.823371,0.090359,0.037874,0.682890,-0.377151,2.726205,1.852206,0.000000,0.000000
1.682739,1.809308,-0.175789,0.036806,0.841898,-0.199371,2.701972,1.831560,0.000000,0.000000
1.658936,1.794270,-0.187965,0.035682,1.276274,0.233592,2.705250,1.824784,0.000000,0.000000
1.779785,1.787124,-0.010192,0.034881,1.155368,0.085211,2.750519,1.849330,0.000000,0.000000
1.828003,1.791212,0.051096,0.034962,0.771809,-0.287150,2.738914,1.833337,0.000000,0.000000
2.094116,1.821502,0.378655,0.036681,0.952532,-0.092050,2.720564,1.815524,0.000000,0.000000
1.840210,1.823373,0.023384,0.036614,1.451757,0.396320,2.736985,1.850378,0.000000,0.000000
1.719360,1.804654,-0.118604,0.035082,0.937407,-0.141088,2.777546,1.877906,0.000000,0.000000
1.803589,1.804548,-0.001332,0.034900,0.736001,-0.322034,2.752103,1.842730,0.000000,0.000000
1.707153,1.794808,-0.121744,0.034117,1.315920,0.257373,2.753196,1.841386,0.000000,0.000000
1.900635,1.805391,0.132282,0.034607,1.539932,0.458930,2.786985,1.864673,0.000000,0.000000
1.658936,1.788441,-0.179867,0.033204,0.689726,-0.384677,2.786442,1.859053,0.000000,0.000000
1.743164,1.783913,-0.056593,0.032755,0.952531,-0.105333,2.764551,1.824655,0.000000,0.000000
1.428833,1.748405,-0.443878,0.030371,1.343478,0.279338,2.774666,1.828959,0.000000,0.000000
1.465454,1.720110,-0.353688,0.028451,1.534694,0.449053,2.806940,1.832730,0.000000,0.000000
1.670532,1.710690,-0.055775,0.027580,1.124256,0.014767,2.846955,1.834651,0.000000,0.000000
1.900635,1.729685,0.237428,0.028629,0.945375,-0.156680,2.839264,1.816074,0.000000,0.000000
1.803589,1.737075,0.092375,0.028948,0.856441,-0.231543,2.821892,1.805166,0.000000,0.000000
1.598511,1.723219,-0.173216,0.027937,0.984568,-0.092497,2.808207,1.792029,0.000000,0.000000
1.477051,1.696057,-0.303864,0.025963,1.588845,0.481726,2.853104,1.815710,0.000000,0.000000
1.658936,1.692345,-0.046446,0.025601,1.546856,0.416338,2.888577,1.826628,0.000000,0.000000
1.719360,1.695047,0.033771,0.025642,1.477414,0.327802,2.918015,1.843373,0.000000,0.000000
1.851807,1.710723,0.195950,0.026494,1.323473,0.162322,2.937058,1.853101,0.000000,0.000000
1.549683,1.694619,-0.201302,0.025355,1.120914,-0.041006,2.941055,1.856744,0.000000,0.000000
1.924438,1.729605,0.270602,0.027284,0.847566,-0.288428,2.909296,1.805575,0.000000,0.000000
1.682739,1.724919,-0.058582,0.026855,0.805857,-0.310763,2.884145,1.789569,0.000000,0.000000
1.646729,1.717100,-0.097738,0.026232,0.913817,-0.187314,2.863863,1.762961,0.000000,0.000000
1.598511,1.703247,-0.145467,0.025105,1.353738,0.248740,2.871855,1.759129,0.000000,0.000000
1.670532,1.699975,-0.040891,0.024775,1.517640,0.394745,2.898618,1.773901,0.000000,0.000000
1.851807,1.715159,0.189801,0.025601,1.546411,0.401686,2.931545,1.798388,0.000000,0.000000
1.997070,1.743350,0.352205,0.027234,1.455743,0.293506,2.958861,1.828114,0.000000,0.000000
1.924438,1.770176,0.214256,0.028636,1.279673,0.100575,2.987890,1.866135,0.000000,0.000000
1.924438,1.785602,0.192657,0.029456,1.206111,0.025790,2.992209,1.874199,0.000000,0.000000
2.045288,1.811571,0.324891,0.030933,1.160563,-0.017868,2.992069,1.877458,0.000000,0.000000
1.924438,1.822858,0.141084,0.031484,1.142161,-0.032980,2.989932,1.886808,0.000000,0.000000
2.166138,1.857186,0.429105,0.033472,1.136151,-0.035179,2.987053,1.886609,0.000000,0.000000
1.828003,1.851641,-0.032830,0.032792,1.148953,-0.015876,2.983088,1.896690,0.000000,0.000000
1.840210,1.850498,-0.014289,0.032557,1.154767,-0.007638,2.982235,1.891212,0.000000,0.000000
2.021484,1.867597,0.213731,0.033463,1.145756,-0.014266,2.981476,1.887018,0.000000,0.000000
2.178345,1.912521,0.369194,0.035932,0.918580,-0.226351,2.966306,1.890263,0.000000,0.000000
2.081909,1.929460,0.211735,0.036811,0.917705,-0.210350,2.945208,1.889667,0.000000,0.000000
2.094116,1.945926,0.205821,0.037656,1.329604,0.201132,2.947121,1.904744,0.000000,0.000000
2.033691,1.954702,0.109707,0.038016,1.401394,0.258715,2.970036,1.939542,0.000000,0.000000
1.876221,1.949569,-0.101896,0.037315,1.260630,0.125172,2.966508,1.945164,0.000000,0.000000
1.888428,1.943455,-0.076422,0.036747,1.387243,0.236648,2.990569,1.963501,0.000000,0.000000
2.045288,1.953638,0.127298,0.037199,0.965274,-0.178390,2.985462,1.953341,0.000000,0.000000
2.105713,1.968845,0.190096,0.037964,1.506759,0.355758,2.996548,1.970450,0.000000,0.000000
2.105713,1.998146,0.149398,0.039411,1.421277,0.258806,3.019196,2.011258,0.000000,0.000000
2.117920,2.010123,0.149720,0.039963,1.383703,0.205317,3.045127,2.042423,0.000000,0.000000
1.961060,2.005217,-0.061329,0.039456,1.393486,0.213091,3.051232,2.053454,0.000000,0.000000
1.997070,2.004402,-0.010183,0.039208,1.448444,0.250271,3.079496,2.074184,0.000000,0.000000
1.803589,1.996735,-0.268258,0.038333,1.568534,0.344420,3.122448,2.114398,0.000000,0.000000
1.997070,1.996768,0.000419,0.038144,1.602972,0.366286,3.143092,2.113119,0.000000,0.000000
1.864014,1.983493,-0.165954,0.037123,1.405786,0.156848,3.164518,2.125627,0.000000,0.000000
1.803589,1.965503,-0.224881,0.035813,1.794487,0.524755,3.195053,2.137278,0.000000,0.000000
1.828003,1.931742,-0.144050,0.033353,1.784270,0.473276,3.259334,2.149231,0.000000,0.000000
1.610107,1.899579,-0.402134,0.031176,1.893580,0.561386,3.291734,2.158523,0.000000,0.000000
1.888428,1.898463,-0.013939,0.030950,1.698972,0.341526,3.331191,2.158880,0.000000,0.000000
1.840210,1.892638,-0.072818,0.030431,2.148430,0.759155,3.376642,2.184247,0.000000,0.000000
2.033691,1.910704,0.170819,0.031255,2.241417,0.783234,3.479105,2.240793,0.000000,0.000000
1.924438,1.912078,0.017167,0.031185,2.153005,0.661165,3.530141,2.275523,0.000000,0.000000
2.033691,1.924239,0.152025,0.031789,2.341981,0.803872,3.597739,2.316380,0.000000,0.000000
2.166138,1.948429,0.302373,0.033142,2.441449,0.865385,3.654161,2.351247,0.000000,0.000000
2.021484,1.952477,0.095843,0.033066,2.428615,0.762514,3.787624,2.432301,0.000000,0.000000
2.105713,1.967800,0.191545,0.033858,2.467839,0.758957,3.850995,2.465026,0.000000,0.000000
2.009277,1.971948,0.051848,0.033948,2.421812,0.676243,3.906031,2.493269,0.000000,0.000000
2.117920,1.986545,0.182462,0.034690,2.451882,0.669929,3.960329,2.512357,0.000000,0.000000
2.202759,2.026527,0.244766,0.036837,2.446984,0.598222,4.060936,2.558409,0.000000,0.000000
2.009277,2.024802,-0.021551,0.036545,2.428757,0.549922,4.106722,2.578051,0.000000,0.000000
2.286987,2.051021,0.327886,0.038002,2.417197,0.510684,4.149004,2.579865,0.000000,0.000000
2.130127,2.058931,0.098885,0.038306,2.401030,0.469223,4.188052,2.597325,0.000000,0.000000
2.033691,2.068253,-0.048002,0.038503,2.414078,0.435957,4.260017,2.606595,0.000000,0.000000
1.864014,2.047829,-0.255299,0.037034,2.410243,0.410423,4.293971,2.600160,0.000000,0.000000
1.948853,2.037932,-0.123712,0.036230,2.414128,0.393708,4.326205,2.580996,0.000000,0.000000
2.045288,2.038667,0.009195,0.036095,2.407328,0.367611,4.356566,2.567100,0.000000,0.000000
1.730957,2.000911,-0.374942,0.033377,2.372345,0.298919,4.410305,2.542458,0.000000,0.000000
1.936646,1.994485,-0.080327,0.032809,2.332198,0.245516,4.431974,2.508045,0.000000,0.000000
1.840210,1.979057,-0.192853,0.031680,2.278755,0.182337,4.448646,2.485157,0.000000,0.000000
1.984863,1.979638,0.007257,0.031558,2.196723,0.094783,4.459349,2.451549,0.000000,0.000000
2.069702,1.998947,0.098270,0.032447,2.015110,-0.082618,4.459154,2.397216,0.000000,0.000000
1.984863,1.997539,-0.017606,0.032197,1.935427,-0.153350,4.449310,2.365514,0.000000,0.000000
1.961060,1.993891,-0.045546,0.031808,1.864448,-0.211451,4.433869,2.324852,0.000000,0.000000
1.622314,1.956733,-0.465023,0.029324,1.805748,-0.254773,4.414769,2.281840,0.000000,0.000000
1.840210,1.925860,-0.118957,0.027108,1.719968,-0.305197,4.369410,2.161468,0.000000,0.000000
1.791382,1.912412,-0.168087,0.026132,1.680171,-0.325292,4.343740,2.115064,0.000000,0.000000
1.489258,1.870097,-0.528968,0.023357,1.668164,-0.317505,4.317745,2.068199,0.000000,0.000000
1.574097,1.840497,-0.370005,0.021390,1.706973,-0.261038,4.294347,2.006504,0.000000,0.000000
1.549683,1.811415,-0.323109,0.019667,1.755699,-0.198724,4.274181,1.957911,0.000000,0.000000
1.549683,1.751908,-0.280837,0.015764,1.726469,-0.203052,4.241930,1.867093,0.000000,0.000000
1.405029,1.717220,-0.433653,0.013517,1.775489,-0.143647,4.228229,1.832443,0.000000,0.000000
1.501465,1.695645,-0.269691,0.012101,1.827973,-0.083570,4.218274,1.793916,0.000000,0.000000
1.392822,1.665362,-0.378528,0.010147,1.933050,0.023301,4.216307,1.772213,0.000000,0.000000
1.416626,1.610522,-0.269286,0.006629,2.149347,0.225538,4.236959,1.737741,0.000000,0.000000
1.489258,1.598396,-0.151588,0.005838,2.226452,0.288190,4.257777,1.735877,0.000000,0.000000
1.138916,1.552448,-0.574112,0.002938,2.284060,0.328327,4.282912,1.743195,0.000000,0.000000
1.356201,1.532823,-0.245412,0.001697,2.288594,0.314725,4.308923,1.727028,0.000000,0.000000
1.549683,1.508835,0.056733,0.000189,2.460989,0.445464,4.367574,1.725539,0.000000,0.000000
1.441040,1.502056,-0.084744,-0.000235,2.461690,0.422823,4.400709,1.745311,0.000000,0.000000
1.428833,1.494733,-0.091530,-0.000692,2.463306,0.401509,4.433320,1.755843,0.000000,0.000000
1.428833,1.488143,-0.082375,-0.001100,2.470276,0.386122,4.465045,1.763984,0.000000,0.000000
1.356201,1.464173,-0.149951,-0.002584,2.481512,0.355102,4.524789,1.771068,0.000000,0.000000
1.513672,1.469123,0.061877,-0.002261,2.480363,0.334428,4.552334,1.769239,0.000000,0.000000
1.392822,1.461493,-0.095378,-0.002727,2.480403,0.316022,4.578366,1.776785,0.000000,0.000000
1.284180,1.443762,-0.221641,-0.003821,2.481986,0.300088,4.603048,1.774316,0.000000,0.000000
1.392822,1.436225,-0.060283,-0.004253,2.484100,0.269647,4.648695,1.761134,0.000000,0.000000
1.320190,1.424622,-0.145043,-0.004957,2.482604,0.253192,4.669620,1.756132,0.000000,0.000000
1.513672,1.433527,0.111313,-0.004376,2.482719,0.239231,4.689225,1.745277,0.000000,0.000000
1.513672,1.441541,0.100138,-0.003854,2.483726,0.226972,4.707737,1.747257,0.000000,0.000000
1.284180,1.412686,-0.178470,-0.005614,2.482424,0.201230,4.741778,1.733235,0.000000,0.000000
1.525879,1.424006,0.141498,-0.004879,2.483128,0.190576,4.757461,1.717735,0.000000,0.000000
1.392822,1.420887,-0.038980,-0.005049,2.482968,0.179775,4.772192,1.718796,0.000000,0.000000
1.344604,1.413259,-0.095354,-0.005501,2.481536,0.168244,4.786157,1.710011,0.000000,0.000000
1.356201,1.393739,-0.052137,-0.006661,2.482529,0.150525,4.811803,1.679963,0.000000,0.000000
1.368408,1.391206,-0.031663,-0.006786,2.482476,0.141835,4.823542,1.669200,0.000000,0.000000
1.199341,1.372019,-0.239394,-0.007949,2.483337,0.134565,4.834565,1.659315,0.000000,0.000000
1.416626,1.376480,0.055861,-0.007630,2.485911,0.129197,4.845196,1.638239,0.000000,0.000000
1.247559,1.335670,-0.122371,-0.010095,2.486632,0.115140,4.864820,1.603470,0.000000,0.000000
1.405029,1.342606,0.086705,-0.009611,2.486877,0.108547,4.873732,1.587818,0.000000,0.000000
1.356201,1.343966,0.016993,-0.009478,2.487938,0.103108,4.882210,1.583511,0.000000,0.000000
1.211548,1.330724,-0.165522,-0.010258,2.485714,0.094811,4.890090,1.575607,0.000000,0.000000
1.211548,1.310223,-0.137102,-0.011434,2.486453,0.084294,4.904403,1.542661,0.000000,0.000000
1.295776,1.308778,-0.018057,-0.011467,2.487049,0.079591,4.911016,1.526494,0.000000,0.000000
1.307983,1.308699,-0.000994,-0.011415,2.488721,0.076273,4.917178,1.516718,0.000000,0.000000
1.247559,1.302585,-0.076424,-0.011740,2.486223,0.069051,4.922997,1.508103,0.000000,0.000000
1.199341,1.285166,-0.119191,-0.012709,2.486062,0.060275,4.933326,1.481818,0.000000,0.000000
1.235352,1.280184,-0.062271,-0.012957,2.484974,0.055138,4.938070,1.467166,0.000000,0.000000
1.114502,1.263616,-0.207105,-0.013928,2.489068,0.055380,4.942532,1.455686,0.000000,0.000000
1.235352,1.260790,-0.035330,-0.014035,2.487760,0.050411,4.946618,1.436417,0.000000,0.000000
1.332397,1.281976,0.070031,-0.012575,2.492643,0.048809,4.953724,1.428908,0.000000,0.000000
1.356201,1.289398,0.092781,-0.012049,2.480851,0.034292,4.956596,1.425099,0.000000,0.000000
1.332397,1.293698,0.053748,-0.011720,2.481884,0.032896,4.959119,1.422831,0.000000,0.000000
1.187134,1.283042,-0.133208,-0.012327,2.477641,0.026478,4.961277,1.418751,0.000000,0.000000
1.126709,1.267511,-0.195336,-0.013174,2.477750,0.022597,4.964975,1.398361,0.000000,0.000000
1.247559,1.265516,-0.024968,-0.013233,2.474748,0.017797,4.966486,1.381351,0.000000,0.000000
1.211548,1.260119,-0.067460,-0.013504,2.476704,0.017934,4.968004,1.373714,0.000000,0.000000
1.307983,1.264905,0.059831,-0.013137,2.477095,0.016547,4.969449,1.364080,0.000000,0.000000
1.284180,1.283784,0.000550,-0.011832,2.474884,0.011377,4.971667,1.368627,0.000000,0.000000
1.247559,1.280161,-0.045281,-0.011999,2.475303,0.010474,4.972607,1.363788,0.000000,0.000000
1.199341,1.272079,-0.101025,-0.012444,2.473471,0.007484,4.973310,1.356563,0.000000,0.000000
1.284180,1.273289,0.015126,-0.012307,2.476233,0.008990,4.974090,1.346628,0.000000,0.000000
1.162720,1.261015,-0.136511,-0.012950,2.472590,0.003284,4.975053,1.337656,0.000000,0.000000
1.368408,1.271754,0.134252,-0.012214,2.472791,0.002555,4.975333,1.326039,0.000000,0.000000
1.368408,1.281420,0.120817,-0.011549,2.473323,0.002248,4.975546,1.329122,0.000000,0.000000
1.344604,1.287738,0.078981,-0.011097,2.473423,0.001577,4.975718,1.331955,0.000000,0.000000
1.525879,1.310133,0.299642,-0.009586,2.471215,-0.001857,4.975685,1.328642,0.000000,0.000000
1.344604,1.313581,0.043050,-0.009323,2.475405,0.001682,4.975834,1.342183,0.000000,0.000000
1.537476,1.335970,0.280128,-0.007875,2.477695,0.003255,4.976094,1.342597,0.000000,0.000000
1.489258,1.351299,0.191612,-0.006878,2.479584,0.004506,4.976361,1.356093,0.000000,0.000000
1.356201,1.359866,-0.005090,-0.006277,2.477486,0.001372,4.976790,1.370685,0.000000,0.000000
1.295776,1.353457,-0.080117,-0.006646,2.478773,0.002176,4.976973,1.369875,0.000000,0.000000
1.320190,1.350130,-0.041583,-0.006821,2.478297,0.001218,4.977131,1.364992,0.000000,0.000000
1.247559,1.339873,-0.128214,-0.007428,2.477971,0.000471,4.977184,1.361999,0.000000,0.000000
1.332397,1.337354,-0.006884,-0.007510,2.478465,0.000162,4.977121,1.351856,0.000000,0.000000
1.501465,1.353765,0.205141,-0.006447,2.479488,0.000728,4.977161,1.350573,0.000000,0.000000
1.428833,1.361272,0.093834,-0.005946,2.479559,0.000421,4.977183,1.360845,0.000000,0.000000
1.307983,1.355943,-0.066612,-0.006249,2.477857,-0.001584,4.977145,1.365426,0.000000,0.000000
