-0.148926,-0.017419,-0.182657,-0.001151,-0.001674,-0.001635,-0.000060,-0.009114,0.000000,0.000000
-0.306396,-0.046317,-0.360829,-0.002949,-0.001229,-0.001229,-0.000104,-0.018655,0.000000,0.000000
-0.306396,-0.072325,-0.325453,-0.004562,-0.002411,-0.002471,-0.000269,-0.038361,0.000000,0.000000
-0.596313,-0.124724,-0.654985,-0.007814,-0.001550,-0.001800,-0.000420,-0.056714,0.000000,0.000000
-0.668945,-0.212910,-0.633382,-0.013236,-0.001313,-0.002439,-0.000860,-0.121397,0.000000,0.000000
-0.741577,-0.265777,-0.660834,-0.016474,0.000685,-0.001158,-0.001104,-0.158827,0.000000,0.000000
-0.910645,-0.330263,-0.806085,-0.020422,0.001023,-0.001629,-0.001488,-0.198783,0.000000,0.000000
-0.874634,-0.384700,-0.680463,-0.023722,-0.000922,-0.004650,-0.001862,-0.247505,0.000000,0.000000
-1.140137,-0.517357,-0.864972,-0.031757,-0.003492,-0.010018,-0.002760,-0.340475,0.000000,0.000000
-1.019287,-0.567550,-0.627413,-0.034735,0.003668,-0.004670,-0.003294,-0.395307,0.000000,0.000000
-1.140137,-0.624809,-0.715733,-0.038140,0.003403,-0.006672,-0.004127,-0.438492,0.000000,0.000000
-1.212769,-0.683605,-0.734950,-0.041624,-0.001112,-0.012971,-0.005126,-0.487116,0.000000,0.000000
-1.164551,-0.771743,-0.545566,-0.046704,-0.003609,-0.019095,-0.007855,-0.579170,0.000000,0.000000
-0.971069,-0.791676,-0.249157,-0.047716,-0.005215,-0.022616,-0.009397,-0.620418,0.000000,0.000000
-0.995483,-0.812057,-0.253539,-0.048745,-0.004046,-0.023405,-0.010988,-0.645765,0.000000,0.000000
-0.814209,-0.812272,-0.002703,-0.048515,-0.001621,-0.022926,-0.012687,-0.671149,0.000000,0.000000
-0.922852,-0.831085,-0.127454,-0.049204,-0.003619,-0.027946,-0.017058,-0.699695,0.000000,0.000000
-0.862427,-0.834219,-0.039177,-0.049154,-0.005025,-0.030659,-0.019501,-0.717195,0.000000,0.000000
-0.862427,-0.837040,-0.035260,-0.049084,-0.006950,-0.033711,-0.022147,-0.729595,0.000000,0.000000
-1.212769,-0.874613,-0.469661,-0.051187,-0.006944,-0.034779,-0.024847,-0.741204,0.000000,0.000000
-1.079712,-0.899464,-0.250344,-0.052228,-0.009582,-0.039373,-0.030816,-0.788929,0.000000,0.000000
-1.128540,-0.922372,-0.286345,-0.053399,-0.010596,-0.041201,-0.034068,-0.811795,0.000000,0.000000
-0.935059,-0.923640,-0.015859,-0.053211,-0.012244,-0.043648,-0.037424,-0.836528,0.000000,0.000000
-0.850220,-0.916298,0.091776,-0.052486,-0.010383,-0.042632,-0.040717,-0.846374,0.000000,0.000000
-0.935059,-0.926400,-0.012026,-0.052591,-0.012165,-0.045715,-0.047659,-0.864003,0.000000,0.000000
-0.935059,-0.927265,-0.010823,-0.052382,-0.015305,-0.049265,-0.051395,-0.872407,0.000000,0.000000
-0.874634,-0.922002,0.065789,-0.051792,-0.015571,-0.049883,-0.055194,-0.880301,0.000000,0.000000
-1.068115,-0.936614,-0.182406,-0.052445,-0.012729,-0.047347,-0.059022,-0.883577,0.000000,0.000000
-0.693359,-0.905611,0.294794,-0.049986,-0.011819,-0.046843,-0.066917,-0.901123,0.000000,0.000000
-0.741577,-0.889208,0.205043,-0.048710,-0.014306,-0.049333,-0.070892,-0.890815,0.000000,0.000000
-0.886841,-0.888971,0.002959,-0.048452,-0.015675,-0.050618,-0.074864,-0.884481,0.000000,0.000000
-0.644531,-0.864527,0.305550,-0.046682,-0.014710,-0.049733,-0.078637,-0.888255,0.000000,0.000000
-1.128540,-0.909251,-0.304567,-0.049005,-0.010983,-0.046187,-0.085979,-0.891828,0.000000,0.000000
-0.850220,-0.903348,0.073790,-0.048391,-0.010912,-0.046270,-0.089741,-0.911509,0.000000,0.000000
-0.814209,-0.894434,0.111424,-0.047592,-0.013023,-0.048357,-0.093635,-0.911072,0.000000,0.000000
-0.644531,-0.869444,0.312379,-0.045792,-0.013595,-0.048822,-0.097560,-0.908248,0.000000,0.000000
-0.922852,-0.883931,-0.054056,-0.046238,-0.012416,-0.047267,-0.105339,-0.903007,0.000000,0.000000
-0.523682,-0.847906,0.450312,-0.043755,-0.014519,-0.049326,-0.109057,-0.907918,0.000000,0.000000
-0.838013,-0.846917,0.012366,-0.043475,-0.014654,-0.049315,-0.112708,-0.885312,0.000000,0.000000
-0.935059,-0.855731,-0.110177,-0.043808,-0.012515,-0.047038,-0.116363,-0.885596,0.000000,0.000000
-0.947266,-0.865487,-0.114130,-0.043983,-0.010886,-0.044967,-0.123908,-0.894128,0.000000,0.000000
-0.704956,-0.849434,0.200664,-0.042760,-0.009471,-0.043272,-0.127744,-0.901407,0.000000,0.000000
-0.802002,-0.844691,0.059290,-0.042250,-0.013900,-0.047253,-0.131646,-0.891798,0.000000,0.000000
-0.777588,-0.837980,0.083879,-0.041619,-0.015964,-0.049059,-0.135281,-0.889180,0.000000,0.000000
-0.971069,-0.840416,-0.181463,-0.041360,-0.010884,-0.043555,-0.142365,-0.876979,0.000000,0.000000
-0.729370,-0.829311,0.138807,-0.040459,-0.011538,-0.043807,-0.146149,-0.886989,0.000000,0.000000
-0.789795,-0.825360,0.049395,-0.040010,-0.014202,-0.045849,-0.150081,-0.880044,0.000000,0.000000
-0.838013,-0.826625,-0.015816,-0.039889,-0.018447,-0.049414,-0.154021,-0.877686,0.000000,0.000000
-0.777588,-0.807530,0.041586,-0.038302,-0.019609,-0.049396,-0.161632,-0.868029,0.000000,0.000000
-0.765381,-0.803315,0.052687,-0.037847,-0.015285,-0.044693,-0.165160,-0.865260,0.000000,0.000000
-0.886841,-0.811668,-0.104395,-0.038180,-0.015346,-0.044257,-0.168754,-0.861914,0.000000,0.000000
-0.838013,-0.814302,-0.032935,-0.038154,-0.016166,-0.044489,-0.172489,-0.867180,0.000000,0.000000
-0.753784,-0.800607,0.064852,-0.036921,-0.019843,-0.046717,-0.180175,-0.863077,0.000000,0.000000
-0.693359,-0.789882,0.134430,-0.036064,-0.021919,-0.048122,-0.183853,-0.859177,0.000000,0.000000
-0.729370,-0.783831,0.075640,-0.035506,-0.021249,-0.046931,-0.187334,-0.851245,0.000000,0.000000
-0.475464,-0.752994,0.385459,-0.033401,-0.019610,-0.044700,-0.190876,-0.846354,0.000000,0.000000
-0.741577,-0.746485,0.006817,-0.032663,-0.017753,-0.041135,-0.198154,-0.819200,0.000000,0.000000
-0.620728,-0.733909,0.157197,-0.031713,-0.021558,-0.044042,-0.201758,-0.817377,0.000000,0.000000
-1.043701,-0.764889,-0.387239,-0.033491,-0.024444,-0.046094,-0.205202,-0.807318,0.000000,0.000000
-1.140137,-0.802413,-0.469060,-0.035669,-0.022258,-0.043498,-0.208350,-0.826392,0.000000,0.000000
-0.814209,-0.803593,-0.014745,-0.035564,-0.016358,-0.037447,-0.211423,-0.850644,0.000000,0.000000
-0.765381,-0.809406,0.061147,-0.035570,-0.011759,-0.032371,-0.217733,-0.858241,0.000000,0.000000
-0.704956,-0.798961,0.130563,-0.034739,-0.012101,-0.032615,-0.220663,-0.854738,0.000000,0.000000
-0.729370,-0.792002,0.086966,-0.034130,-0.017141,-0.037625,-0.223429,-0.847216,0.000000,0.000000
-0.814209,-0.784246,-0.041614,-0.033308,-0.012352,-0.033302,-0.228274,-0.832954,0.000000,0.000000
-0.765381,-0.782360,0.023557,-0.033024,-0.006900,-0.028099,-0.230694,-0.833993,0.000000,0.000000
-0.850220,-0.789146,-0.084915,-0.033284,-0.009126,-0.030293,-0.233374,-0.831895,0.000000,0.000000
-0.814209,-0.791652,-0.031329,-0.033274,-0.011795,-0.032957,-0.236016,-0.835671,0.000000,0.000000
-0.596313,-0.772118,0.244173,-0.031887,-0.012022,-0.033270,-0.238557,-0.836647,0.000000,0.000000
-0.644531,-0.753315,0.151089,-0.030395,-0.014790,-0.035864,-0.243808,-0.817344,0.000000,0.000000
-0.656738,-0.743657,0.120721,-0.029640,-0.012686,-0.033579,-0.246484,-0.808164,0.000000,0.000000
-0.427246,-0.712016,0.395514,-0.027514,-0.009468,-0.030212,-0.249072,-0.800348,0.000000,0.000000
-0.475464,-0.679046,0.282753,-0.025182,-0.006367,-0.026551,-0.254050,-0.768290,0.000000,0.000000
-0.560303,-0.667172,0.148430,-0.024314,-0.009106,-0.029025,-0.256324,-0.750576,0.000000,0.000000
-0.693359,-0.669791,-0.032734,-0.024356,-0.009698,-0.029476,-0.258390,-0.739633,0.000000,0.000000
-0.704956,-0.673307,-0.043957,-0.024454,-0.009495,-0.029206,-0.260404,-0.738419,0.000000,0.000000
-0.632935,-0.668877,0.049928,-0.023934,-0.000296,-0.020285,-0.264062,-0.734956,0.000000,0.000000
-0.548096,-0.656799,0.150977,-0.023059,-0.000640,-0.020654,-0.265967,-0.729846,0.000000,0.000000
-0.451050,-0.636224,0.255948,-0.021664,-0.001027,-0.020888,-0.267974,-0.719420,0.000000,0.000000
-0.584106,-0.631013,0.065477,-0.021228,-0.005393,-0.025038,-0.269908,-0.703042,0.000000,0.000000
-0.777588,-0.624035,-0.213268,-0.020588,-0.000444,-0.020330,-0.272890,-0.677044,0.000000,0.000000
-0.765381,-0.638170,-0.176682,-0.021369,0.002805,-0.017297,-0.274317,-0.685238,0.000000,0.000000
-0.463257,-0.620679,0.218641,-0.020169,0.002180,-0.018015,-0.275945,-0.692238,0.000000,0.000000
-0.415039,-0.600115,0.257050,-0.018783,0.003110,-0.017059,-0.277593,-0.678258,0.000000,0.000000
-0.644531,-0.582461,-0.086208,-0.017500,-0.002366,-0.022179,-0.280821,-0.642593,0.000000,0.000000
-0.572510,-0.581466,0.012439,-0.017350,-0.001992,-0.021712,-0.282311,-0.644153,0.000000,0.000000
-0.499878,-0.573307,0.101985,-0.016753,-0.003492,-0.022887,-0.284090,-0.640985,0.000000,0.000000
-0.499878,-0.565964,0.091787,-0.016210,0.001201,-0.018428,-0.285204,-0.632464,0.000000,0.000000
-0.608521,-0.574050,-0.047863,-0.016553,0.009387,-0.010488,-0.287587,-0.624634,0.000000,0.000000
-0.499878,-0.566633,0.092741,-0.016006,0.018888,-0.001514,-0.288347,-0.624260,0.000000,0.000000
-0.620728,-0.572042,-0.067618,-0.016264,0.029503,0.008041,-0.288484,-0.615933,0.000000,0.000000
-0.475464,-0.562384,0.120601,-0.015580,0.132366,0.106016,-0.284604,-0.612495,0.000000,0.000000
-0.535889,-0.554109,0.025307,-0.014909,0.467746,0.399875,-0.241217,-0.555544,0.000000,0.000000
-0.245972,-0.523295,0.385172,-0.012909,0.586750,0.485143,-0.204522,-0.519056,0.000000,0.000000
-0.342407,-0.505207,0.226110,-0.011713,0.665621,0.526516,-0.163246,-0.460986,0.000000,0.000000
-0.306396,-0.485326,0.248513,-0.010412,0.793726,0.613030,-0.117416,-0.409026,0.000000,0.000000
-0.137329,-0.432225,0.409578,-0.006996,0.926782,0.649590,-0.009903,-0.294466,0.000000,0.000000
0.140991,-0.374903,0.716520,-0.003378,0.953131,0.629562,0.042069,-0.234058,0.000000,0.000000
0.032349,-0.334178,0.509065,-0.000816,0.990907,0.623145,0.091813,-0.160964,0.000000,0.000000
0.237427,-0.277018,0.714506,0.002760,1.024647,0.613147,0.141262,-0.100503,0.000000,0.000000
0.213623,-0.170722,0.533813,0.009356,1.018849,0.527921,0.232215,0.036029,0.000000,0.000000
0.394897,-0.114160,0.706910,0.012844,0.963378,0.439390,0.270767,0.084947,0.000000,0.000000
0.382690,-0.064475,0.621164,0.015886,0.858415,0.309327,0.300726,0.134615,0.000000,0.000000
0.491333,-0.008894,0.694760,0.019280,0.770738,0.205838,0.320283,0.170144,0.000000,0.000000
0.563965,0.102146,0.641415,0.026009,0.519259,-0.052658,0.332574,0.229788,0.000000,0.000000
0.527954,0.144727,0.532260,0.028540,0.390046,-0.171175,0.322960,0.243240,0.000000,0.000000
0.612183,0.191472,0.584320,0.031319,0.241107,-0.300063,0.303011,0.243435,0.000000,0.000000
0.697021,0.242027,0.631936,0.034322,0.124540,-0.388645,0.274182,0.240857,0.000000,0.000000
0.503540,0.302591,0.279095,0.037753,0.003381,-0.443470,0.205018,0.231761,0.000000,0.000000
0.673218,0.339654,0.463283,0.039881,-0.025116,-0.438367,0.169957,0.216669,0.000000,0.000000
0.624390,0.368127,0.355920,0.041461,-0.061579,-0.440504,0.134306,0.213563,0.000000,0.000000
0.430908,0.374406,0.078476,0.041646,-0.058055,-0.404393,0.100591,0.209220,0.000000,0.000000
0.588379,0.423740,0.228666,0.044305,-0.048938,-0.337295,0.041507,0.201060,0.000000,0.000000
0.443115,0.425677,0.024220,0.044204,-0.037302,-0.300173,0.016106,0.203074,0.000000,0.000000
0.624390,0.445548,0.220782,0.045087,-0.018715,-0.259299,-0.008572,0.195847,0.000000,0.000000
0.661011,0.467095,0.269345,0.046208,-0.007557,-0.228049,-0.027827,0.206544,0.000000,0.000000
0.527954,0.473181,0.076069,0.046358,0.001080,-0.200988,-0.045088,0.220910,0.000000,0.000000
0.382690,0.464722,-0.114020,0.045366,0.000528,-0.169411,-0.074158,0.231113,0.000000,0.000000
0.443115,0.462561,-0.027008,0.045004,-0.019892,-0.174533,-0.087828,0.228323,0.000000,0.000000
0.430908,0.459396,-0.039566,0.044581,-0.077545,-0.214790,-0.103759,0.227650,0.000000,0.000000
0.382690,0.451725,-0.095880,0.043879,-0.155388,-0.271946,-0.123395,0.222638,0.000000,0.000000
0.491333,0.454911,0.050585,0.043640,-0.336477,-0.398216,-0.177953,0.197080,0.000000,0.000000
0.370483,0.446468,-0.105534,0.042895,-0.444789,-0.471925,-0.213317,0.183186,0.000000,0.000000
0.310059,0.432827,-0.170512,0.041828,-0.552731,-0.540557,-0.254141,0.156807,0.000000,0.000000
0.407104,0.430255,-0.032152,0.041458,-0.691954,-0.634585,-0.301600,0.121752,0.000000,0.000000
0.394897,0.431173,-0.050422,0.041100,-0.856899,-0.697645,-0.410094,0.063728,0.000000,0.000000
0.322266,0.420282,-0.136135,0.040213,-0.899068,-0.687470,-0.466118,0.032613,0.000000,0.000000
0.153198,0.393574,-0.333850,0.038343,-0.938480,-0.675624,-0.520944,-0.000180,0.000000,0.000000
0.261841,0.380400,-0.164666,0.037328,-0.941076,-0.629656,-0.573002,-0.039569,0.000000,0.000000
0.068359,0.321113,-0.350695,0.033262,-0.919176,-0.522048,-0.664678,-0.097748,0.000000,0.000000
0.104980,0.299499,-0.270436,0.031743,-0.865121,-0.432279,-0.702748,-0.122860,0.000000,0.000000
-0.028076,0.266742,-0.409469,0.029537,-0.775990,-0.315394,-0.732072,-0.135397,0.000000,0.000000
0.068359,0.246904,-0.247966,0.028150,-0.664049,-0.184616,-0.751536,-0.146677,0.000000,0.000000
-0.076294,0.207249,-0.393810,0.025393,-0.428552,0.060458,-0.758844,-0.118229,0.000000,0.000000
-0.004272,0.186097,-0.264405,0.023944,-0.329522,0.152305,-0.749011,-0.105934,0.000000,0.000000
-0.100708,0.157416,-0.358506,0.022032,-0.274862,0.195839,-0.734655,-0.085271,0.000000,0.000000
-0.269775,0.114697,-0.533983,0.019252,-0.217866,0.238189,-0.716480,-0.068908,0.000000,0.000000
-0.306396,0.054300,-0.500961,0.015291,-0.188508,0.235917,-0.677717,-0.047141,0.000000,0.000000
-0.125122,0.036358,-0.224278,0.014093,-0.160885,0.247626,-0.658530,-0.046381,0.000000,0.000000
-0.052490,0.027473,-0.111060,0.013467,-0.124238,0.266895,-0.637818,-0.031897,0.000000,0.000000
-0.197754,0.004950,-0.281453,0.011993,-0.109323,0.264418,-0.616998,-0.013371,0.000000,0.000000
-0.148926,-0.028681,-0.167007,0.009777,-0.124575,0.215883,-0.577391,-0.001093,0.000000,0.000000
-0.197754,-0.045588,-0.211138,0.008673,-0.106815,0.219084,-0.560119,0.005398,0.000000,0.000000
-0.137329,-0.054762,-0.114787,0.008055,-0.001769,0.303505,-0.536408,0.014316,0.000000,0.000000
-0.137329,-0.063019,-0.103209,0.007499,-0.011349,0.274487,-0.513653,0.025782,0.000000,0.000000
-0.269775,-0.082747,-0.259762,0.006191,-0.005035,0.245265,-0.472102,0.048491,0.000000,0.000000
-0.173340,-0.091806,-0.113241,0.005594,-0.010669,0.223727,-0.453514,0.044652,0.000000,0.000000
-0.294189,-0.112045,-0.252979,0.004301,-0.012320,0.207398,-0.436388,0.046228,0.000000,0.000000
-0.052490,-0.106089,0.074439,0.004652,-0.014858,0.191204,-0.420518,0.038283,0.000000,0.000000
-0.112915,-0.122602,0.013454,0.003579,-0.020099,0.161862,-0.392467,0.036667,0.000000,0.000000
-0.100708,-0.120413,0.027368,0.003698,-0.021629,0.149627,-0.380014,0.038419,0.000000,0.000000
-0.197754,-0.128147,-0.096676,0.003196,-0.023188,0.138228,-0.368537,0.039947,0.000000,0.000000
-0.112915,-0.126624,0.019040,0.003275,-0.024779,0.127547,-0.357952,0.033926,0.000000,0.000000
-0.112915,-0.112044,-0.001210,0.004149,-0.025894,0.110273,-0.339013,0.041176,0.000000,0.000000
-0.125122,-0.113352,-0.016347,0.004046,-0.023597,0.105353,-0.330502,0.038853,0.000000,0.000000
-0.004272,-0.102444,0.136196,0.004707,-0.021661,0.100602,-0.322591,0.035287,0.000000,0.000000
-0.052490,-0.097448,0.062509,0.004996,-0.024771,0.091393,-0.315255,0.039616,0.000000,0.000000
-0.197754,-0.103433,-0.131002,0.004571,-0.030966,0.074124,-0.301808,0.039932,0.000000,0.000000
-0.028076,-0.095897,0.094197,0.005019,-0.031006,0.069183,-0.295870,0.029465,0.000000,0.000000
-0.161133,-0.102421,-0.081545,0.004586,-0.031306,0.064419,-0.290405,0.030784,0.000000,0.000000
-0.161133,-0.108292,-0.073389,0.004196,-0.029917,0.061629,-0.285303,0.022628,0.000000,0.000000
-0.076294,-0.124020,0.066287,0.003178,-0.033462,0.050664,-0.276311,-0.003894,0.000000,0.000000
-0.040283,-0.115646,0.104670,0.003685,-0.036169,0.044847,-0.272518,-0.005185,0.000000,0.000000
-0.076294,-0.111711,0.049191,0.003913,-0.038151,0.040169,-0.269157,-0.004353,0.000000,0.000000
-0.052490,-0.105789,0.074022,0.004263,-0.038597,0.037286,-0.266073,-0.006290,0.000000,0.000000
-0.064697,-0.100124,0.049190,0.004574,-0.042638,0.029276,-0.260860,-0.009993,0.000000,0.000000
-0.161133,-0.106225,-0.076282,0.004170,-0.043953,0.026338,-0.258646,-0.011591,0.000000,0.000000
-0.245972,-0.120200,-0.174684,0.003276,-0.046553,0.022357,-0.256736,-0.019924,0.000000,0.000000
-0.040283,-0.112208,0.099895,0.003759,-0.049214,0.018542,-0.255155,-0.033768,0.000000,0.000000
-0.004272,-0.100379,0.133483,0.004460,-0.052423,0.013674,-0.252670,-0.036435,0.000000,0.000000
0.056152,-0.084726,0.195662,0.005416,-0.053957,0.011538,-0.251627,-0.033253,0.000000,0.000000
-0.148926,-0.091146,-0.080249,0.004988,-0.058312,0.006943,-0.250906,-0.026491,0.000000,0.000000
-0.258179,-0.107849,-0.208780,0.003919,-0.060212,0.005065,-0.250525,-0.034444,0.000000,0.000000
-0.148926,-0.116753,-0.044684,0.003325,-0.065014,0.000350,-0.250010,-0.056747,0.000000,0.000000
0.007935,-0.104284,0.155859,0.004088,-0.065998,-0.000456,-0.249953,-0.062954,0.000000,0.000000
-0.209351,-0.114791,-0.131333,0.003411,-0.056724,0.008951,-0.249810,-0.057996,0.000000,0.000000
-0.258179,-0.129129,-0.179235,0.002498,-0.049152,0.016071,-0.249030,-0.067529,0.000000,0.000000
-0.112915,-0.135826,0.031822,0.002057,0.076352,0.131414,-0.237547,-0.079218,0.000000,0.000000
0.080566,-0.114187,0.270383,0.003399,0.161389,0.204505,-0.224157,-0.068654,0.000000,0.000000
0.007935,-0.101975,0.152711,0.004145,0.271537,0.296647,-0.203825,-0.039018,0.000000,0.000000
0.068359,-0.084942,0.212907,0.005189,0.367037,0.368214,-0.176626,-0.009768,0.000000,0.000000
-0.052490,-0.071140,0.025928,0.005996,0.627643,0.561972,-0.100818,0.068500,0.000000,0.000000
0.092773,-0.054749,0.204892,0.006990,0.778239,0.667885,-0.050159,0.108809,0.000000,0.000000
0.201416,-0.029132,0.320206,0.008556,0.848422,0.690447,0.004227,0.159785,0.000000,0.000000
0.201416,-0.006078,0.288186,0.009954,0.915007,0.707466,0.060954,0.216912,0.000000,0.000000
0.261841,0.040487,0.307435,0.012758,0.948407,0.644920,0.171531,0.317823,0.000000,0.000000
0.382690,0.074708,0.427754,0.014833,0.922041,0.576748,0.220153,0.360525,0.000000,0.000000
0.515747,0.118812,0.551299,0.017516,0.876363,0.494776,0.262748,0.402763,0.000000,0.000000
0.443115,0.151242,0.405359,0.019455,0.813506,0.401491,0.298918,0.445014,0.000000,0.000000
0.781860,0.243868,0.747211,0.025040,0.642815,0.193707,0.344896,0.489425,0.000000,0.000000
0.563965,0.275878,0.400121,0.026915,0.550602,0.094303,0.355435,0.519335,0.000000,0.000000
0.661011,0.314391,0.480923,0.029185,0.461581,0.004454,0.358900,0.525642,0.000000,0.000000
0.648804,0.347832,0.418444,0.031132,0.383854,-0.068911,0.356579,0.532579,0.000000,0.000000
0.769653,0.420343,0.485160,0.035342,0.291851,-0.139920,0.338249,0.533229,0.000000,0.000000
0.721436,0.450452,0.376361,0.037048,0.216082,-0.201018,0.324688,0.536282,0.000000,0.000000
0.757446,0.481152,0.383743,0.038781,0.127640,-0.269454,0.305268,0.530245,0.000000,0.000000
0.914917,0.524528,0.542180,0.041298,0.073614,-0.299844,0.281707,0.523121,0.000000,0.000000
1.047974,0.608712,0.610086,0.046137,-0.004016,-0.326509,0.230885,0.525016,0.000000,0.000000
0.890503,0.636891,0.352243,0.047667,-0.033440,-0.329507,0.204706,0.535481,0.000000,0.000000
0.794067,0.652609,0.196470,0.048411,-0.024198,-0.294842,0.179596,0.535584,0.000000,0.000000
0.878296,0.675177,0.282106,0.049580,-0.023062,-0.270649,0.157282,0.531796,0.000000,0.000000
0.817871,0.708826,0.151452,0.051181,-0.058666,-0.261788,0.114937,0.538959,0.000000,0.000000
0.890503,0.726994,0.227096,0.052061,-0.102036,-0.282229,0.093172,0.537064,0.000000,0.000000
0.830078,0.737302,0.128856,0.052445,-0.171974,-0.326565,0.068533,0.537471,0.000000,0.000000
0.866089,0.750181,0.160816,0.052987,-0.238010,-0.363985,0.040451,0.530455,0.000000,0.000000
0.926514,0.782640,0.199824,0.054483,-0.336403,-0.398838,-0.022742,0.519352,0.000000,0.000000
0.805664,0.784943,0.028779,0.054354,-0.387512,-0.416967,-0.055644,0.515513,0.000000,0.000000
0.661011,0.772549,-0.154915,0.053308,-0.428818,-0.424090,-0.089971,0.502371,0.000000,0.000000
0.842285,0.779523,0.087170,0.053477,-0.466486,-0.427855,-0.124068,0.480511,0.000000,0.000000
0.673218,0.773442,-0.139202,0.052562,-0.489512,-0.385136,-0.190074,0.466198,0.000000,0.000000
0.866089,0.782707,0.115807,0.052879,-0.478361,-0.344535,-0.219334,0.452273,0.000000,0.000000
0.709229,0.775359,-0.091849,0.052155,-0.435800,-0.276774,-0.243847,0.456948,0.000000,0.000000
0.636597,0.761483,-0.173447,0.051027,-0.384110,-0.204996,-0.262679,0.456092,0.000000,0.000000
0.661011,0.748930,-0.122111,0.049734,-0.127495,0.066335,-0.272258,0.477990,0.000000,0.000000
0.491333,0.723170,-0.321904,0.047876,0.037541,0.223240,-0.259667,0.502543,0.000000,0.000000
0.600586,0.710912,-0.153275,0.046870,0.189295,0.356565,-0.235501,0.524971,0.000000,0.000000
0.540161,0.693837,-0.213438,0.045569,0.324676,0.464805,-0.201452,0.562742,0.000000,0.000000
0.648804,0.677645,-0.040091,0.044107,0.511784,0.581641,-0.115174,0.641370,0.000000,0.000000
0.721436,0.682024,0.054738,0.044160,0.549740,0.581377,-0.068347,0.686692,0.000000,0.000000
0.757446,0.689566,0.094277,0.044410,0.536871,0.532351,-0.023689,0.731770,0.000000,0.000000
0.781860,0.698796,0.115362,0.044765,0.502658,0.466379,0.016089,0.771556,0.000000,0.000000
0.890503,0.723245,0.232517,0.045846,0.453169,0.365747,0.081481,0.831532,0.000000,0.000000
0.805664,0.731487,0.103024,0.046132,0.400307,0.293425,0.107460,0.860370,0.000000,0.000000
0.854492,0.743787,0.153757,0.046670,0.394003,0.270665,0.129873,0.878096,0.000000,0.000000
0.854492,0.754858,0.138376,0.047128,0.361123,0.223711,0.149723,0.895468,0.000000,0.000000
1.119995,0.811215,0.428861,0.050174,0.212691,0.062535,0.172362,0.918943,0.000000,0.000000
0.963135,0.826407,0.189900,0.050872,0.135594,-0.012138,0.173934,0.934072,0.000000,0.000000
1.083984,0.852165,0.321915,0.052227,0.045674,-0.094055,0.169243,0.931522,0.000000,0.000000
1.035767,0.870525,0.229534,0.053114,-0.074962,-0.199737,0.156887,0.930007,0.000000,0.000000
0.999146,0.915672,0.115891,0.055147,-0.295464,-0.368340,0.104889,0.908865,0.000000,0.000000
0.805664,0.904671,-0.137563,0.054183,-0.356804,-0.398390,0.073985,0.885407,0.000000,0.000000
0.854492,0.899653,-0.062724,0.053599,-0.378289,-0.388256,0.042470,0.849832,0.000000,0.000000
0.830078,0.892696,-0.086969,0.052896,-0.407139,-0.385858,0.011362,0.820377,0.000000,0.000000
0.999146,0.905341,0.130285,0.053158,-0.492840,-0.406611,-0.053579,0.767363,0.000000,0.000000
0.842285,0.899035,-0.078820,0.052498,-0.517919,-0.399079,-0.086283,0.751815,0.000000,0.000000
0.805664,0.889698,-0.116714,0.051652,-0.562439,-0.411281,-0.118640,0.726987,0.000000,0.000000
0.733643,0.874093,-0.195070,0.050418,-0.577036,-0.393879,-0.150783,0.701573,0.000000,0.000000
0.600586,0.833003,-0.322801,0.047352,-0.547790,-0.307120,-0.208240,0.651992,0.000000,0.000000
0.673218,0.817024,-0.199731,0.046116,-0.466682,-0.205506,-0.228058,0.629575,0.000000,0.000000
0.540161,0.789338,-0.346079,0.044155,-0.314076,-0.041821,-0.237569,0.623515,0.000000,0.000000
0.455322,0.755936,-0.417519,0.041847,-0.179562,0.092738,-0.234570,0.620779,0.000000,0.000000
0.612183,0.719944,-0.149669,0.039188,0.176231,0.415355,-0.191694,0.643367,0.000000,0.000000
0.636597,0.711609,-0.104100,0.038471,0.355563,0.561224,-0.151221,0.680051,0.000000,0.000000
0.624390,0.702887,-0.109112,0.037733,0.490896,0.655276,-0.101810,0.724433,0.000000,0.000000
0.624390,0.695038,-0.098122,0.037054,0.593994,0.711758,-0.046210,0.770873,0.000000,0.000000
0.854492,0.723137,0.182438,0.038436,0.724260,0.741956,0.072893,0.875781,0.000000,0.000000
0.842285,0.735052,0.148936,0.038989,0.706230,0.676533,0.129851,0.928822,0.000000,0.000000
0.794067,0.740953,0.073770,0.039163,0.652967,0.582127,0.179871,0.970778,0.000000,0.000000
0.769653,0.743823,0.035875,0.039146,0.563668,0.459550,0.221143,0.998220,0.000000,0.000000
0.914917,0.773035,0.197058,0.040577,0.290089,0.149510,0.269879,1.020104,0.000000,0.000000
0.902710,0.786003,0.162093,0.041185,0.129653,-0.011582,0.274475,1.017286,0.000000,0.000000
0.914917,0.798894,0.161139,0.041785,-0.052108,-0.182167,0.265775,1.001100,0.000000,0.000000
1.083984,0.827403,0.356372,0.043358,-0.232092,-0.338745,0.243217,0.973590,0.000000,0.000000
0.830078,0.827911,0.003009,0.042957,-0.455627,-0.493684,0.173078,0.905744,0.000000,0.000000
0.805664,0.825687,-0.027809,0.042603,-0.530211,-0.528744,0.131889,0.861165,0.000000,0.000000
0.926514,0.835769,0.125924,0.043020,-0.608840,-0.565095,0.087599,0.814982,0.000000,0.000000
0.781860,0.830378,-0.067445,0.042467,-0.694388,-0.605441,0.040022,0.777013,0.000000,0.000000
0.576172,0.796251,-0.305666,0.039914,-0.673972,-0.497889,-0.052383,0.689138,0.000000,0.000000
0.697021,0.786328,-0.124037,0.039094,-0.555307,-0.346872,-0.086383,0.648993,0.000000,0.000000
0.648804,0.772576,-0.171906,0.038039,-0.307934,-0.083196,-0.102699,0.636757,0.000000,0.000000
0.661011,0.761420,-0.139456,0.037152,-0.028802,0.192079,-0.096301,0.643815,0.000000,0.000000
0.673218,0.727248,-0.075042,0.034654,0.463855,0.626031,-0.025670,0.699805,0.000000,0.000000
0.709229,0.725446,-0.022524,0.034368,0.683790,0.796200,0.032803,0.754037,0.000000,0.000000
0.781860,0.731087,0.070518,0.034549,0.816232,0.870922,0.100625,0.815937,0.000000,0.000000
0.697021,0.727681,-0.042582,0.034163,0.893205,0.887265,0.171923,0.881869,0.000000,0.000000
0.926514,0.764415,0.225083,0.036112,0.785775,0.672319,0.300049,0.990477,0.000000,0.000000
0.781860,0.766160,0.021812,0.036041,0.639708,0.488768,0.346074,1.030098,0.000000,0.000000
0.794067,0.768951,0.034884,0.036035,0.458177,0.284126,0.375904,1.041694,0.000000,0.000000
0.830078,0.775063,0.076330,0.036236,0.276601,0.093242,0.390042,1.038320,0.000000,0.000000
1.047974,0.829059,0.304049,0.039242,-0.082481,-0.244754,0.373370,1.011426,0.000000,0.000000
0.975342,0.843687,0.182854,0.039960,-0.232445,-0.368732,0.347556,0.989150,0.000000,0.000000
1.180420,0.877360,0.420916,0.041865,-0.375006,-0.477274,0.312658,0.954765,0.000000,0.000000
1.035767,0.893201,0.198008,0.042646,-0.490634,-0.552666,0.270725,0.929929,0.000000,0.000000
0.963135,0.908631,0.075700,0.043182,-0.561425,-0.538445,0.181301,0.857879,0.000000,0.000000
0.878296,0.905597,-0.037918,0.042776,-0.542141,-0.480663,0.140961,0.826443,0.000000,0.000000
0.914917,0.906529,0.011650,0.042621,-0.532251,-0.435519,0.104333,0.794926,0.000000,0.000000
0.914917,0.907368,0.010484,0.042460,-0.503693,-0.375360,0.071744,0.771914,0.000000,0.000000
0.769653,0.889881,-0.166983,0.040945,-0.124247,0.032769,0.044504,0.762912,0.000000,0.000000
0.781860,0.879079,-0.134987,0.040065,0.117528,0.264779,0.057979,0.776366,0.000000,0.000000
0.684814,0.859653,-0.242901,0.038650,0.307731,0.431220,0.087429,0.804997,0.000000,0.000000
0.745239,0.848211,-0.143017,0.037742,0.420357,0.512025,0.126239,0.834011,0.000000,0.000000
0.805664,0.836886,-0.043364,0.036660,0.614258,0.629145,0.218667,0.909657,0.000000,0.000000
0.878296,0.841027,0.051761,0.036736,0.697261,0.668028,0.271411,0.953088,0.000000,0.000000
1.011353,0.858060,0.212906,0.037617,0.703447,0.630602,0.323853,0.998182,0.000000,0.000000
0.794067,0.851661,-0.079991,0.037029,0.640534,0.529848,0.370086,1.043281,0.000000,0.000000
1.035767,0.883345,0.211697,0.038635,0.254364,0.103918,0.422729,1.072421,0.000000,0.000000
0.986938,0.893704,0.129492,0.039089,0.020397,-0.124352,0.420217,1.067432,0.000000,0.000000
1.023560,0.906690,0.162319,0.039705,-0.180958,-0.305541,0.401213,1.043699,0.000000,0.000000
1.119995,0.928020,0.266632,0.040840,-0.331964,-0.426844,0.371219,1.013569,0.000000,0.000000
1.132202,0.953741,0.247862,0.042038,-0.413294,-0.436025,0.296125,0.949105,0.000000,0.000000
0.986938,0.957061,0.041497,0.042036,-0.330690,-0.323985,0.265687,0.932469,0.000000,0.000000
0.878296,0.949184,-0.098428,0.041333,-0.158171,-0.133249,0.247698,0.919040,0.000000,0.000000
0.805664,0.934832,-0.179452,0.040229,0.056783,0.084487,0.247004,0.915706,0.000000,0.000000
1.011353,0.938495,0.101192,0.040058,0.346397,0.342918,0.287770,0.945136,0.000000,0.000000
0.914917,0.936137,-0.029472,0.039711,0.374803,0.349064,0.316088,0.976741,0.000000,0.000000
0.914917,0.934015,-0.026525,0.039380,0.304924,0.260694,0.340554,0.995916,0.000000,0.000000
1.035767,0.944190,0.127190,0.039819,0.153724,0.100327,0.354705,1.003882,0.000000,0.000000
0.938721,0.948589,-0.013706,0.039695,-0.211530,-0.244097,0.338829,0.990286,0.000000,0.000000
0.926514,0.946382,-0.027595,0.039358,-0.283376,-0.293339,0.316586,0.965476,0.000000,0.000000
0.963135,0.948057,0.020941,0.039266,-0.299213,-0.285389,0.292756,0.940031,0.000000,0.000000
0.950928,0.948344,0.003589,0.039088,-0.243271,-0.209533,0.273087,0.922807,0.000000,0.000000
1.217041,0.973249,0.338600,0.040255,0.043476,0.090290,0.263443,0.916451,0.000000,0.000000
0.963135,0.972238,-0.012643,0.039991,0.207361,0.243558,0.278065,0.950935,0.000000,0.000000
0.986938,0.973708,0.018376,0.039882,0.308679,0.326354,0.301924,0.974632,0.000000,0.000000
0.986938,0.973708,0.018376,0.039882,0.308679,0.326354,0.301924,0.974632,0.000000,0.000000
1.059570,0.994504,0.090369,0.040579,0.118618,0.092316,0.362222,1.037658,0.000000,0.000000
0.878296,0.982884,-0.145261,0.039649,-0.052979,-0.075625,0.361969,1.038830,0.000000,0.000000
0.975342,0.982129,-0.009427,0.039404,-0.208505,-0.216109,0.348647,1.015116,0.000000,0.000000
1.035767,0.987493,0.067046,0.039542,-0.267410,-0.254935,0.329235,0.993817,0.000000,0.000000
0.975342,0.988425,-0.018171,0.039205,-0.266800,-0.213097,0.288764,0.960321,0.000000,0.000000
0.986938,0.988277,-0.001859,0.039000,-0.155369,-0.088816,0.276888,0.950033,0.000000,0.000000
1.011353,0.990584,0.028845,0.038949,-0.009022,0.060482,0.276015,0.951778,0.000000,0.000000
1.023560,0.993882,0.041219,0.038961,0.160453,0.221168,0.288503,0.967842,0.000000,0.000000
0.963135,0.997818,-0.048171,0.038816,0.264394,0.290177,0.334056,1.020650,0.000000,0.000000
1.119995,1.010035,0.152722,0.039385,0.227894,0.237724,0.355440,1.037184,0.000000,0.000000
1.096191,1.018651,0.107695,0.039727,0.105074,0.106301,0.368806,1.055545,0.000000,0.000000
0.999146,1.016701,-0.024381,0.039406,-0.034424,-0.031747,0.370879,1.060229,0.000000,0.000000
1.156616,1.036748,0.166616,0.040264,-0.177945,-0.150915,0.350041,1.038544,0.000000,0.000000
1.059570,1.039030,0.028528,0.040206,-0.129642,-0.091474,0.340459,1.037418,0.000000,0.000000
0.914917,1.026619,-0.155140,0.039229,0.011999,0.053621,0.339196,1.037782,0.000000,0.000000
0.926514,1.016608,-0.125131,0.038407,0.169141,0.202600,0.351000,1.040796,0.000000,0.000000
1.144409,1.030014,0.158882,0.038862,0.226833,0.231613,0.389469,1.067993,0.000000,0.000000
1.035767,1.030589,0.007191,0.038703,0.123784,0.119518,0.403237,1.086313,0.000000,0.000000
0.975342,1.025064,-0.069059,0.038164,-0.032149,-0.035479,0.405866,1.085326,0.000000,0.000000
1.156616,1.038220,0.164440,0.038796,-0.177816,-0.169294,0.396009,1.068366,0.000000,0.000000
0.926514,1.034409,-0.149855,0.038168,-0.146434,-0.108913,0.369171,1.052780,0.000000,0.000000
0.950928,1.026061,-0.104351,0.037455,-0.026901,0.015814,0.365894,1.041120,0.000000,0.000000
0.963135,1.019768,-0.078657,0.036875,0.109053,0.147386,0.373355,1.042190,0.000000,0.000000
0.975342,1.015326,-0.055532,0.036413,0.226848,0.252440,0.390329,1.053110,0.000000,0.000000
1.011353,0.998256,0.018173,0.034988,0.233905,0.226319,0.433694,1.073060,0.000000,0.000000
1.108398,1.009270,0.137804,0.035503,0.131004,0.113944,0.447723,1.082235,0.000000,0.000000
1.132202,1.021563,0.153665,0.036093,-0.052810,-0.067510,0.448578,1.084752,0.000000,0.000000
1.047974,1.024204,0.033014,0.036078,-0.218341,-0.218273,0.435302,1.075209,0.000000,0.000000
1.035767,1.030741,0.006980,0.036125,-0.348509,-0.302159,0.389038,1.031185,0.000000,0.000000
0.817871,1.009454,-0.266087,0.034614,-0.330281,-0.261540,0.366476,1.009919,0.000000,0.000000
0.950928,1.003601,-0.073157,0.034075,-0.257024,-0.170624,0.348913,0.980108,0.000000,0.000000
0.950928,0.998334,-0.065842,0.033575,-0.146096,-0.050295,0.340536,0.970162,0.000000,0.000000
1.011353,0.993172,0.025251,0.032920,0.190698,0.272962,0.359941,0.984503,0.000000,0.000000
1.240845,1.017939,0.309590,0.034303,0.337747,0.397076,0.388068,1.013300,0.000000,0.000000
1.047974,1.020943,0.037543,0.034320,0.450816,0.480383,0.424166,1.063343,0.000000,0.000000
1.119995,1.030848,0.123786,0.034767,0.539298,0.534208,0.466002,1.102357,0.000000,0.000000
1.108398,1.041188,0.093348,0.035065,0.549608,0.476551,0.548719,1.176946,0.000000,0.000000
1.168823,1.053952,0.159380,0.035687,0.473569,0.373434,0.582629,1.204697,0.000000,0.000000
1.204834,1.069040,0.167800,0.036348,0.300754,0.185074,0.606897,1.225330,0.000000,0.000000
1.253052,1.087441,0.230027,0.037316,0.155182,0.035851,0.614524,1.231174,0.000000,0.000000
1.229248,1.101622,0.177258,0.038016,0.058160,-0.056645,0.612709,1.230887,0.000000,0.000000
1.071777,1.103587,-0.044180,0.037758,-0.050651,-0.144176,0.595038,1.209253,0.000000,0.000000
1.265259,1.119754,0.202090,0.038579,-0.070468,-0.150966,0.583334,1.188708,0.000000,0.000000
1.240845,1.131863,0.151355,0.039143,-0.127222,-0.192707,0.569580,1.180725,0.000000,0.000000
1.325684,1.151245,0.242289,0.040159,-0.208560,-0.254878,0.551238,1.167228,0.000000,0.000000
1.337891,1.170393,0.232633,0.040955,-0.418280,-0.409681,0.496070,1.125263,0.000000,0.000000
1.229248,1.176278,0.073569,0.041118,-0.495199,-0.452523,0.460925,1.106054,0.000000,0.000000
1.204834,1.179134,0.035694,0.041091,-0.556557,-0.477201,0.422837,1.077956,0.000000,0.000000
1.192627,1.180483,0.016867,0.040970,-0.557169,-0.442704,0.386303,1.051617,0.000000,0.000000
1.192627,1.182791,0.013661,0.040705,-0.497425,-0.324021,0.325663,1.014264,0.000000,0.000000
1.108398,1.175351,-0.092951,0.040037,-0.482850,-0.285562,0.301725,1.003484,0.000000,0.000000
0.999146,1.157731,-0.220340,0.038735,-0.475548,-0.256709,0.280449,0.990257,0.000000,0.000000
1.023560,1.144314,-0.167722,0.037702,-0.478695,-0.239672,0.260636,0.971906,0.000000,0.000000
0.781860,1.081984,-0.416839,0.033440,-0.496833,-0.220760,0.224539,0.933828,0.000000,0.000000
0.794067,1.053193,-0.359896,0.031473,-0.511981,-0.218137,0.207054,0.906772,0.000000,0.000000
0.830078,1.030881,-0.278893,0.029921,-0.526713,-0.215194,0.189577,0.882386,0.000000,0.000000
0.745239,1.002317,-0.357053,0.027986,-0.517912,-0.189811,0.173166,0.863134,0.000000,0.000000
0.648804,0.949267,-0.417310,0.024398,-0.524730,-0.167250,0.144115,0.824952,0.000000,0.000000
0.648804,0.919221,-0.375579,0.022398,-0.455140,-0.087949,0.134754,0.804060,0.000000,0.000000
0.745239,0.901823,-0.217466,0.021199,-0.369686,0.001351,0.131839,0.790762,0.000000,0.000000
0.636597,0.875300,-0.331549,0.019435,-0.285984,0.082821,0.135776,0.791470,0.000000,0.000000
0.540161,0.826840,-0.398169,0.016217,-0.055116,0.288170,0.166834,0.805107,0.000000,0.000000
0.661011,0.810257,-0.207286,0.015100,0.018380,0.340734,0.191685,0.810916,0.000000,0.000000
0.794067,0.808638,-0.020223,0.014923,0.072447,0.369919,0.221022,0.828817,0.000000,0.000000
0.455322,0.773306,-0.441943,0.012639,0.124839,0.395905,0.251950,0.856074,0.000000,0.000000
0.661011,0.746532,-0.118779,0.010845,0.133643,0.353216,0.312315,0.869087,0.000000,0.000000
0.540161,0.725895,-0.257964,0.009501,0.163538,0.358561,0.340949,0.882361,0.000000,0.000000
0.467529,0.700058,-0.322940,0.007839,0.218191,0.387631,0.370500,0.887418,0.000000,0.000000
0.540161,0.684069,-0.199882,0.006800,0.231827,0.374231,0.401841,0.888873,0.000000,0.000000
0.491333,0.639868,-0.206302,0.003978,0.250276,0.341789,0.460492,0.888225,0.000000,0.000000
0.600586,0.635940,-0.049102,0.003713,0.250733,0.319273,0.486887,0.886517,0.000000,0.000000
0.612183,0.633564,-0.029697,0.003546,0.253285,0.300273,0.511656,0.890791,0.000000,0.000000
0.588379,0.629046,-0.056481,0.003246,0.253213,0.280110,0.534758,0.893967,0.000000,0.000000
0.430908,0.597936,-0.231984,0.001273,0.252613,0.242887,0.576819,0.886914,0.000000,0.000000
0.709229,0.609066,0.139115,0.001962,0.249578,0.223586,0.595408,0.873719,0.000000,0.000000
0.624390,0.610598,0.019154,0.002048,0.249454,0.208385,0.612688,0.879076,0.000000,0.000000
0.709229,0.620461,0.123168,0.002654,0.250994,0.195835,0.628863,0.877250,0.000000,0.000000
0.467529,0.608817,-0.196233,0.001898,0.249043,0.168535,0.658093,0.878903,0.000000,0.000000
0.503540,0.598290,-0.131597,0.001231,0.247098,0.155345,0.671017,0.863320,0.000000,0.000000
0.563965,0.594857,-0.042906,0.001010,0.246027,0.143861,0.682939,0.850285,0.000000,0.000000
0.503540,0.585725,-0.114147,0.000435,0.247560,0.135631,0.694106,0.841519,0.000000,0.000000
0.563965,0.570715,-0.009374,-0.000504,0.246204,0.116584,0.714235,0.811626,0.000000,0.000000
0.684814,0.582125,0.142625,0.000212,0.243008,0.105570,0.723089,0.803270,0.000000,0.000000
0.709229,0.594835,0.158872,0.001005,0.246111,0.101153,0.731656,0.803417,0.000000,0.000000
0.576172,0.592969,-0.023330,0.000884,0.247478,0.095444,0.739761,0.804772,0.000000,0.000000
0.745239,0.624097,0.168255,0.002815,0.254180,0.089320,0.754486,0.801513,0.000000,0.000000
0.600586,0.621746,-0.029388,0.002654,0.252514,0.082053,0.761078,0.803997,0.000000,0.000000
0.600586,0.619630,-0.026452,0.002508,0.250916,0.075242,0.767221,0.796056,0.000000,0.000000
0.661011,0.623768,0.051726,0.002754,0.251310,0.070650,0.773106,0.788405,0.000000,0.000000
0.673218,0.610312,0.087458,0.001894,0.252739,0.062565,0.784265,0.765559,0.000000,0.000000
0.709229,0.620204,0.123645,0.002503,0.253871,0.059413,0.789276,0.764080,0.000000,0.000000
0.661011,0.624284,0.051006,0.002745,0.249508,0.051447,0.793527,0.764424,0.000000,0.000000
0.697021,0.631558,0.090926,0.003186,0.253651,0.052148,0.797639,0.761337,0.000000,0.000000
0.612183,0.627877,-0.021797,0.002925,0.243423,0.036865,0.803896,0.752900,0.000000,0.000000
0.709229,0.636012,0.101689,0.003419,0.243500,0.034613,0.806780,0.746100,0.000000,0.000000
0.697021,0.642113,0.076262,0.003783,0.240110,0.029380,0.809151,0.745864,0.000000,0.000000
0.576172,0.635519,-0.082427,0.003352,0.234591,0.022495,0.811022,0.744335,0.000000,0.000000
0.817871,0.653851,0.227806,0.004464,0.253613,0.038536,0.814868,0.729943,0.000000,0.000000
0.588379,0.647304,-0.081840,0.004033,0.266478,0.049159,0.817763,0.738691,0.000000,0.000000
0.697021,0.652276,0.062126,0.004323,0.385973,0.160183,0.827263,0.737617,0.000000,0.000000
0.588379,0.645886,-0.079898,0.003902,0.587932,0.343724,0.847728,0.754535,0.000000,0.000000
0.527954,0.620183,-0.128097,0.002262,1.045833,0.718329,0.941144,0.813156,0.000000,0.000000
0.757446,0.633909,0.171579,0.003108,1.321132,0.932674,1.009414,0.859220,0.000000,0.000000
0.878296,0.658348,0.305480,0.004620,1.557151,1.095739,1.091640,0.931077,0.000000,0.000000
0.890503,0.681563,0.290193,0.006048,1.725283,1.181262,1.185241,1.017101,0.000000,0.000000
1.047974,0.742447,0.424348,0.009784,1.768616,1.064703,1.367719,1.173111,0.000000,0.000000
1.204834,0.788686,0.577976,0.012625,1.688239,0.915562,1.446942,1.240365,0.000000,0.000000
1.361694,0.845987,0.716225,0.016143,1.558120,0.729450,1.512034,1.300170,0.000000,0.000000
1.350098,0.896398,0.630170,0.019214,1.400815,0.530179,1.561575,1.351680,0.000000,0.000000
1.519165,0.998409,0.723273,0.025384,1.126046,0.207694,1.620057,1.404200,0.000000,0.000000
1.615601,1.060128,0.771489,0.029114,0.992031,0.067462,1.629619,1.421108,0.000000,0.000000
1.543579,1.108473,0.604314,0.031990,0.895362,-0.027252,1.630120,1.434760,0.000000,0.000000
1.567383,1.154364,0.573479,0.034698,0.883254,-0.034745,1.627469,1.439614,0.000000,0.000000
1.797485,1.261286,0.744721,0.041020,0.680965,-0.216748,1.610967,1.444877,0.000000,0.000000
1.724854,1.307643,0.579460,0.043712,0.487221,-0.384495,1.585439,1.444330,0.000000,0.000000
1.748657,1.351744,0.551241,0.046250,0.333911,-0.501629,1.548426,1.427914,0.000000,0.000000
1.676025,1.384173,0.405372,0.048046,0.205192,-0.587530,1.504012,1.407155,0.000000,0.000000
1.785278,1.448408,0.467876,0.051573,0.086312,-0.614022,1.407376,1.351475,0.000000,0.000000
1.712646,1.474831,0.330299,0.052966,0.062069,-0.591314,1.358260,1.333952,0.000000,0.000000
1.494751,1.476823,0.024900,0.052826,0.006333,-0.600653,1.310060,1.313538,0.000000,0.000000
1.652222,1.494363,0.219248,0.053658,-0.045344,-0.606138,1.262017,1.279863,0.000000,0.000000
1.604004,1.517337,0.120370,0.054555,-0.326187,-0.779591,1.149791,1.222997,0.000000,0.000000
1.591797,1.524783,0.093074,0.054747,-0.480431,-0.870797,1.083173,1.185076,0.000000,0.000000
1.519165,1.524221,-0.007023,0.054438,-0.618301,-0.940181,1.010292,1.142919,0.000000,0.000000
1.361694,1.507969,-0.203172,0.053150,-0.753062,-1.001540,0.931823,1.093347,0.000000,0.000000
1.422729,1.483039,-0.083808,0.051068,-0.851919,-0.954548,0.774894,0.981114,0.000000,0.000000
1.398315,1.474567,-0.105904,0.050283,-0.922661,-0.953359,0.697569,0.937109,0.000000,0.000000
1.325684,1.459678,-0.186104,0.049101,-0.897059,-0.861049,0.625685,0.899681,0.000000,0.000000
1.289673,1.442678,-0.212507,0.047793,-0.864906,-0.768723,0.561117,0.866863,0.000000,0.000000
1.240845,1.395650,-0.215007,0.044387,-0.665102,-0.475592,0.461809,0.821199,0.000000,0.000000
1.035767,1.359662,-0.449854,0.041915,-0.555425,-0.335248,0.430101,0.819422,0.000000,0.000000
0.902710,1.313967,-0.571161,0.038850,-0.455743,-0.214535,0.409153,0.814124,0.000000,0.000000
1.059570,1.288527,-0.318011,0.037066,-0.401013,-0.144804,0.395015,0.806640,0.000000,0.000000
0.794067,1.213037,-0.581895,0.031987,-0.296807,-0.025081,0.382792,0.824616,0.000000,0.000000
0.757446,1.167478,-0.569488,0.028980,-0.277579,-0.002690,0.381670,0.821480,0.000000,0.000000
0.757446,1.126475,-0.512545,0.026272,-0.294250,-0.016591,0.380882,0.816371,0.000000,0.000000
0.817871,1.095614,-0.385754,0.024212,-0.374553,-0.091394,0.377019,0.808637,0.000000,0.000000
0.914917,1.042770,-0.177364,0.020681,0.422103,0.645828,0.444440,0.866187,0.000000,0.000000
0.902710,1.028764,-0.175286,0.019701,0.391968,0.577472,0.489621,0.912735,0.000000,0.000000
0.830078,1.008895,-0.248342,0.018361,0.388862,0.537807,0.532722,0.953297,0.000000,0.000000
0.830078,0.991014,-0.223532,0.017151,0.375034,0.489919,0.572954,0.983416,0.000000,0.000000
0.854492,0.961779,-0.149009,0.015158,0.368161,0.421811,0.645146,1.029102,0.000000,0.000000
0.830078,0.948609,-0.164626,0.014259,0.376790,0.402519,0.678089,1.048759,0.000000,0.000000
0.684814,0.922229,-0.329743,0.012539,0.372302,0.372029,0.708779,1.063265,0.000000,0.000000
0.769653,0.906972,-0.190722,0.011523,0.366870,0.342389,0.737274,1.064818,0.000000,0.000000
0.781860,0.870127,-0.122590,0.009114,0.362581,0.294795,0.788170,1.064016,0.000000,0.000000
0.733643,0.856478,-0.170605,0.008215,0.360756,0.273569,0.810938,1.066630,0.000000,0.000000
0.745239,0.845354,-0.139042,0.007479,0.361230,0.255899,0.832213,1.064362,0.000000,0.000000
0.673218,0.828141,-0.215181,0.006366,0.356621,0.234632,0.851750,1.061372,0.000000,0.000000
0.866089,0.823431,0.059247,0.006011,0.355425,0.203528,0.886712,1.046801,0.000000,0.000000
0.745239,0.815612,-0.097634,0.005492,0.358176,0.192866,0.902407,1.049546,0.000000,0.000000
0.697021,0.803753,-0.148399,0.004723,0.353526,0.175573,0.917171,1.042999,0.000000,0.000000
0.842285,0.807606,0.048166,0.004940,0.355677,0.165950,0.930921,1.032650,0.000000,0.000000
0.684814,0.797349,-0.156298,0.004234,0.354813,0.144062,0.957292,1.031076,0.000000,0.000000
0.721436,0.789758,-0.094892,0.003738,0.351310,0.131221,0.968221,1.018010,0.000000,0.000000
0.999146,0.810697,0.261734,0.005028,0.355903,0.126728,0.978845,1.008026,0.000000,0.000000
0.890503,0.818677,0.099758,0.005502,0.359594,0.122009,0.988783,1.016933,0.000000,0.000000
0.733643,0.802521,-0.096067,0.004440,0.361249,0.108115,1.007272,1.006756,0.000000,0.000000
0.817871,0.804056,0.019188,0.004514,0.357526,0.097685,1.015280,0.995861,0.000000,0.000000
0.805664,0.804217,0.002010,0.004501,0.354590,0.088592,1.022644,0.990814,0.000000,0.000000
0.805664,0.804361,0.001810,0.004488,0.350742,0.079235,1.029286,0.984589,0.000000,0.000000
0.805664,0.804361,0.001810,0.004488,0.350742,0.079235,1.029286,0.984589,0.000000,0.000000
0.805664,0.804361,0.001810,0.004488,0.350742,0.079235,1.029286,0.984589,0.000000,0.000000
0.805664,0.804361,0.001810,0.004488,0.350742,0.079235,1.029286,0.984589,0.000000,0.000000
0.805664,0.804361,0.001810,0.004488,0.350742,0.079235,1.029286,0.984589,0.000000,0.000000
0.805664,0.804361,0.001810,0.004488,0.350742,0.079235,1.029286,0.984589,0.000000,0.000000
0.805664,0.804361,0.001810,0.004488,0.350742,0.079235,1.029286,0.984589,0.000000,0.000000
0.805664,0.804361,0.001810,0.004488,0.350742,0.079235,1.029286,0.984589,0.000000,0.000000
0.805664,0.804361,0.001810,0.004488,0.350742,0.079235,1.029286,0.984589,0.000000,0.000000
0.805664,0.804361,0.001810,0.004488,0.350742,0.079235,1.029286,0.984589,0.000000,0.000000
0.805664,0.804361,0.001810,0.004488,0.350742,0.079235,1.029286,0.984589,0.000000,0.000000
0.805664,0.804361,0.001810,0.004488,0.350742,0.079235,1.029286,0.984589,0.000000,0.000000
0.805664,0.804361,0.001810,0.004488,0.350742,0.079235,1.029286,0.984589,0.000000,0.000000
0.805664,0.804361,0.001810,0.004488,0.350742,0.079235,1.029286,0.984589,0.000000,0.000000
0.805664,0.804361,0.001810,0.004488,0.350742,0.079235,1.029286,0.984589,0.000000,0.000000
0.805664,0.804361,0.001810,0.004488,0.350742,0.079235,1.029286,0.984589,0.000000,0.000000
0.805664,0.804361,0.001810,0.004488,0.350742,0.079235,1.029286,0.984589,0.000000,0.000000
0.805664,0.804361,0.001810,0.004488,0.350742,0.079235,1.029286,0.984589,0.000000,0.000000
0.805664,0.804361,0.001810,0.004488,0.350742,0.079235,1.029286,0.984589,0.000000,0.000000
0.805664,0.804361,0.001810,0.004488,0.350742,0.079235,1.029286,0.984589,0.000000,0.000000
0.805664,0.804361,0.001810,0.004488,0.350742,0.079235,1.029286,0.984589,0.000000,0.000000
0.805664,0.804361,0.001810,0.004488,0.350742,0.079235,1.029286,0.984589,0.000000,0.000000
0.805664,0.804361,0.001810,0.004488,0.350742,0.079235,1.029286,0.984589,0.000000,0.000000
0.805664,0.804361,0.001810,0.004488,0.350742,0.079235,1.029286,0.984589,0.000000,0.000000
0.805664,0.804361,0.001810,0.004488,0.350742,0.079235,1.029286,0.984589,0.000000,0.000000
0.805664,0.804361,0.001810,0.004488,0.350742,0.079235,1.029286,0.984589,0.000000,0.000000
0.805664,0.804361,0.001810,0.004488,0.350742,0.079235,1.029286,0.984589,0.000000,0.000000
0.805664,0.804361,0.001810,0.004488,0.350742,0.079235,1.029286,0.984589,0.000000,0.000000
0.805664,0.804361,0.001810,0.004488,0.350742,0.079235,1.029286,0.984589,0.000000,0.000000
0.805664,0.804361,0.001810,0.004488,0.350742,0.079235,1.029286,0.984589,0.000000,0.000000
0.805664,0.804361,0.001810,0.004488,0.350742,0.079235,1.029286,0.984589,0.000000,0.000000
0.805664,0.804361,0.001810,0.004488,0.350742,0.079235,1.029286,0.984589,0.000000,0.000000
0.805664,0.804361,0.001810,0.004488,0.350742,0.079235,1.029286,0.984589,0.000000,0.000000
0.805664,0.804361,0.001810,0.004488,0.350742,0.079235,1.029286,0.984589,0.000000,0.000000
0.805664,0.804361,0.001810,0.004488,0.350742,0.079235,1.029286,0.984589,0.000000,0.000000
0.805664,0.804361,0.001810,0.004488,0.350742,0.079235,1.029286,0.984589,0.000000,0.000000
0.805664,0.804361,0.001810,0.004488,0.350742,0.079235,1.029286,0.984589,0.000000,0.000000
0.805664,0.804361,0.001810,0.004488,0.350742,0.079235,1.029286,0.984589,0.000000,0.000000
0.805664,0.804361,0.001810,0.004488,0.350742,0.079235,1.029286,0.984589,0.000000,0.000000
0.805664,0.804361,0.001810,0.004488,0.350742,0.079235,1.029286,0.984589,0.000000,0.000000
0.805664,0.804361,0.001810,0.004488,0.350742,0.079235,1.029286,0.984589,0.000000,0.000000
0.805664,0.804361,0.001810,0.004488,0.350742,0.079235,1.029286,0.984589,0.000000,0.000000
0.805664,0.804361,0.001810,0.004488,0.350742,0.079235,1.029286,0.984589,0.000000,0.000000
0.805664,0.804361,0.001810,0.004488,0.350742,0.079235,1.029286,0.984589,0.000000,0.000000
0.805664,0.804361,0.001810,0.004488,0.350742,0.079235,1.029286,0.984589,0.000000,0.000000
0.805664,0.804361,0.001810,0.004488,0.350742,0.079235,1.029286,0.984589,0.000000,0.000000
0.805664,0.804361,0.001810,0.004488,0.350742,0.079235,1.029286,0.984589,0.000000,0.000000
0.805664,0.804361,0.001810,0.004488,0.350742,0.079235,1.029286,0.984589,0.000000,0.000000
0.805664,0.804361,0.001810,0.004488,0.350742,0.079235,1.029286,0.984589,0.000000,0.000000
0.805664,0.804361,0.001810,0.004488,0.350742,0.079235,1.029286,0.984589,0.000000,0.000000
0.805664,0.804361,0.001810,0.004488,0.350742,0.079235,1.029286,0.984589,0.000000,0.000000
0.805664,0.804361,0.001810,0.004488,0.350742,0.079235,1.029286,0.984589,0.000000,0.000000
0.805664,0.804361,0.001810,0.004488,0.350742,0.079235,1.029286,0.984589,0.000000,0.000000
0.805664,0.804361,0.001810,0.004488,0.350742,0.079235,1.029286,0.984589,0.000000,0.000000
0.805664,0.804361,0.001810,0.004488,0.350742,0.079235,1.029286,0.984589,0.000000,0.000000
0.805664,0.804361,0.001810,0.004488,0.350742,0.079235,1.029286,0.984589,0.000000,0.000000
0.805664,0.804361,0.001810,0.004488,0.350742,0.079235,1.029286,0.984589,0.000000,0.000000
