-0.443115,-0.069824,-0.519831,-0.025322,-0.001531,-0.002152,-0.000209,-0.024042,0.000000,0.000000
-0.551758,-0.118017,-0.602425,-0.042635,-0.002030,-0.004134,-0.000550,-0.052838,0.000000,0.000000
-0.757446,-0.240607,-0.717876,-0.085353,-0.002525,-0.011097,-0.001878,-0.134366,0.000000,0.000000
-0.527344,-0.269281,-0.358420,-0.093545,-0.002209,-0.015853,-0.002944,-0.177717,0.000000,0.000000
-0.563965,-0.298750,-0.368355,-0.101789,-0.002875,-0.021788,-0.004443,-0.202906,0.000000,0.000000
-0.551758,-0.356599,-0.271054,-0.117060,-0.004512,-0.034503,-0.008986,-0.261072,0.000000,0.000000
-0.660400,-0.386979,-0.379752,-0.124941,-0.004729,-0.040380,-0.011919,-0.283630,0.000000,0.000000
-0.902100,-0.438491,-0.643909,-0.140510,-0.004096,-0.045560,-0.015302,-0.312468,0.000000,0.000000
-0.672607,-0.461903,-0.292642,-0.145074,-0.005207,-0.053138,-0.019191,-0.356251,0.000000,0.000000
-0.551758,-0.499629,-0.072383,-0.150288,-0.004351,-0.065000,-0.028573,-0.413849,0.000000,0.000000
-0.697021,-0.519369,-0.246799,-0.153183,-0.004523,-0.070983,-0.033994,-0.428409,0.000000,0.000000
-0.805664,-0.547998,-0.357869,-0.159324,-0.004894,-0.077020,-0.039821,-0.452238,0.000000,0.000000
-0.697021,-0.562901,-0.185444,-0.160107,-0.005685,-0.083446,-0.046210,-0.482367,0.000000,0.000000
-0.612183,-0.587480,-0.034309,-0.159653,-0.002540,-0.090585,-0.060418,-0.529416,0.000000,0.000000
-0.672607,-0.595993,-0.106409,-0.158055,-0.002600,-0.095120,-0.068101,-0.542394,0.000000,0.000000
-0.793457,-0.615739,-0.246833,-0.160719,-0.004767,-0.101293,-0.076155,-0.558953,0.000000,0.000000
-0.841675,-0.638333,-0.282419,-0.164370,-0.010139,-0.110562,-0.084558,-0.582934,0.000000,0.000000
-0.733032,-0.656326,-0.106537,-0.161296,-0.002894,-0.111359,-0.101608,-0.625286,0.000000,0.000000
-0.841675,-0.674861,-0.231686,-0.163408,0.000708,-0.111347,-0.110476,-0.641093,0.000000,0.000000
-0.853882,-0.692763,-0.223779,-0.165219,0.004254,-0.111263,-0.119633,-0.663482,0.000000,0.000000
-0.769653,-0.700452,-0.096112,-0.163146,0.002142,-0.116713,-0.129066,-0.685444,0.000000,0.000000
-0.697021,-0.715016,0.024993,-0.158779,0.000760,-0.124186,-0.148333,-0.720877,0.000000,0.000000
-0.805664,-0.724081,-0.113293,-0.157415,-0.000871,-0.128121,-0.158409,-0.728903,0.000000,0.000000
-0.890503,-0.740723,-0.208059,-0.158934,-0.000926,-0.130206,-0.168697,-0.743966,0.000000,0.000000
-0.914307,-0.758082,-0.216977,-0.160675,-0.002642,-0.133809,-0.179270,-0.764043,0.000000,0.000000
-0.745239,-0.755642,0.014487,-0.150279,-0.001377,-0.135755,-0.200927,-0.792308,0.000000,0.000000
-0.612183,-0.741296,0.179324,-0.140391,0.001302,-0.134203,-0.211681,-0.799404,0.000000,0.000000
-0.841675,-0.751334,-0.125475,-0.139943,0.001193,-0.134727,-0.222444,-0.796986,0.000000,0.000000
-0.697021,-0.745902,0.067890,-0.133708,0.001747,-0.134579,-0.233180,-0.810298,0.000000,0.000000
-0.745239,-0.747974,0.003798,-0.126556,0.000541,-0.135394,-0.254747,-0.820304,0.000000,0.000000
-0.757446,-0.748921,-0.011841,-0.123115,0.003327,-0.132356,-0.265156,-0.825168,0.000000,0.000000
-0.902100,-0.764239,-0.191471,-0.125165,0.005070,-0.130169,-0.275523,-0.830490,0.000000,0.000000
-0.830078,-0.770823,-0.082299,-0.123879,0.007075,-0.127957,-0.285791,-0.845181,0.000000,0.000000
-0.914307,-0.795942,-0.164395,-0.125843,0.009930,-0.124760,-0.306083,-0.866060,0.000000,0.000000
-0.745239,-0.790872,0.063379,-0.120167,0.010497,-0.124236,-0.316108,-0.878932,0.000000,0.000000
-0.938721,-0.805657,-0.184776,-0.122105,0.009821,-0.124497,-0.326193,-0.879501,0.000000,0.000000
-0.769653,-0.802056,0.045013,-0.117091,0.009515,-0.124502,-0.336303,-0.893200,0.000000,0.000000
-0.588379,-0.795186,0.287232,-0.107414,0.006071,-0.126640,-0.356702,-0.908990,0.000000,0.000000
-0.672607,-0.782928,0.153223,-0.099595,0.004399,-0.126887,-0.366907,-0.896977,0.000000,0.000000
-0.841675,-0.788803,-0.073435,-0.098810,0.004426,-0.125032,-0.376946,-0.891343,0.000000,0.000000
-0.950928,-0.805015,-0.202654,-0.101925,0.004216,-0.123455,-0.386876,-0.897473,0.000000,0.000000
-0.684814,-0.792995,0.150253,-0.094360,0.006855,-0.119521,-0.396504,-0.910319,0.000000,0.000000
-0.660400,-0.771098,0.153745,-0.080680,0.007579,-0.115055,-0.415345,-0.898963,0.000000,0.000000
-0.733032,-0.767291,0.047582,-0.076832,0.006779,-0.113420,-0.424553,-0.891569,0.000000,0.000000
-0.539551,-0.744517,0.284679,-0.065987,0.006017,-0.111654,-0.433559,-0.889418,0.000000,0.000000
-0.660400,-0.736171,0.105235,-0.058956,0.005015,-0.106467,-0.450980,-0.873571,0.000000,0.000000
-0.624390,-0.724993,0.139728,-0.052995,0.003754,-0.104466,-0.459393,-0.867141,0.000000,0.000000
-0.672607,-0.719754,0.065482,-0.049441,0.004592,-0.100193,-0.467535,-0.858441,0.000000,0.000000
-0.636597,-0.711438,0.103926,-0.044840,0.004193,-0.097138,-0.475413,-0.853355,0.000000,0.000000
-0.503540,-0.682814,0.248992,-0.031553,0.002841,-0.091236,-0.490450,-0.837969,0.000000,0.000000
-0.527344,-0.667267,0.194338,-0.024777,0.002345,-0.087664,-0.497594,-0.822086,0.000000,0.000000
-0.612183,-0.661759,0.068856,-0.021968,0.002580,-0.083174,-0.504411,-0.808585,0.000000,0.000000
-0.660400,-0.661623,0.001698,-0.021258,0.001417,-0.080116,-0.510962,-0.801511,0.000000,0.000000
-0.709229,-0.658693,-0.070189,-0.018999,0.001047,-0.072514,-0.523110,-0.788486,0.000000,0.000000
-0.709229,-0.663746,-0.063169,-0.020324,0.000681,-0.069203,-0.528808,-0.788555,0.000000,0.000000
-0.612183,-0.658590,0.064455,-0.017780,0.000487,-0.066048,-0.534240,-0.788363,0.000000,0.000000
-0.697021,-0.662433,-0.048040,-0.018688,0.000698,-0.062563,-0.539378,-0.781311,0.000000,0.000000
-0.745239,-0.666191,-0.109790,-0.019050,0.001042,-0.056343,-0.548849,-0.773228,0.000000,0.000000
-0.672607,-0.666833,-0.008013,-0.018718,0.001532,-0.053341,-0.553235,-0.775523,0.000000,0.000000
-0.672607,-0.667410,-0.007225,-0.018374,0.001093,-0.051421,-0.557406,-0.772524,0.000000,0.000000
-0.709229,-0.671592,-0.052272,-0.019391,0.000942,-0.049318,-0.561434,-0.769591,0.000000,0.000000
-0.612183,-0.643990,0.044137,-0.008167,0.002158,-0.043622,-0.568861,-0.749619,0.000000,0.000000
-0.599976,-0.639588,0.055077,-0.006270,0.000780,-0.042526,-0.572319,-0.743592,0.000000,0.000000
-0.588379,-0.634467,0.064012,-0.004162,0.000296,-0.040507,-0.575663,-0.737035,0.000000,0.000000
-0.757446,-0.646765,-0.153722,-0.008648,0.000107,-0.038190,-0.578845,-0.729980,0.000000,0.000000
-0.636597,-0.651370,0.020518,-0.009794,-0.001737,-0.036192,-0.584754,-0.735770,0.000000,0.000000
-0.612183,-0.647451,0.048985,-0.008030,-0.002771,-0.035417,-0.587588,-0.731744,0.000000,0.000000
-0.515747,-0.634281,0.164630,-0.002851,-0.004628,-0.035321,-0.590445,-0.726356,0.000000,0.000000
-0.418701,-0.612723,0.269475,0.005319,-0.004166,-0.032656,-0.593179,-0.714664,0.000000,0.000000
-0.599976,-0.598326,-0.002291,0.010240,-0.003348,-0.026540,-0.597917,-0.683463,0.000000,0.000000
-0.479126,-0.586406,0.149002,0.014403,-0.003251,-0.023971,-0.599907,-0.679695,0.000000,0.000000
-0.479126,-0.575678,0.134098,0.017993,-0.002998,-0.021128,-0.601697,-0.667781,0.000000,0.000000
-0.455322,-0.563642,0.150446,0.021967,-0.003121,-0.018601,-0.603268,-0.656468,0.000000,0.000000
-0.503540,-0.556562,0.073624,0.023310,-0.001826,-0.012181,-0.605591,-0.638756,0.000000,0.000000
-0.563965,-0.557303,-0.009255,0.022333,-0.002272,-0.010181,-0.606500,-0.630439,0.000000,0.000000
-0.418701,-0.543442,0.173250,0.026860,-0.002524,-0.008225,-0.607224,-0.626616,0.000000,0.000000
-0.491333,-0.538232,0.065138,0.028009,-0.001899,-0.005236,-0.607761,-0.613003,0.000000,0.000000
-0.443115,-0.529937,0.120586,0.029479,-0.001709,-0.000767,-0.608248,-0.601581,0.000000,0.000000
-0.430908,-0.520034,0.123785,0.032308,-0.001968,0.001054,-0.608248,-0.590815,0.000000,0.000000
-0.455322,-0.513563,0.080890,0.033766,-0.001610,0.003534,-0.608076,-0.579786,0.000000,0.000000
-0.576172,-0.519824,-0.078261,0.030405,-0.001242,0.005934,-0.607683,-0.570954,0.000000,0.000000
-0.443115,-0.505249,0.086296,0.033987,-0.001433,0.009045,-0.606410,-0.561417,0.000000,0.000000
-0.576172,-0.512342,-0.088654,0.030308,-0.002217,0.009964,-0.605620,-0.552624,0.000000,0.000000
-0.406494,-0.501757,0.132308,0.033368,-0.002670,0.010885,-0.604751,-0.553392,0.000000,0.000000
-0.358276,-0.487409,0.179353,0.037747,-0.004186,0.010970,-0.603894,-0.542591,0.000000,0.000000
-0.394897,-0.478511,0.116130,0.038858,-0.002007,0.016284,-0.601514,-0.525232,0.000000,0.000000
-0.370483,-0.467708,0.135001,0.041742,-0.001692,0.018124,-0.600135,-0.515057,0.000000,0.000000
-0.455322,-0.466469,0.015486,0.040954,-0.002461,0.018979,-0.598635,-0.503799,0.000000,0.000000
-0.515747,-0.471397,-0.061597,0.037878,-0.003053,0.019876,-0.597046,-0.498985,0.000000,0.000000
-0.297852,-0.438424,0.195241,0.047809,-0.004217,0.021507,-0.593730,-0.483315,0.000000,0.000000
-0.249634,-0.419545,0.235984,0.053454,-0.003181,0.024299,-0.591902,-0.468964,0.000000,0.000000
-0.334473,-0.411037,0.106341,0.055041,-0.003419,0.026050,-0.589884,-0.452132,0.000000,0.000000
-0.491333,-0.419067,-0.100368,0.050379,-0.003208,0.028223,-0.587711,-0.442057,0.000000,0.000000
-0.310059,-0.408166,0.136262,0.052955,-0.005383,0.027604,-0.585442,-0.443233,0.000000,0.000000
-0.358276,-0.403027,0.062153,0.051751,-0.007504,0.028863,-0.580921,-0.428123,0.000000,0.000000
-0.515747,-0.414299,-0.140901,0.045971,-0.008196,0.029746,-0.578570,-0.421127,0.000000,0.000000
-0.443115,-0.417180,-0.036021,0.043512,-0.007900,0.031132,-0.576132,-0.425221,0.000000,0.000000
-0.382690,-0.416066,0.046354,0.041387,-0.008301,0.032237,-0.571061,-0.422879,0.000000,0.000000
-0.358276,-0.410287,0.072237,0.042313,-0.009426,0.031699,-0.568405,-0.417608,0.000000,0.000000
-0.503540,-0.419612,-0.116503,0.037548,-0.008676,0.033234,-0.565915,-0.411191,0.000000,0.000000
-0.491333,-0.426784,-0.089701,0.033731,-0.009327,0.032993,-0.563380,-0.415037,0.000000,0.000000
-0.370483,-0.418284,0.066389,0.034889,-0.008790,0.033613,-0.558089,-0.413602,0.000000,0.000000
-0.394897,-0.415946,0.029234,0.034719,-0.013572,0.029224,-0.555735,-0.408420,0.000000,0.000000
-0.443115,-0.418663,-0.033962,0.032659,-0.019843,0.023569,-0.553630,-0.405489,0.000000,0.000000
-0.358276,-0.412624,0.075483,0.033944,-0.017757,0.026052,-0.551496,-0.406001,0.000000,0.000000
-0.249634,-0.403409,0.213576,0.035482,-0.016287,0.028136,-0.547085,-0.404692,0.000000,0.000000
-0.274048,-0.390473,0.161701,0.039268,-0.016013,0.028903,-0.544802,-0.391974,0.000000,0.000000
-0.370483,-0.388474,0.024987,0.038840,-0.018260,0.027439,-0.542553,-0.381809,0.000000,0.000000
-0.346069,-0.384233,0.053005,0.039265,-0.016009,0.030376,-0.540238,-0.378823,0.000000,0.000000
-0.358276,-0.382597,0.033779,0.037570,-0.003191,0.043447,-0.534440,-0.372446,0.000000,0.000000
-0.322266,-0.376564,0.075414,0.038705,-0.007018,0.039485,-0.531263,-0.368444,0.000000,0.000000
-0.394897,-0.378397,-0.022916,0.036856,-0.008070,0.038402,-0.528135,-0.362313,0.000000,0.000000
-0.382690,-0.378827,-0.004769,0.035608,-0.008693,0.037485,-0.524420,-0.360983,0.000000,0.000000
-0.406494,-0.381594,-0.034591,0.033502,-0.007462,0.038615,-0.521469,-0.359632,0.000000,0.000000
-0.491333,-0.379592,-0.155052,0.032114,-0.005372,0.040263,-0.515234,-0.348527,0.000000,0.000000
-0.358276,-0.377461,0.026671,0.031951,-0.002822,0.042146,-0.511935,-0.355068,0.000000,0.000000
-0.443115,-0.384026,-0.082068,0.028530,-0.006876,0.037653,-0.508880,-0.352362,0.000000,0.000000
-0.599976,-0.405621,-0.269937,0.019576,-0.003073,0.040942,-0.506049,-0.355813,0.000000,0.000000
-0.382690,-0.402363,0.027323,0.019629,0.000171,0.041647,-0.500080,-0.368407,0.000000,0.000000
-0.237427,-0.385869,0.206170,0.025225,0.001885,0.042146,-0.497125,-0.366547,0.000000,0.000000
-0.225220,-0.369804,0.200812,0.030493,0.001510,0.040529,-0.493684,-0.354485,0.000000,0.000000
-0.201416,-0.352966,0.210486,0.035893,0.013321,0.051023,-0.489806,-0.341986,0.000000,0.000000
-0.443115,-0.348341,-0.131637,0.035335,0.113101,0.142846,-0.475135,-0.309799,0.000000,0.000000
-0.358276,-0.349335,-0.012419,0.033902,0.236683,0.254451,-0.459201,-0.303549,0.000000,0.000000
-0.274048,-0.341806,0.094108,0.035708,0.392575,0.388397,-0.432166,-0.281335,0.000000,0.000000
-0.310059,-0.338631,0.039674,0.035827,0.529155,0.495671,-0.396506,-0.246663,0.000000,0.000000
-0.297852,-0.310229,0.017191,0.044059,0.855707,0.736715,-0.294195,-0.143562,0.000000,0.000000
0.016479,-0.277558,0.408380,0.054989,0.968265,0.797413,-0.232272,-0.094745,0.000000,0.000000
-0.092163,-0.259018,0.231746,0.060291,1.082218,0.856425,-0.165953,-0.023682,0.000000,0.000000
0.112915,-0.221825,0.464917,0.072430,1.166919,0.883260,-0.095740,0.038880,0.000000,0.000000
0.173340,-0.148886,0.447558,0.095084,1.198392,0.803526,0.042974,0.179182,0.000000,0.000000
0.233765,-0.110621,0.478313,0.106581,1.184866,0.742183,0.104926,0.238053,0.000000,0.000000
0.294189,-0.070140,0.506013,0.118564,1.145922,0.661165,0.161346,0.291728,0.000000,0.000000
0.354614,-0.027665,0.530943,0.130935,1.037007,0.520166,0.207681,0.336183,0.000000,0.000000
0.560303,0.077512,0.670542,0.162058,0.819500,0.267670,0.270326,0.405112,0.000000,0.000000
0.741577,0.143919,0.830081,0.182099,0.653312,0.101171,0.284270,0.428928,0.000000,0.000000
0.705566,0.200084,0.702059,0.197698,0.466660,-0.071672,0.283850,0.449695,0.000000,0.000000
0.765991,0.256674,0.707384,0.212989,0.284381,-0.227922,0.270816,0.454533,0.000000,0.000000
0.765991,0.332735,0.601925,0.228612,0.074470,-0.361876,0.219744,0.432358,0.000000,0.000000
0.668945,0.366356,0.420262,0.234362,0.012541,-0.380902,0.189540,0.426109,0.000000,0.000000
0.729370,0.402658,0.453767,0.240944,-0.034842,-0.384293,0.158519,0.412916,0.000000,0.000000
0.850220,0.447414,0.559453,0.250499,-0.053946,-0.360145,0.128726,0.405912,0.000000,0.000000
0.838623,0.528226,0.431086,0.265477,-0.044496,-0.270675,0.078666,0.422236,0.000000,0.000000
0.765991,0.552002,0.297222,0.266429,-0.060406,-0.249323,0.057620,0.430394,0.000000,0.000000
0.814209,0.578223,0.327758,0.268269,-0.072151,-0.225537,0.038604,0.435004,0.000000,0.000000
0.802002,0.600601,0.279724,0.268613,-0.082852,-0.202019,0.021237,0.444157,0.000000,0.000000
0.874634,0.643988,0.320357,0.268808,-0.079218,-0.136871,-0.005788,0.464642,0.000000,0.000000
0.935059,0.673095,0.363839,0.271659,-0.104981,-0.134084,-0.016602,0.482146,0.000000,0.000000
0.802002,0.685986,0.161134,0.268344,-0.156360,-0.155852,-0.028311,0.501700,0.000000,0.000000
1.019897,0.719377,0.417390,0.272815,-0.200751,-0.169454,-0.041645,0.509334,0.000000,0.000000
0.753784,0.730254,0.032672,0.260677,-0.300698,-0.205071,-0.071112,0.534242,0.000000,0.000000
0.632935,0.720522,-0.121684,0.249206,-0.382449,-0.251836,-0.089671,0.531372,0.000000,0.000000
0.705566,0.719026,-0.018694,0.241169,-0.456539,-0.288766,-0.111650,0.517220,0.000000,0.000000
0.693359,0.716460,-0.032084,0.232972,-0.551309,-0.343372,-0.137645,0.505116,0.000000,0.000000
0.681152,0.703214,-0.030644,0.214358,-0.727398,-0.430283,-0.201862,0.464567,0.000000,0.000000
0.729370,0.705830,0.032695,0.208908,-0.816076,-0.470111,-0.239913,0.442858,0.000000,0.000000
0.681152,0.703362,-0.030847,0.201715,-0.887694,-0.492679,-0.278643,0.425244,0.000000,0.000000
0.535889,0.686615,-0.209342,0.189384,-0.946723,-0.502096,-0.318613,0.404368,0.000000,0.000000
0.463867,0.658410,-0.269959,0.167696,-1.022518,-0.481611,-0.398153,0.353894,0.000000,0.000000
0.379028,0.630472,-0.349538,0.152179,-1.000591,-0.415860,-0.434587,0.326530,0.000000,0.000000
0.415039,0.608929,-0.269292,0.139534,-0.982076,-0.359267,-0.465745,0.300303,0.000000,0.000000
0.366821,0.584718,-0.302634,0.126269,-0.949681,-0.294151,-0.491853,0.283138,0.000000,0.000000
0.149536,0.502033,-0.489604,0.088290,-0.840746,-0.138320,-0.526870,0.247249,0.000000,0.000000
0.318604,0.483690,-0.229058,0.078769,-0.735569,-0.022462,-0.532341,0.235423,0.000000,0.000000
0.161133,0.451435,-0.403601,0.064298,-0.639907,0.075716,-0.529274,0.244053,0.000000,0.000000
0.076904,0.413982,-0.468163,0.048324,-0.563197,0.148208,-0.519631,0.247678,0.000000,0.000000
-0.056152,0.321415,-0.524373,0.011326,-0.426765,0.257813,-0.483506,0.247390,0.000000,0.000000
-0.128784,0.276395,-0.562777,-0.005897,-0.365093,0.300281,-0.461005,0.248323,0.000000,0.000000
0.125122,0.261268,-0.189092,-0.011393,-0.303848,0.337848,-0.434822,0.247780,0.000000,0.000000
0.028687,0.238010,-0.290727,-0.019773,-0.255833,0.359978,-0.406550,0.266519,0.000000,0.000000
0.016479,0.191579,-0.243207,-0.035712,-0.191753,0.370018,-0.349388,0.284068,0.000000,0.000000
-0.031738,0.169248,-0.279147,-0.043015,-0.178122,0.355328,-0.320159,0.293859,0.000000,0.000000
-0.080566,0.144266,-0.312268,-0.051093,-0.186746,0.320558,-0.293840,0.296917,0.000000,0.000000
-0.116577,0.118182,-0.326054,-0.059341,-0.176152,0.305642,-0.268947,0.295088,0.000000,0.000000
-0.080566,0.071741,-0.211537,-0.072918,-0.114888,0.313724,-0.219042,0.283085,0.000000,0.000000
-0.020142,0.062552,-0.114853,-0.074176,-0.100662,0.301144,-0.194461,0.281901,0.000000,0.000000
0.100708,0.066368,0.047656,-0.070521,-0.104300,0.272180,-0.171577,0.283270,0.000000,0.000000
-0.128784,0.046853,-0.244138,-0.075729,-0.097257,0.255219,-0.149979,0.291527,0.000000,0.000000
0.112915,0.058306,0.075850,-0.067019,-0.095235,0.213866,-0.112505,0.286523,0.000000,0.000000
-0.043945,0.048081,-0.127814,-0.068843,-0.096223,0.193820,-0.096179,0.290342,0.000000,0.000000
0.028687,0.046141,-0.024243,-0.067505,-0.102505,0.169995,-0.081734,0.281446,0.000000,0.000000
-0.031738,0.038353,-0.097350,-0.068401,-0.103239,0.152976,-0.068642,0.276796,0.000000,0.000000
-0.031738,0.036956,-0.095409,-0.064952,-0.100154,0.126581,-0.045753,0.266412,0.000000,0.000000
0.076904,0.040951,0.049935,-0.061506,-0.098267,0.115082,-0.035752,0.255720,0.000000,0.000000
-0.140991,0.022757,-0.227379,-0.066482,-0.095682,0.105323,-0.026664,0.252264,0.000000,0.000000
0.197754,0.040256,0.218793,-0.057924,-0.095960,0.093137,-0.018467,0.233388,0.000000,0.000000
0.233765,0.057467,0.244833,-0.048020,-0.092239,0.076307,-0.004348,0.229417,0.000000,0.000000
0.209961,0.072717,0.190646,-0.040860,-0.092171,0.067736,0.001608,0.235408,0.000000,0.000000
0.209961,0.086441,0.171555,-0.034488,-0.091050,0.061171,0.007053,0.238886,0.000000,0.000000
0.064697,0.084267,-0.027160,-0.034268,-0.088995,0.056389,0.012048,0.241699,0.000000,0.000000
-0.020142,0.061188,-0.112958,-0.040743,-0.085764,0.046755,0.020801,0.218330,0.000000,0.000000
0.028687,0.057938,-0.040627,-0.040739,-0.082946,0.043254,0.024669,0.205831,0.000000,0.000000
0.004272,0.052571,-0.067082,-0.041530,-0.075902,0.044118,0.028330,0.197305,0.000000,0.000000
0.040283,0.051343,-0.015359,-0.040745,-0.073277,0.040827,0.031671,0.187391,0.000000,0.000000
0.222168,0.069627,0.211873,-0.031495,-0.070950,0.032564,0.037288,0.174921,0.000000,0.000000
-0.020142,0.060650,-0.112211,-0.033916,-0.073279,0.026190,0.039357,0.180112,0.000000,0.000000
0.125122,0.067097,0.080590,-0.030481,-0.077125,0.018602,0.040896,0.167980,0.000000,0.000000
0.052490,0.065637,-0.018259,-0.030114,-0.078394,0.014180,0.042032,0.166155,0.000000,0.000000
0.076904,0.065580,0.015728,-0.028341,-0.075454,0.011654,0.043452,0.152548,0.000000,0.000000
0.052490,0.064271,-0.016358,-0.027981,-0.058080,0.025867,0.044697,0.148610,0.000000,0.000000
0.173340,0.075178,0.136370,-0.023051,0.019298,0.097337,0.048915,0.146152,0.000000,0.000000
0.016479,0.069308,-0.073373,-0.024561,0.204910,0.266508,0.065038,0.163503,0.000000,0.000000
-0.104370,0.041748,-0.202951,-0.033317,0.648661,0.639573,0.139447,0.209565,0.000000,0.000000
0.100708,0.047644,0.073700,-0.030106,0.889631,0.824108,0.199928,0.246205,0.000000,0.000000
0.137329,0.056612,0.112107,-0.025840,1.090567,0.958029,0.272834,0.306158,0.000000,0.000000
0.149536,0.065905,0.116155,-0.021580,1.267638,1.060532,0.354774,0.373158,0.000000,0.000000
0.415039,0.131196,0.394226,0.003800,1.474501,1.109818,0.530580,0.523675,0.000000,0.000000
0.620728,0.180150,0.611914,0.022043,1.572870,1.129096,0.620396,0.602264,0.000000,0.000000
0.741577,0.236292,0.701785,0.042436,1.610674,1.088627,0.710884,0.690101,0.000000,0.000000
0.802002,0.292863,0.707137,0.062377,1.475975,0.887948,0.789622,0.768879,0.000000,0.000000
0.862427,0.395642,0.648344,0.096660,0.904383,0.251665,0.876683,0.852640,0.000000,0.000000
0.899048,0.445983,0.629257,0.112637,0.573180,-0.075117,0.880630,0.856950,0.000000,0.000000
1.032104,0.504595,0.732469,0.131232,0.373790,-0.253131,0.866047,0.845781,0.000000,0.000000
1.273804,0.581516,0.961751,0.156148,0.245213,-0.349861,0.840862,0.834294,0.000000,0.000000
1.080322,0.659974,0.583204,0.175966,0.131798,-0.386002,0.779052,0.809331,0.000000,0.000000
1.116333,0.705610,0.571048,0.187818,0.110302,-0.368472,0.748918,0.798907,0.000000,0.000000
0.983276,0.733377,0.347083,0.192596,0.063868,-0.375100,0.718914,0.791752,0.000000,0.000000
1.080322,0.768071,0.433682,0.199829,0.057160,-0.343048,0.690308,0.777399,0.000000,0.000000
1.080322,0.831739,0.345272,0.211489,0.041594,-0.284980,0.639325,0.773410,0.000000,0.000000
0.995483,0.848113,0.204681,0.211284,0.041909,-0.250570,0.617532,0.773419,0.000000,0.000000
0.935059,0.856808,0.108682,0.208206,0.060084,-0.201619,0.599416,0.771189,0.000000,0.000000
0.910645,0.862191,0.067296,0.203979,0.070321,-0.163958,0.584902,0.768446,0.000000,0.000000
0.922852,0.871574,0.071219,0.195401,0.016120,-0.167668,0.560029,0.763306,0.000000,0.000000
0.935059,0.877923,0.079355,0.191920,-0.009728,-0.167592,0.546308,0.761014,0.000000,0.000000
0.717773,0.861908,-0.200187,0.180156,-0.022662,-0.155291,0.533055,0.760161,0.000000,0.000000
0.922852,0.868002,0.076158,0.177037,-0.046809,-0.155673,0.520578,0.745339,0.000000,0.000000
0.814209,0.883874,-0.086023,0.172584,-0.161724,-0.218520,0.488444,0.751107,0.000000,0.000000
0.899048,0.885391,0.018951,0.167975,-0.192536,-0.221577,0.470814,0.738518,0.000000,0.000000
0.850220,0.881874,-0.044002,0.161616,-0.230872,-0.231602,0.452298,0.731696,0.000000,0.000000
0.838623,0.877549,-0.054064,0.155145,-0.218182,-0.193115,0.435859,0.724031,0.000000,0.000000
0.850220,0.884332,-0.047378,0.148401,-0.295097,-0.220475,0.404596,0.719942,0.000000,0.000000
0.778198,0.873718,-0.132667,0.139969,-0.357754,-0.254598,0.384312,0.709369,0.000000,0.000000
0.922852,0.878632,0.061417,0.137612,-0.369571,-0.239448,0.364889,0.695463,0.000000,0.000000
0.778198,0.868588,-0.125542,0.129718,-0.402638,-0.245389,0.345210,0.692076,0.000000,0.000000
0.741577,0.836876,-0.132359,0.110397,-0.507456,-0.294974,0.302677,0.655755,0.000000,0.000000
0.620728,0.815261,-0.270186,0.098979,-0.632323,-0.387505,0.275283,0.635321,0.000000,0.000000
0.717773,0.805512,-0.121859,0.092354,-0.773507,-0.489084,0.238786,0.599354,0.000000,0.000000
0.584717,0.783433,-0.275994,0.081304,-0.848771,-0.521442,0.197747,0.568106,0.000000,0.000000
0.330811,0.711552,-0.528939,0.049875,-0.723841,-0.324297,0.127222,0.498860,0.000000,0.000000
0.282593,0.668656,-0.536199,0.032292,-0.567324,-0.149191,0.109495,0.470554,0.000000,0.000000
0.343018,0.636092,-0.406743,0.019121,-0.385876,0.037139,0.105821,0.454354,0.000000,0.000000
0.185547,0.591038,-0.563604,0.001640,-0.156555,0.255280,0.119168,0.459658,0.000000,0.000000
0.245972,0.518938,-0.379120,-0.025025,0.092278,0.447906,0.181056,0.480367,0.000000,0.000000
0.040283,0.471073,-0.598319,-0.042223,0.144474,0.466084,0.217476,0.499315,0.000000,0.000000
0.245972,0.448563,-0.281376,-0.049398,0.150627,0.437651,0.253384,0.502486,0.000000,0.000000
0.064697,0.410176,-0.479832,-0.062311,0.180096,0.432742,0.288382,0.518554,0.000000,0.000000
0.233765,0.378855,-0.201515,-0.070203,0.204184,0.389611,0.354234,0.532977,0.000000,0.000000
0.222168,0.363186,-0.195859,-0.073973,0.238165,0.391353,0.385098,0.542195,0.000000,0.000000
0.173340,0.344202,-0.237308,-0.078873,0.249510,0.370741,0.415490,0.549528,0.000000,0.000000
0.161133,0.325895,-0.228836,-0.083371,0.231335,0.322261,0.443685,0.550931,0.000000,0.000000
0.222168,0.312669,-0.125677,-0.083368,0.299506,0.334799,0.493292,0.554722,0.000000,0.000000
0.197754,0.301177,-0.143665,-0.085177,0.288967,0.296124,0.518658,0.556386,0.000000,0.000000
0.282593,0.299319,-0.023231,-0.083318,0.301502,0.282536,0.541415,0.553806,0.000000,0.000000
0.173340,0.286721,-0.157474,-0.085543,0.306082,0.262166,0.563055,0.556086,0.000000,0.000000
0.064697,0.245635,-0.251303,-0.095659,0.305962,0.216127,0.601122,0.534417,0.000000,0.000000
0.125122,0.233584,-0.150641,-0.097308,0.306692,0.195665,0.617549,0.518219,0.000000,0.000000
0.028687,0.213094,-0.256122,-0.102072,0.305827,0.174876,0.632403,0.505721,0.000000,0.000000
0.233765,0.215161,0.025838,-0.098235,0.304143,0.154460,0.645516,0.485855,0.000000,0.000000
0.173340,0.212653,-0.054602,-0.093391,0.303392,0.120920,0.667333,0.472881,0.000000,0.000000
0.282593,0.219647,0.087424,-0.087966,0.303165,0.106098,0.676440,0.461241,0.000000,0.000000
0.366821,0.234365,0.183968,-0.079808,0.302133,0.091940,0.684311,0.456632,0.000000,0.000000
0.270386,0.237967,0.045026,-0.076063,0.300839,0.079046,0.691104,0.457027,0.000000,0.000000
0.270386,0.244126,0.036471,-0.069295,0.299494,0.057741,0.701889,0.442465,0.000000,0.000000
0.366821,0.256396,0.153346,-0.062615,0.297903,0.047596,0.706067,0.434769,0.000000,0.000000
0.222168,0.252973,-0.042791,-0.062021,0.296129,0.038437,0.709449,0.433386,0.000000,0.000000
0.366821,0.264358,0.142310,-0.055891,0.295044,0.030569,0.712196,0.421662,0.000000,0.000000
0.161133,0.237165,-0.105600,-0.062574,0.291866,0.015815,0.715988,0.398249,0.000000,0.000000
0.343018,0.247750,0.132316,-0.056727,0.292010,0.010558,0.717125,0.383225,0.000000,0.000000
0.222168,0.245192,-0.031977,-0.055985,0.292812,0.006697,0.717867,0.381203,0.000000,0.000000
0.173340,0.238006,-0.089815,-0.057000,0.323533,0.032382,0.718983,0.371483,0.000000,0.000000
0.197754,0.239038,-0.057339,-0.053308,0.547819,0.233507,0.735717,0.369610,0.000000,0.000000
0.330811,0.248215,0.114716,-0.048267,0.655767,0.317364,0.758446,0.379721,0.000000,0.000000
0.125122,0.235906,-0.153866,-0.051435,0.855084,0.483077,0.791956,0.408544,0.000000,0.000000
0.354614,0.247777,0.148386,-0.045440,1.032833,0.617107,0.836858,0.432321,0.000000,0.000000
0.524292,0.256754,0.371581,-0.039155,1.358850,0.827928,0.958645,0.513683,0.000000,0.000000
0.294189,0.260497,0.046795,-0.036576,1.541298,0.943262,1.030965,0.583678,0.000000,0.000000
0.560303,0.290478,0.374663,-0.024239,1.618179,0.949764,1.107666,0.637426,0.000000,0.000000
0.729370,0.334367,0.548753,-0.007049,1.657776,0.922386,1.181640,0.702981,0.000000,0.000000
0.874634,0.427240,0.621380,0.027709,1.540927,0.687800,1.316067,0.832806,0.000000,0.000000
0.826416,0.467157,0.498970,0.041847,1.397406,0.505098,1.363299,0.880773,0.000000,0.000000
0.995483,0.519990,0.660408,0.060404,1.276148,0.357668,1.396747,0.909039,0.000000,0.000000
1.019897,0.569981,0.624884,0.077338,1.187379,0.252642,1.420312,0.937428,0.000000,0.000000
1.019897,0.658706,0.501655,0.105493,1.028473,0.083942,1.445761,0.973934,0.000000,0.000000
1.261597,0.718995,0.753614,0.124936,0.922497,-0.016300,1.448087,0.979239,0.000000,0.000000
1.285400,0.775636,0.707972,0.142427,0.796157,-0.127194,1.440963,0.991563,0.000000,0.000000
1.188965,0.816969,0.516687,0.153655,0.626837,-0.271277,1.424338,0.995548,0.000000,0.000000
1.370239,0.920991,0.623956,0.182974,0.423264,-0.400918,1.366981,0.979153,0.000000,0.000000
1.261597,0.955052,0.425757,0.190257,0.363272,-0.418698,1.333885,0.974040,0.000000,0.000000
1.116333,0.971180,0.201602,0.190598,0.280253,-0.456934,1.298554,0.959742,0.000000,0.000000
1.406860,1.014748,0.544172,0.201205,0.147240,-0.540745,1.258402,0.931910,0.000000,0.000000
1.224976,1.071061,0.213771,0.210001,-0.051230,-0.622373,1.159363,0.902545,0.000000,0.000000
1.213379,1.085293,0.177898,0.209038,-0.069144,-0.583373,1.111593,0.878741,0.000000,0.000000
1.092529,1.086016,0.009046,0.203038,-0.104243,-0.563253,1.065725,0.857583,0.000000,0.000000
1.164551,1.093870,0.098167,0.199892,-0.106240,-0.513326,1.023019,0.832688,0.000000,0.000000
1.019897,1.103710,-0.116406,0.191553,-0.064140,-0.380982,0.952427,0.819388,0.000000,0.000000
0.959473,1.089287,-0.180297,0.180398,-0.019326,-0.299126,0.925489,0.807266,0.000000,0.000000
1.152954,1.095653,0.079584,0.177373,0.113575,-0.138502,0.907907,0.800856,0.000000,0.000000
1.007690,1.086857,-0.109954,0.168754,0.366620,0.125259,0.908934,0.825879,0.000000,0.000000
1.068115,1.091975,-0.033139,0.160612,0.799097,0.528552,0.967316,0.915059,0.000000,0.000000
1.032104,1.085988,-0.074838,0.153549,0.924113,0.622688,1.014750,0.970896,0.000000,0.000000
1.019897,1.079379,-0.082614,0.146464,0.983875,0.647753,1.066226,1.024331,0.000000,0.000000
0.995483,1.070989,-0.104870,0.138924,1.025298,0.653010,1.118862,1.074409,0.000000,0.000000
0.910645,1.051455,-0.195705,0.123429,1.067849,0.624450,1.221195,1.161126,0.000000,0.000000
1.128540,1.059164,0.096355,0.122617,1.042529,0.566509,1.268187,1.189067,0.000000,0.000000
0.935059,1.046753,-0.155132,0.114284,0.966823,0.463670,1.309092,1.224061,0.000000,0.000000
1.128540,1.054932,0.102234,0.113923,0.903069,0.378421,1.342878,1.236726,0.000000,0.000000
1.297607,1.090164,0.288115,0.120265,0.603061,0.066053,1.376373,1.256216,0.000000,0.000000
1.261597,1.107307,0.214291,0.123085,0.439148,-0.087095,1.374407,1.257080,0.000000,0.000000
1.213379,1.117914,0.132589,0.123371,0.296742,-0.208709,1.361183,1.244680,0.000000,0.000000
1.261597,1.132282,0.179604,0.125058,0.222080,-0.257782,1.342276,1.224433,0.000000,0.000000
1.140747,1.149107,-0.011611,0.123776,0.124030,-0.297705,1.296838,1.190506,0.000000,0.000000
1.201172,1.154313,0.065081,0.122015,0.056530,-0.333642,1.271153,1.162528,0.000000,0.000000
1.382446,1.177127,0.285124,0.126908,0.022653,-0.334966,1.244035,1.139201,0.000000,0.000000
1.382446,1.197659,0.256689,0.130802,-0.031341,-0.355268,1.216140,1.129018,0.000000,0.000000
1.261597,1.204052,0.079922,0.129275,-0.064864,-0.354285,1.187563,1.118881,0.000000,0.000000
1.092529,1.193740,-0.140660,0.117755,-0.001074,-0.229882,1.138935,1.089614,0.000000,0.000000
1.152954,1.189661,-0.050981,0.112692,0.118469,-0.091548,1.126555,1.078026,0.000000,0.000000
1.007690,1.171464,-0.227463,0.102488,0.369283,0.163316,1.130018,1.086547,0.000000,0.000000
0.910645,1.120865,-0.291972,0.077762,0.869258,0.614272,1.199201,1.133559,0.000000,0.000000
1.164551,1.125233,0.054608,0.077068,0.995259,0.697755,1.253241,1.170169,0.000000,0.000000
1.043701,1.117080,-0.101915,0.071698,1.080573,0.736934,1.311459,1.225526,0.000000,0.000000
1.152954,1.120667,0.044842,0.070893,1.167736,0.774618,1.373020,1.272110,0.000000,0.000000
1.188965,1.124965,0.088888,0.068346,1.176481,0.687457,1.492990,1.363149,0.000000,0.000000
1.237183,1.136186,0.140272,0.070504,1.097971,0.569917,1.543115,1.399235,0.000000,0.000000
1.261597,1.148728,0.156757,0.073091,0.970488,0.413295,1.582309,1.425670,0.000000,0.000000
1.467285,1.180583,0.398112,0.082842,0.791543,0.218932,1.606341,1.437441,0.000000,0.000000
1.382446,1.208061,0.242202,0.088160,0.445030,-0.120533,1.612914,1.432859,0.000000,0.000000
1.527710,1.240026,0.399317,0.097494,0.349182,-0.197402,1.598833,1.415923,0.000000,0.000000
1.455078,1.261531,0.268980,0.102639,0.243708,-0.278577,1.579443,1.404922,0.000000,0.000000
1.345825,1.269960,0.105368,0.102721,0.182147,-0.311474,1.555322,1.385230,0.000000,0.000000
1.418457,1.292736,0.174612,0.105092,0.154534,-0.280697,1.505577,1.334969,0.000000,0.000000
1.515503,1.315013,0.278458,0.110293,0.137089,-0.270576,1.482751,1.318802,0.000000,0.000000
1.309814,1.314493,-0.006498,0.106789,0.159174,-0.223275,1.462896,1.313181,0.000000,0.000000
1.213379,1.304382,-0.126393,0.099794,0.249723,-0.114092,1.449955,1.300611,0.000000,0.000000
1.080322,1.274829,-0.270149,0.082903,0.540831,0.185068,1.455216,1.295338,0.000000,0.000000
1.176758,1.265022,-0.122589,0.076738,0.758100,0.385500,1.480138,1.304667,0.000000,0.000000
1.237183,1.262238,-0.034799,0.073392,0.881556,0.482097,1.516329,1.330653,0.000000,0.000000
1.334229,1.269437,0.089988,0.073890,0.972150,0.540873,1.558012,1.364221,0.000000,0.000000
1.224976,1.258847,-0.047052,0.065629,1.079005,0.574869,1.651769,1.437982,0.000000,0.000000
1.249390,1.257901,-0.011821,0.063305,0.987308,0.452745,1.691948,1.461914,0.000000,0.000000
1.406860,1.272797,0.186199,0.066992,0.875640,0.318776,1.722777,1.476921,0.000000,0.000000
1.273804,1.272898,0.001118,0.065016,0.742214,0.174010,1.744241,1.492577,0.000000,0.000000
1.224976,1.268106,-0.059903,0.061268,0.580829,0.011700,1.751110,1.484215,0.000000,0.000000
1.273804,1.256115,0.024568,0.053308,0.318161,-0.222523,1.728996,1.422806,0.000000,0.000000
1.019897,1.232493,-0.295271,0.042850,0.199476,-0.317362,1.706692,1.391290,0.000000,0.000000
0.959473,1.205191,-0.341275,0.031326,0.173719,-0.317349,1.680954,1.341426,0.000000,0.000000
1.019897,1.186662,-0.231605,0.023439,0.178953,-0.287635,1.655600,1.291233,0.000000,0.000000
1.092529,1.165481,-0.101320,0.014257,0.338603,-0.098227,1.624528,1.229648,0.000000,0.000000
1.007690,1.149702,-0.197238,0.007912,0.537839,0.100927,1.625013,1.220889,0.000000,0.000000
1.043701,1.139102,-0.132501,0.003700,0.774272,0.320930,1.643416,1.224115,0.000000,0.000000
0.983276,1.123519,-0.194782,-0.002254,0.965110,0.481314,1.677568,1.244609,0.000000,0.000000
1.032104,1.123509,-0.126950,-0.002239,1.077810,0.518962,1.762352,1.305175,0.000000,0.000000
1.237183,1.134876,0.142093,0.002091,0.998792,0.407077,1.799817,1.322427,0.000000,0.000000
1.322021,1.153591,0.233730,0.009040,0.822006,0.210340,1.823335,1.339060,0.000000,0.000000
1.297607,1.167992,0.180167,0.014174,0.620826,0.004111,1.830519,1.344693,0.000000,0.000000
1.430664,1.197246,0.324193,0.024269,0.342198,-0.247318,1.803026,1.306160,0.000000,0.000000
1.527710,1.230292,0.413081,0.035933,0.297121,-0.272083,1.782028,1.294512,0.000000,0.000000
1.224976,1.229760,-0.006646,0.034656,0.288407,-0.259134,1.760284,1.289557,0.000000,0.000000
1.285400,1.235324,0.069550,0.035703,0.349639,-0.180029,1.742487,1.268176,0.000000,0.000000
1.224976,1.217043,0.011016,0.026953,0.544884,0.029024,1.731151,1.243898,0.000000,0.000000
1.237183,1.219057,0.025174,0.026899,0.690261,0.167797,1.740230,1.251363,0.000000,0.000000
1.237183,1.220870,0.022657,0.026772,0.837170,0.298417,1.760319,1.269681,0.000000,0.000000
1.297607,1.228544,0.095917,0.028847,0.911006,0.350492,1.786937,1.292968,0.000000,0.000000
1.176758,1.232877,-0.077940,0.028648,0.956547,0.349241,1.844774,1.349528,0.000000,0.000000
1.128540,1.222443,-0.130427,0.023876,0.885851,0.259050,1.869477,1.361390,0.000000,0.000000
1.345825,1.234781,0.154229,0.027786,0.755478,0.118409,1.883500,1.358936,0.000000,0.000000
1.418457,1.253149,0.229339,0.033833,0.595012,-0.041320,1.885479,1.359871,0.000000,0.000000
1.188965,1.232275,-0.060085,0.024182,0.392775,-0.214819,1.858496,1.320209,0.000000,0.000000
1.164551,1.225502,-0.084751,0.020914,0.384771,-0.206371,1.841740,1.295263,0.000000,0.000000
1.176758,1.220628,-0.060931,0.018458,0.425312,-0.151590,1.827058,1.272361,0.000000,0.000000
1.358032,1.234368,0.171747,0.023057,0.532917,-0.036824,1.819983,1.259147,0.000000,0.000000
1.322021,1.233609,0.122795,0.021529,0.811713,0.227385,1.838741,1.274330,0.000000,0.000000
1.334229,1.243671,0.125775,0.024656,0.917371,0.314325,1.861333,1.299229,0.000000,0.000000
1.334229,1.252727,0.113197,0.027312,0.945816,0.321651,1.887200,1.326364,0.000000,0.000000
1.104126,1.237867,-0.185750,0.020920,0.935518,0.291558,1.911899,1.350525,0.000000,0.000000
1.188965,1.234014,-0.062567,0.018226,0.762493,0.094439,1.943279,1.356710,0.000000,0.000000
1.188965,1.229509,-0.056297,0.015990,0.657843,-0.010796,1.945786,1.347670,0.000000,0.000000
1.334229,1.239981,0.130932,0.019439,0.580940,-0.082304,1.941231,1.332499,0.000000,0.000000
1.273804,1.243363,0.042277,0.020124,0.534698,-0.119513,1.932702,1.324438,0.000000,0.000000
1.176758,1.238343,-0.085592,0.017030,0.478466,-0.153097,1.910400,1.296285,0.000000,0.000000
1.055908,1.220100,-0.228044,0.009677,0.534836,-0.087077,1.900586,1.278804,0.000000,0.000000
1.152954,1.213385,-0.083932,0.006869,0.647927,0.027976,1.898717,1.261922,0.000000,0.000000
1.007690,1.192816,-0.257118,-0.001051,0.766079,0.139210,1.906678,1.262183,0.000000,0.000000
1.334229,1.226221,0.150010,0.011298,0.929504,0.271183,1.942259,1.289019,0.000000,0.000000
1.213379,1.224937,-0.016053,0.010477,0.969353,0.291491,1.965213,1.314065,0.000000,0.000000
1.164551,1.218898,-0.075482,0.007898,0.949917,0.253533,1.987166,1.328220,0.000000,0.000000
1.116333,1.208642,-0.128200,0.003815,0.864205,0.154214,2.003592,1.332772,0.000000,0.000000
1.092529,1.199599,-0.148708,0.000167,0.629040,-0.083057,2.007550,1.315825,0.000000,0.000000
1.249390,1.204578,0.062235,0.002029,0.561010,-0.142050,1.997554,1.291067,0.000000,0.000000
1.334229,1.217543,0.162039,0.006829,0.507377,-0.183417,1.983961,1.275211,0.000000,0.000000
1.273804,1.223169,0.070339,0.008735,0.479954,-0.196359,1.968097,1.264038,0.000000,0.000000
1.334229,1.232296,0.141573,0.011665,0.583964,-0.071889,1.945820,1.240001,0.000000,0.000000
1.213379,1.230404,-0.023645,0.010606,0.687296,0.032604,1.945048,1.245708,0.000000,0.000000
1.201172,1.227481,-0.036541,0.009192,0.804797,0.143466,1.952968,1.251141,0.000000,0.000000
1.213379,1.226071,-0.017626,0.008387,0.891135,0.216908,1.968032,1.262194,0.000000,0.000000
1.237183,1.244496,-0.010158,0.014585,0.963144,0.255146,2.008042,1.306772,0.000000,0.000000
1.370239,1.257071,0.157179,0.018863,0.908499,0.186071,2.025804,1.319012,0.000000,0.000000
1.345825,1.265946,0.110944,0.021625,0.801236,0.071875,2.035593,1.331811,0.000000,0.000000
1.297607,1.269112,0.039576,0.022164,0.681179,-0.046551,2.035940,1.333043,0.000000,0.000000
1.213379,1.263961,-0.070253,0.018917,0.486294,-0.215709,2.010949,1.303395,0.000000,0.000000
1.322021,1.269767,0.072576,0.020527,0.490958,-0.194784,1.993954,1.281028,0.000000,0.000000
1.285400,1.271331,0.019541,0.020497,0.577793,-0.096669,1.982455,1.272852,0.000000,0.000000
1.285400,1.272738,0.017584,0.020410,0.710684,0.038642,1.980860,1.272236,0.000000,0.000000
1.345825,1.277945,0.094278,0.021183,0.934444,0.240642,2.007886,1.296845,0.000000,0.000000
1.249390,1.275090,-0.035694,0.019476,0.938774,0.229320,2.027363,1.318803,0.000000,0.000000
1.358032,1.283384,0.103678,0.022002,0.869825,0.148584,2.042556,1.328591,0.000000,0.000000
1.527710,1.307816,0.305408,0.030504,0.770714,0.044656,2.050149,1.337811,0.000000,0.000000
1.345825,1.306359,0.054814,0.028221,0.544693,-0.165035,2.037014,1.331326,0.000000,0.000000
1.128540,1.288577,-0.222273,0.020706,0.555319,-0.141149,2.024177,1.320039,0.000000,0.000000
1.322021,1.291921,0.041805,0.021339,0.666824,-0.022866,2.017718,1.300901,0.000000,0.000000
1.309814,1.293711,0.022366,0.021370,0.833622,0.140083,2.023158,1.307616,0.000000,0.000000
1.261597,1.288708,-0.037654,0.018253,1.020147,0.294169,2.062577,1.342150,0.000000,0.000000
1.237183,1.283555,-0.064406,0.015773,0.984987,0.241520,2.084059,1.357210,0.000000,0.000000
1.503296,1.305529,0.274676,0.023540,0.860090,0.106140,2.097713,1.362063,0.000000,0.000000
1.382446,1.313221,0.096147,0.025719,0.674837,-0.077270,2.098208,1.372048,0.000000,0.000000
1.430664,1.332294,0.136677,0.031260,0.529563,-0.191224,2.067503,1.345694,0.000000,0.000000
1.345825,1.333647,0.016914,0.030829,0.722188,0.009329,2.060257,1.344625,0.000000,0.000000
1.237183,1.324001,-0.120582,0.026287,1.009186,0.284524,2.074988,1.358923,0.000000,0.000000
1.176758,1.309277,-0.184044,0.019977,1.037083,0.292299,2.099843,1.374435,0.000000,0.000000
1.104126,1.292051,-0.261007,0.012296,0.614439,-0.136699,2.111973,1.370374,0.000000,0.000000
1.297607,1.292606,0.006945,0.012135,0.592707,-0.146075,2.098997,1.339873,0.000000,0.000000
1.188965,1.282242,-0.129552,0.007885,0.768723,0.033804,2.094905,1.333168,0.000000,0.000000
1.116333,1.265651,-0.207387,0.001427,1.004067,0.256625,2.108826,1.336790,0.000000,0.000000
1.213379,1.255720,-0.058804,-0.002323,0.873777,0.094921,2.145043,1.347588,0.000000,0.000000
1.188965,1.249044,-0.083447,-0.004757,0.713016,-0.065446,2.145041,1.338396,0.000000,0.000000
1.273804,1.251520,0.030950,-0.003686,0.682020,-0.089457,2.136848,1.320404,0.000000,0.000000
1.055908,1.231959,-0.244502,-0.010910,0.826816,0.055881,2.135384,1.315907,0.000000,0.000000
1.345825,1.246013,0.138504,-0.005032,1.044020,0.244053,2.165919,1.324284,0.000000,0.000000
1.164551,1.237867,-0.101919,-0.007939,0.995491,0.179966,2.183355,1.342402,0.000000,0.000000
1.213379,1.235418,-0.030610,-0.008619,0.845649,0.023778,2.190504,1.337095,0.000000,0.000000
1.455078,1.257384,0.274575,-0.000123,0.696148,-0.121071,2.185103,1.323461,0.000000,0.000000
1.455078,1.296045,0.220880,0.014146,0.712294,-0.088128,2.166531,1.324485,0.000000,0.000000
1.467285,1.313169,0.214051,0.020143,0.745840,-0.048750,2.160898,1.327985,0.000000,0.000000
1.285400,1.310392,-0.034711,0.018497,0.857929,0.063405,2.161997,1.338551,0.000000,0.000000
1.273804,1.306733,-0.045732,0.016570,0.974236,0.171662,2.172182,1.344735,0.000000,0.000000
1.213379,1.290039,-0.106473,0.009423,1.096993,0.262654,2.210177,1.367377,0.000000,0.000000
1.309814,1.292017,0.024720,0.009882,1.151052,0.297111,2.232979,1.378753,0.000000,0.000000
1.285400,1.291355,-0.008270,0.009337,1.177867,0.303087,2.257341,1.397389,0.000000,0.000000
1.188965,1.281116,-0.127988,0.005217,1.138712,0.245129,2.279624,1.411077,0.000000,0.000000
1.478882,1.308914,0.236066,0.015233,0.893128,-0.014372,2.297418,1.410238,0.000000,0.000000
1.636353,1.341658,0.408960,0.027045,0.767408,-0.132553,2.290529,1.408257,0.000000,0.000000
1.455078,1.353000,0.141893,0.030490,0.679528,-0.205517,2.276080,1.409895,0.000000,0.000000
1.334229,1.351123,-0.023464,0.028872,0.604084,-0.261638,2.256854,1.394540,0.000000,0.000000
1.430664,1.377112,0.074378,0.036686,0.588999,-0.233404,2.212824,1.360755,0.000000,0.000000
1.406860,1.380087,0.037186,0.036701,0.618312,-0.187212,2.196482,1.349882,0.000000,0.000000
1.334229,1.375501,-0.057323,0.033880,0.704076,-0.089319,2.185342,1.343134,0.000000,0.000000
1.394653,1.377416,0.023940,0.033582,0.892178,0.099082,2.186999,1.344197,0.000000,0.000000
1.237183,1.354068,-0.162341,0.022958,1.213267,0.384935,2.230799,1.383602,0.000000,0.000000
1.406860,1.359347,0.065991,0.024249,1.291323,0.434955,2.264182,1.405628,0.000000,0.000000
1.418457,1.365258,0.073887,0.025738,1.338510,0.452249,2.299887,1.439894,0.000000,0.000000
1.455078,1.374240,0.112270,0.028334,1.364315,0.447536,2.336579,1.473545,0.000000,0.000000
1.491089,1.377929,0.157189,0.028144,1.359578,0.386817,2.404337,1.522141,0.000000,0.000000
1.588135,1.398950,0.262757,0.035183,1.337992,0.341980,2.433060,1.547508,0.000000,0.000000
1.672363,1.426291,0.341502,0.044372,1.274234,0.260117,2.456665,1.572827,0.000000,0.000000
1.599731,1.443635,0.216968,0.049550,1.215659,0.189663,2.473929,1.596084,0.000000,0.000000
1.503296,1.461508,0.051588,0.052982,1.074187,0.040145,2.492755,1.612079,0.000000,0.000000
1.442871,1.459644,-0.023295,0.050693,1.011244,-0.019242,2.493219,1.605105,0.000000,0.000000
1.334229,1.447102,-0.156769,0.044469,0.990101,-0.034374,2.490494,1.591475,0.000000,0.000000
1.406860,1.443078,-0.050302,0.041626,0.961859,-0.056218,2.486881,1.570531,0.000000,0.000000
1.636353,1.484140,0.211406,0.054293,0.791128,-0.201125,2.465521,1.547906,0.000000,0.000000
1.551514,1.490877,0.084217,0.055190,0.698339,-0.272734,2.446168,1.535360,0.000000,0.000000
1.345825,1.476372,-0.181316,0.048095,0.610140,-0.334777,2.421228,1.512559,0.000000,0.000000
1.478882,1.476623,0.003137,0.046746,0.553243,-0.363316,2.393086,1.474284,0.000000,0.000000
1.442871,1.468013,-0.034919,0.040820,0.387856,-0.463576,2.326953,1.409435,0.000000,0.000000
1.563721,1.477584,0.119635,0.043185,0.326590,-0.487743,2.288310,1.374712,0.000000,0.000000
1.455078,1.475333,-0.028132,0.041045,0.311399,-0.465916,2.249769,1.350679,0.000000,0.000000
1.249390,1.452739,-0.282320,0.031344,0.313842,-0.428690,2.213547,1.323120,0.000000,0.000000
1.297607,1.429801,-0.183602,0.020982,0.295076,-0.386106,2.148746,1.261805,0.000000,0.000000
1.382446,1.425065,-0.059193,0.018576,0.333060,-0.321943,2.120528,1.237260,0.000000,0.000000
1.261597,1.408718,-0.204335,0.011889,0.352027,-0.280118,2.095984,1.223655,0.000000,0.000000
1.104126,1.378259,-0.380741,0.000110,0.321540,-0.289418,2.073018,1.204246,0.000000,0.000000
1.249390,1.348336,-0.137424,-0.010905,0.305962,-0.265126,2.027203,1.154576,0.000000,0.000000
1.273804,1.340883,-0.093165,-0.013372,0.313825,-0.240598,2.007371,1.142046,0.000000,0.000000
0.874634,1.294258,-0.582811,-0.030456,0.317331,-0.221105,1.988080,1.132550,0.000000,0.000000
0.838623,1.248694,-0.569543,-0.046628,0.404482,-0.124330,1.974382,1.101962,0.000000,0.000000
0.717773,1.146721,-0.595760,-0.081502,0.717117,0.173037,1.981628,1.065577,0.000000,0.000000
0.741577,1.106206,-0.506429,-0.094249,0.851329,0.283963,2.001049,1.060583,0.000000,0.000000
0.741577,1.069743,-0.455786,-0.105096,0.949880,0.352372,2.027399,1.064157,0.000000,0.000000
0.814209,1.044190,-0.319418,-0.111525,1.000458,0.369861,2.056406,1.070012,0.000000,0.000000
0.765991,1.007647,-0.335939,-0.118535,1.115211,0.414917,2.117300,1.101903,0.000000,0.000000
0.874634,0.994345,-0.166266,-0.119967,1.206919,0.466235,2.153358,1.113615,0.000000,0.000000
0.765991,0.971510,-0.285443,-0.124931,1.219999,0.438085,2.190518,1.132930,0.000000,0.000000
0.983276,0.972687,0.014708,-0.120742,1.182201,0.364223,2.221599,1.137725,0.000000,0.000000
0.862427,0.951737,-0.124042,-0.121338,1.136586,0.260986,2.267888,1.151878,0.000000,0.000000
0.862427,0.942806,-0.111638,-0.121047,1.219423,0.312647,2.293236,1.156490,0.000000,0.000000
0.778198,0.926345,-0.205760,-0.123588,1.220814,0.284662,2.316890,1.159142,0.000000,0.000000
0.826416,0.916353,-0.124912,-0.123628,1.227297,0.263009,2.338924,1.154342,0.000000,0.000000
0.632935,0.883157,-0.347532,-0.128709,1.235792,0.220078,2.377624,1.149447,0.000000,0.000000
0.668945,0.861736,-0.267765,-0.132881,1.237561,0.198150,2.394210,1.130226,0.000000,0.000000
0.741577,0.849720,-0.150198,-0.133400,1.241632,0.179565,2.409281,1.113307,0.000000,0.000000
0.681152,0.832864,-0.210710,-0.135720,1.242511,0.159205,2.422724,1.100912,0.000000,0.000000
0.645142,0.792857,-0.204988,-0.142430,1.242608,0.120363,2.444866,1.060501,0.000000,0.000000
0.778198,0.791391,-0.018339,-0.138708,1.241945,0.101994,2.453578,1.040614,0.000000,0.000000
0.657349,0.777987,-0.167553,-0.139573,1.240647,0.084471,2.460919,1.029805,0.000000,0.000000
0.681152,0.768303,-0.121043,-0.139017,1.241524,0.070111,2.467061,1.010373,0.000000,0.000000
0.705566,0.757482,-0.072107,-0.134802,1.240073,0.041470,2.475892,0.977767,0.000000,0.000000
0.789795,0.760713,0.040391,-0.129547,1.241995,0.031197,2.478944,0.962191,0.000000,0.000000
0.729370,0.757579,-0.039179,-0.126836,1.245017,0.022971,2.481331,0.952759,0.000000,0.000000
0.789795,0.760800,0.040270,-0.121822,1.248240,0.015660,2.483113,0.939285,0.000000,0.000000
0.632935,0.741944,-0.151403,-0.121618,1.257911,0.006785,2.484729,0.914584,0.000000,0.000000
0.620728,0.729823,-0.151521,-0.122515,1.258203,-0.001269,2.484501,0.895229,0.000000,0.000000
0.463867,0.703227,-0.332444,-0.128813,1.244905,-0.021871,2.483097,0.875226,0.000000,0.000000
0.499878,0.682892,-0.254148,-0.132573,1.239586,-0.034194,2.480773,0.845049,0.000000,0.000000
0.693359,0.670708,0.031459,-0.129142,1.251817,-0.036705,2.476148,0.797897,0.000000,0.000000
0.729370,0.676575,0.073273,-0.123070,1.259699,-0.035634,2.473489,0.788252,0.000000,0.000000
0.657349,0.674652,-0.024050,-0.120099,1.269081,-0.032506,2.470698,0.781584,0.000000,0.000000
0.632935,0.670480,-0.052147,-0.118061,1.268674,-0.038515,2.467445,0.770031,0.000000,0.000000
0.802002,0.679155,0.170621,-0.107774,1.257140,-0.059262,2.459228,0.743579,0.000000,0.000000
