-0.217285,-0.021729,-inf,-0.001359,-0.000246,-0.000244,-0.000008,-0.007388,0.350000,0.008947
-0.374756,-0.057031,-1.771248,-0.003319,-0.001788,-0.001809,-0.000127,-0.025295,0.750000,0.025965
-0.689087,-0.120237,-2.092761,-0.006806,-0.001000,-0.001172,-0.000110,-0.058535,1.150000,0.059891
-0.797729,-0.187986,-1.702628,-0.010528,-0.005467,-0.005742,-0.000606,-0.110950,1.550000,0.109968
-0.906372,-0.259825,-1.424719,-0.014484,-0.006215,-0.006675,-0.001287,-0.168941,1.949999,0.165723
-1.003418,-0.334184,-1.485523,-0.018114,-0.007597,-0.008279,-0.002186,-0.223719,2.299999,0.224264
-1.015625,-0.402328,-1.135622,-0.021817,-0.009195,-0.010217,-0.003170,-0.285491,2.699999,0.282268
-1.076050,-0.469700,-0.844051,-0.025904,-0.009556,-0.011041,-0.004205,-0.346424,3.099998,0.347186
-0.809937,-0.503724,-0.425365,-0.027667,-0.008150,-0.010116,-0.005100,-0.381275,3.449998,0.379474
-1.087646,-0.616866,-inf,-0.033673,-0.008888,-0.011472,-0.006221,-0.435991,3.849998,0.434968
-1.184692,-0.673649,-inf,-0.036344,-0.009739,-0.012938,-0.007420,-0.481413,4.199998,0.482631
-1.341553,-0.740439,-3.421812,-0.039856,0.007610,0.003199,-0.007328,-0.537221,4.599999,0.535953
-1.305542,-0.796950,-1.890545,-0.042794,0.005807,0.000015,-0.007056,-0.598380,5.000001,0.597319
-1.329956,-0.850250,-1.338001,-0.045545,-0.016528,-0.023391,-0.008225,-0.654878,5.400002,0.653850
-1.450806,-0.910306,-1.194898,-0.048667,-0.006681,-0.014437,-0.010145,-0.713622,5.800004,0.712370
-1.269531,-0.946228,-0.596323,-0.050416,0.003730,-0.005153,-0.011058,-0.757428,6.150005,0.753328
-1.281128,-0.979718,-0.667463,-0.051837,-0.003840,-0.013898,-0.011878,-0.793467,6.500007,0.793303
-1.148071,-0.996554,-0.240116,-0.052514,-0.006882,-0.018055,-0.013754,-0.826416,6.900008,0.826932
-1.232910,-1.020189,-0.335844,-0.053435,-0.003143,-0.015409,-0.015713,-0.858093,7.300010,0.860393
-1.499023,-1.068073,-0.603233,-0.056133,-0.001334,-0.014778,-0.016958,-0.900326,7.650011,0.901592
-1.317749,-1.093040,-0.278120,-0.057248,0.005268,-0.009401,-0.018274,-0.931651,8.000012,0.931953
-1.220703,-1.105807,-0.158794,-0.057600,0.001434,-0.014512,-0.019403,-0.953290,8.350014,0.956619
-1.269531,-1.122179,-0.203584,-0.058132,0.000098,-0.017126,-0.020667,-0.975530,8.700015,0.988484
-1.293335,-1.162334,-0.744994,-0.059731,0.000435,-0.018376,-0.022429,-1.010183,9.150017,1.024726
-1.257324,-1.171833,-0.319884,-0.059960,0.004625,-0.015422,-0.024647,-1.033462,9.550018,1.048391
-1.281128,-1.182763,-0.274403,-0.060268,-0.005211,-0.026534,-0.026711,-1.053447,9.950020,1.066355
-1.160278,-1.180514,0.055851,-0.059841,0.003203,-0.019270,-0.028333,-1.066881,10.300021,1.080378
-1.209106,-1.183373,-0.056372,-0.059700,-0.013444,-0.036899,-0.031303,-1.078870,10.700023,1.092157
-1.148071,-1.179843,0.058733,-0.059225,-0.035312,-0.059277,-0.035739,-1.089586,11.050024,1.103032
-0.991211,-1.160980,0.270887,-0.057885,-0.041778,-0.065594,-0.042108,-1.092532,11.450026,1.106495
-1.112061,-1.156088,0.069769,-0.057324,-0.045564,-0.069051,-0.048364,-1.097582,11.800027,1.110876
-1.087646,-1.149244,0.097916,-0.056695,-0.059854,-0.082719,-0.056229,-1.104929,12.150028,1.118396
-1.172485,-1.151568,-0.028993,-0.056541,-0.087251,-0.108690,-0.066311,-1.118203,12.550030,1.125536
-1.160278,-1.152439,-0.012477,-0.056302,-0.093686,-0.113806,-0.076235,-1.130341,12.850031,1.137975
-1.196899,-1.157591,-inf,-0.056027,-0.110823,-0.128265,-0.090564,-1.146593,13.300033,1.159600
-1.039429,-1.145774,0.604468,-0.055093,-0.094218,-0.109289,-0.104730,-1.162440,13.700034,1.175871
-1.063843,-1.137581,0.276282,-0.054363,-0.086264,-0.099473,-0.115957,-1.164147,14.100036,1.168137
-0.930786,-1.116902,0.519650,-0.052799,-0.079477,-0.091373,-0.124494,-1.160616,14.500037,1.165176
-0.737305,-1.078942,0.633411,-0.050420,-0.089511,-0.099717,-0.136046,-1.146302,14.900039,1.153594
-0.882568,-1.059305,0.326848,-0.049081,-0.105743,-0.113978,-0.146084,-1.131420,15.300040,1.146007
-0.834351,-1.036809,0.282549,-0.047585,-0.104020,-0.110199,-0.158376,-1.121110,15.700042,1.133574
-1.027222,-1.035851,0.013632,-0.047293,-0.097656,-0.102213,-0.166893,-1.121072,16.050041,1.134878
-0.809937,-0.989631,inf,-0.044262,-0.056614,-0.060460,-0.174427,-1.103719,16.450035,1.118670
-0.822144,-0.972882,inf,-0.043201,-0.020671,-0.024931,-0.177461,-1.086663,16.800030,1.101425
-0.882568,-0.963851,0.455741,-0.042484,0.029255,0.023403,-0.176711,-1.066087,17.200024,1.075178
-0.906372,-0.958103,0.191761,-0.041953,0.055188,0.046791,-0.172880,-1.048704,17.600018,1.061541
-1.076050,-0.969898,-0.396593,-0.042397,0.056784,0.046076,-0.169080,-1.038740,17.950012,1.052901
-0.858154,-0.958723,0.186649,-0.041486,0.108221,0.093233,-0.160583,-1.025238,18.400005,1.034426
-0.942993,-0.957150,0.031393,-0.041200,0.154572,0.135333,-0.150687,-1.007703,18.750000,1.016622
-0.773315,-0.938767,0.262550,-0.039974,0.237051,0.209960,-0.131620,-0.974045,19.199993,0.989816
-0.906372,-0.935527,0.040810,-0.039572,0.317216,0.281865,-0.108669,-0.946100,19.549988,0.961735
-0.834351,-0.914106,inf,-0.037986,0.310618,0.265316,-0.081609,-0.910614,19.949982,0.924497
-0.797729,-0.902469,0.584808,-0.037149,0.371397,0.315758,-0.050065,-0.874085,20.349976,0.890912
-0.712891,-0.883511,0.951935,-0.036016,0.400055,0.334509,-0.018390,-0.837483,20.699970,0.854611
-0.773315,-0.872491,0.371178,-0.035226,0.408596,0.330826,0.016179,-0.795996,21.099964,0.811858
-0.676880,-0.852930,0.484283,-0.033958,0.372745,0.284008,0.046583,-0.762292,21.499958,0.778009
-0.652466,-0.832884,0.402176,-0.032678,0.441279,0.341189,0.078529,-0.724218,21.899952,0.740013
-0.628662,-0.812462,0.292196,-0.031236,0.454280,0.341705,0.114167,-0.683349,22.299946,0.702059
-0.640869,-0.795302,0.214929,-0.030130,0.456287,0.332065,0.147261,-0.648209,22.699940,0.661785
-0.435181,-0.759290,0.451507,-0.027977,0.501531,0.366542,0.179237,-0.604935,23.049934,0.621583
-0.761719,-0.745579,-inf,-0.026940,0.573351,0.424315,0.220377,-0.563951,23.449928,0.579977
-0.568237,-0.727845,0.912205,-0.025824,0.624789,0.460560,0.269364,-0.530506,23.849922,0.545394
-0.701294,-0.725190,0.089202,-0.025529,0.720135,0.538041,0.317008,-0.490386,24.249916,0.506292
-0.410767,-0.693748,0.630676,-0.023652,0.782404,0.581785,0.378037,-0.439493,24.649910,0.455972
-0.616455,-0.686018,0.153486,-0.023147,0.893798,0.672167,0.441390,-0.384750,25.049904,0.400692
-0.664673,-0.683884,0.035605,-0.022913,1.007233,0.764856,0.512656,-0.333856,25.399899,0.350384
-0.712891,-0.686785,-0.041697,-0.022959,1.051684,0.783500,0.590634,-0.286978,25.799892,0.304819
-0.712891,-0.689395,-0.037286,-0.022989,1.136032,0.840485,0.665253,-0.248624,26.199886,0.262280
-0.616455,-0.685314,0.390957,-0.022503,1.226208,0.896582,0.765706,-0.192972,26.649879,0.211503
-0.520020,-0.668785,0.550213,-0.021473,1.284532,0.924315,0.859370,-0.134042,27.049873,0.151328
-0.507812,-0.652688,0.409245,-0.020475,1.383397,0.991235,0.956416,-0.070902,27.449867,0.087525
-0.495605,-0.636979,0.391336,-0.019496,1.446292,1.024873,1.048760,-0.011371,27.799862,0.028203
-0.652466,-0.638528,-0.025810,-0.019484,1.605093,1.142461,1.171592,0.055528,27.549866,-0.039661
-0.447388,-0.619414,0.318434,-0.018320,1.818291,1.325980,1.281174,0.128131,27.249870,-0.112971
-0.447388,-0.602211,0.245408,-0.017370,1.924305,1.381632,1.432753,0.222040,26.799877,-0.210866
-0.592041,-0.601194,0.012713,-0.017219,2.005851,1.423279,1.559080,0.289224,26.449883,-0.280701
-0.592041,-0.610332,inf,-0.017553,2.029926,1.401168,1.700535,0.348152,26.049889,-0.333464
-0.507812,-0.600080,0.519875,-0.016896,2.240126,1.563332,1.862952,0.431532,25.649895,-0.410504
-0.676880,-0.607760,-0.387702,-0.017196,2.527586,1.802583,2.033740,0.530555,25.299900,-0.514087
-0.676880,-0.614672,-0.234210,-0.017492,2.661617,1.877703,2.215666,0.611219,24.899906,-0.597119
-0.447388,-0.597943,0.419300,-0.016474,2.829044,1.982180,2.410499,0.704633,24.499912,-0.686539
-0.495605,-0.587710,0.205395,-0.015822,2.899155,1.996015,2.608452,0.815511,24.149918,-0.794298
-0.701294,-0.599068,-0.226453,-0.016311,2.954530,1.987303,2.806849,0.895596,23.749924,-0.879719
-0.628662,-0.602027,-0.049255,-0.016394,2.964525,1.941637,3.002784,0.978386,23.399929,-0.961044
-0.520020,-0.593827,0.117912,-0.015859,3.023656,1.937075,3.199247,1.047898,22.999935,-1.026698
-0.797729,-0.614217,-0.291115,-0.016913,3.104030,1.953964,3.376276,1.079480,22.599941,-1.065184
-0.676880,-0.636999,-inf,-0.018131,3.136218,1.923101,3.570689,1.120309,22.199947,-1.106570
-0.822144,-0.655514,-inf,-0.019069,3.184189,1.917285,3.741132,1.161645,21.849953,-1.146860
-0.773315,-0.667294,-0.398894,-0.019628,3.215357,1.878919,3.968884,1.207134,21.399960,-1.193984
-0.749512,-0.675516,-0.276847,-0.019987,3.217448,1.828126,4.136333,1.234255,21.049965,-1.217229
-0.701294,-0.678094,-0.051979,-0.020030,3.211362,1.763946,4.332441,1.270423,20.649971,-1.251781
-0.725098,-0.682794,-0.154396,-0.020166,3.259081,1.768735,4.474287,1.291877,20.349976,-1.276693
-0.822144,-0.696729,-0.463048,-0.020759,3.328658,1.787696,4.652483,1.323838,19.999981,-1.311331
-1.027222,-0.729778,-0.658904,-0.022313,3.431168,1.823985,4.869248,1.335634,19.549988,-1.329763
-0.906372,-0.747438,-0.294372,-0.023182,3.555625,1.895175,5.056260,1.359575,19.199993,-1.349418
-0.906372,-0.763331,-0.227804,-0.023946,3.588018,1.866133,5.245337,1.365421,18.799999,-1.358617
-1.027222,-0.789720,-0.331238,-0.025292,3.593498,1.811602,5.429519,1.359058,18.400005,-1.345958
-1.003418,-0.811090,-0.270312,-0.026346,3.586874,1.754286,5.589282,1.351942,18.050011,-1.337459
-1.076050,-0.847260,-inf,-0.028097,3.680521,1.789819,5.767694,1.346318,17.650017,-1.338762
-1.051636,-0.867697,-inf,-0.028977,3.751570,1.809507,5.947944,1.354774,17.300022,-1.347804
-1.015625,-0.882490,-0.747637,-0.029654,3.814539,1.813933,6.144890,1.357779,16.900028,-1.346357
-1.039429,-0.898184,-0.801729,-0.030376,3.875234,1.822421,6.309408,1.354863,16.550034,-1.345963
-1.124268,-0.920792,-0.567863,-0.031480,3.904575,1.785048,6.509434,1.335678,16.100040,-1.330083
-1.063843,-0.935097,-0.355079,-0.032120,3.903172,1.733140,6.668694,1.323345,15.750041,-1.313739
-0.966797,-0.938267,-0.077758,-0.032136,3.932356,1.712911,6.824768,1.314195,15.400040,-1.305789
-1.003418,-0.944782,-0.128894,-0.032301,3.983993,1.708533,7.012694,1.315667,15.000038,-1.310053
-0.955200,-0.945824,-0.014884,-0.032197,4.062772,1.723764,7.202420,1.297615,14.550036,-1.293938
-1.051636,-0.956405,-0.133560,-0.032694,4.071515,1.683494,7.355968,1.286091,14.200035,-1.280894
-0.894775,-0.949035,inf,-0.031957,4.111390,1.668039,7.524881,1.274473,13.800034,-1.262244
-0.797729,-0.933905,0.758463,-0.030957,4.148314,1.650976,7.706210,1.281590,13.400032,-1.269298
-0.822144,-0.922729,0.375327,-0.030184,4.112923,1.563476,7.865571,1.273056,13.000031,-1.259916
-1.099854,-0.940441,-0.443944,-0.031018,4.113879,1.514195,8.018909,1.249661,12.600029,-1.238804
-1.003418,-0.946739,-0.126860,-0.031211,4.108434,1.460189,8.167247,1.213578,12.200027,-1.198791
-1.027222,-0.954787,-0.159930,-0.031506,4.088881,1.399731,8.295606,1.185053,11.850026,-1.176474
-1.160278,-0.975336,-0.293723,-0.032486,4.092530,1.358250,8.446520,1.151823,11.450025,-1.139937
-1.039429,-0.981745,-0.091013,-0.032645,4.101847,1.323489,8.580695,1.108027,11.050023,-1.097628
-1.160278,-0.999599,-0.223225,-0.033474,4.100616,1.284511,8.710921,1.079924,10.700022,-1.066377
-1.172485,-1.016887,-0.215226,-0.034266,4.126422,1.273364,8.826882,1.038305,10.350020,-1.028060
-1.196899,-1.053232,-inf,-0.035934,4.125282,1.230906,8.952132,0.983249,9.950019,-0.973491
-0.991211,-1.047030,0.317389,-0.035410,4.180390,1.244875,9.088624,0.947413,9.550017,-0.933116
-0.966797,-1.039007,0.268041,-0.034787,4.214555,1.238110,9.213111,0.917136,9.150016,-0.904767
-1.027222,-1.037828,0.029531,-0.034548,4.236955,1.219849,9.336075,0.887241,8.750014,-0.875917
-1.063843,-1.040430,-0.051947,-0.034520,4.286477,1.233758,9.459350,0.874775,8.400013,-0.862446
-0.966797,-1.033066,0.146310,-0.033979,4.273882,1.181548,9.579736,0.843676,8.000011,-0.832189
-1.015625,-1.031322,0.034743,-0.033713,4.281021,1.155036,9.684419,0.819004,7.650010,-0.809867
-1.051636,-1.033354,-0.029021,-0.033657,4.253314,1.090749,9.805925,0.791485,7.250009,-0.779700
-1.027222,-1.032740,0.008739,-0.033458,4.246473,1.052997,9.912303,0.769555,6.900007,-0.757834
-1.063843,-1.035851,-0.038831,-0.033463,4.237699,1.010167,10.014833,0.726790,6.500006,-0.713327
-1.015625,-1.038490,inf,-0.033250,4.253205,0.992431,10.105228,0.672999,6.100004,-0.666352
-0.894775,-1.024118,inf,-0.032363,4.285069,0.995295,10.204848,0.653806,5.750003,-0.643780
-0.942993,-1.016006,inf,-0.031795,4.290275,0.971993,10.302729,0.642698,5.400002,-0.628147
-0.979004,-1.012306,0.189314,-0.031431,4.319303,0.969022,10.408922,0.621374,5.000000,-0.613232
-0.773315,-0.988407,0.777103,-0.029940,4.326541,0.944638,10.504851,0.593898,4.599998,-0.582583
-0.845947,-0.974161,0.478517,-0.029002,4.333484,0.924612,10.587929,0.579306,4.249997,-0.568756
-0.628662,-0.939611,0.861441,-0.026938,4.327866,0.889044,10.678683,0.562398,3.849997,-0.551476
-0.616455,-0.907295,0.644455,-0.025187,4.334267,0.866461,10.775220,0.562844,3.449997,-0.558049
-0.870361,-0.903602,0.061267,-0.024855,4.333809,0.837946,10.860144,0.540227,3.049997,-0.536722
-0.858154,-0.899057,0.064847,-0.024478,4.341239,0.821540,10.942180,0.523652,2.699998,-0.519913
-0.737305,-0.882882,0.231171,-0.023547,4.336620,0.793563,11.022811,0.513143,2.349998,-0.504866
-0.664673,-0.861061,0.273099,-0.022223,4.341047,0.772113,11.101400,0.495908,1.949998,-0.489371
-0.689087,-0.843864,0.215858,-0.021156,4.339437,0.748577,11.169459,0.481013,1.599999,-0.476220
-0.277710,-0.745028,inf,-0.015455,4.341924,0.726814,11.242983,0.482309,1.199999,-0.474451
-0.447388,-0.715264,1.524095,-0.013731,4.339509,0.700975,11.321425,0.496885,0.799999,-0.487673
-0.435181,-0.687256,0.946774,-0.012107,4.338831,0.677805,11.390121,0.489958,0.399999,-0.484385
-0.338135,-0.652344,0.872192,-0.010103,4.341673,0.658921,11.456782,0.485151,0.049999,-0.481625
-0.277710,-0.614881,0.751597,-0.007970,4.331941,0.630880,11.520705,0.492536,0.049999,-0.484966
-0.350342,-0.588427,0.657614,-0.006605,4.324582,0.605936,11.576356,0.491564,0.049999,-0.484463
-0.422974,-0.571881,0.275502,-0.005656,4.310041,0.570104,11.640642,0.476209,0.049999,-0.469643
-0.302124,-0.544906,0.450091,-0.004132,4.282500,0.527326,11.689201,0.467486,0.049999,-0.464444
-0.338135,-0.524229,0.295227,-0.002961,4.286538,0.514572,11.741189,0.455373,0.049999,-0.450582
-0.120850,-0.475876,2.016637,0.000088,4.295625,0.505261,11.796745,0.435288,0.049999,-0.426503
-0.133057,-0.441594,1.720723,0.001808,4.298504,0.494087,11.846691,0.445499,0.049999,-0.438017
-0.169067,-0.414342,0.688530,0.003485,4.286776,0.465238,11.894429,0.439875,0.049999,-0.434295
-0.156860,-0.388594,0.519965,0.004899,4.283760,0.447754,11.939827,0.436617,0.049999,-0.431195
-0.133057,-0.363040,0.422920,0.006307,4.288461,0.438372,11.984352,0.434411,0.049999,-0.428939
-0.229492,-0.349685,0.189696,0.007017,4.287694,0.425669,12.027485,0.432571,0.049999,-0.424348
-0.096436,-0.324360,0.420708,0.008245,4.290134,0.416476,12.065522,0.430497,0.049999,-0.422993
-0.108643,-0.302788,0.270849,0.009401,4.294213,0.407628,12.110655,0.432154,0.049999,-0.417653
-0.108643,-0.283374,0.243467,0.010434,4.293689,0.396137,12.146683,0.430057,0.049999,-0.417707
-0.060425,-0.225797,inf,0.013521,4.293725,0.384044,12.185783,0.440536,0.049999,-0.426204
-0.108643,-0.214082,0.600702,0.014103,4.293586,0.372206,12.227238,0.440986,0.049999,-0.426610
0.048218,-0.187852,1.317891,0.015349,4.294436,0.363119,12.263966,0.440600,0.049999,-0.431539
-0.145264,-0.183593,0.217576,0.015508,4.295586,0.354620,12.296207,0.443077,0.049999,-0.430745
-0.266113,-0.191845,-0.278183,0.015018,4.293247,0.341620,12.334409,0.431809,0.049999,-0.424811
-0.145264,-0.187187,0.156398,0.015202,4.291790,0.331156,12.364601,0.415865,0.049999,-0.404775
-0.072632,-0.175731,0.285567,0.015764,4.290989,0.320411,12.397131,0.405766,0.049999,-0.398207
-0.145264,-0.172685,0.060911,0.015854,4.294924,0.314652,12.428930,0.396313,0.049999,-0.385319
-0.060425,-0.161459,0.161015,0.016399,4.300292,0.310481,12.463254,0.391424,0.049999,-0.383097
-0.156860,-0.160999,0.005773,0.016342,4.300368,0.301276,12.493773,0.380097,0.049999,-0.368229
-0.181274,-0.163026,-0.025318,0.016148,4.298958,0.292004,12.520460,0.367799,0.049999,-0.223276
-0.217285,-0.159218,-inf,0.016194,4.297285,0.281665,12.549084,0.360949,0.149999,0.023479
0.048218,-0.138475,1.063447,0.017263,4.300533,0.276532,12.579517,0.348007,0.549999,0.321321
-0.060425,-0.130670,0.260888,0.017611,4.306294,0.273965,12.607203,0.349174,0.949999,0.487934
-0.266113,-0.144214,-0.334884,0.016772,4.298333,0.258037,12.633804,0.336894,1.349999,0.681083
-0.169067,-0.146699,-0.049688,0.016550,4.293789,0.245985,12.658793,0.317949,1.749999,0.890187
-0.156860,-0.147715,-0.016849,0.016410,4.288358,0.233447,12.682632,0.303640,2.149998,1.145116
-0.241699,-0.157114,-0.133922,0.015806,4.300966,0.239796,12.706458,0.291026,2.499998,1.384729
-0.229492,-0.164352,-0.103327,0.015326,4.297960,0.229653,12.727915,0.271058,2.899997,1.580922
-0.241699,-0.177949,-inf,0.014374,4.295354,0.220246,12.750535,0.253985,3.299997,1.768595
-0.000000,-0.160154,0.916036,0.015288,4.301098,0.219319,12.774919,0.241357,3.699997,1.957986
-0.289917,-0.173130,-0.652206,0.014560,4.305117,0.217649,12.796671,0.243019,4.049996,2.071258
-0.314331,-0.187250,-0.710407,0.013781,4.301108,0.208086,12.817826,0.226971,4.399998,2.187059
-0.447388,-0.213264,-0.865998,0.012267,4.308446,0.209179,12.838651,0.202489,4.799999,2.304751
-0.193481,-0.211286,0.049327,0.012315,4.316860,0.211277,12.859603,0.179856,5.200001,2.357448
-0.193481,-0.209505,0.035608,0.012352,4.309464,0.197743,12.879963,0.170435,5.600002,2.368863
-0.193481,-0.207903,0.031862,0.012380,4.306890,0.190088,12.897358,0.162384,5.950004,2.372941
-0.241699,-0.211283,-0.048542,0.012130,4.293528,0.171324,12.917052,0.151343,6.350005,2.384203
-0.217285,-0.211883,-0.007534,0.012036,4.301674,0.174190,12.934693,0.139283,6.750007,2.398070
-0.302124,-0.220907,-0.128660,0.011474,4.314634,0.182498,12.948894,0.123709,7.100008,2.413227
-0.289917,-0.227808,-0.076688,0.011032,4.311251,0.174371,12.968595,0.114399,7.450009,2.424940
-0.374756,-0.245950,-inf,0.009938,4.315794,0.173692,12.985986,0.101393,7.850011,2.430027
-0.229492,-0.244304,0.082402,0.009980,4.313347,0.166139,13.004467,0.083763,8.250012,2.454034
-0.314331,-0.251307,-0.232562,0.009541,4.318489,0.166268,13.021091,0.073798,8.650014,2.463425
-0.277710,-0.253947,-0.052638,0.009329,4.319028,0.161253,13.037426,0.057225,9.100016,2.480048
-0.241699,-0.252723,0.020396,0.009350,4.320253,0.157689,13.053253,0.048187,9.500017,2.487244
-0.217285,-0.249179,0.044523,0.009524,4.315456,0.148277,13.068519,0.041822,9.900019,2.495877
-0.229492,-0.247210,0.024575,0.009586,4.303614,0.132935,13.080646,0.035156,10.250020,2.504349
-0.181274,-0.244460,inf,0.009650,4.310041,0.135424,13.093802,0.023201,10.650022,2.526192
-0.217285,-0.241743,0.139224,0.009752,4.316060,0.137294,13.109053,0.021599,11.050023,2.556266
-0.181274,-0.235696,0.303693,0.010006,4.308855,0.126741,13.121930,0.018143,11.400024,2.603486
-0.326538,-0.244780,-0.230781,0.009394,4.301362,0.115014,13.134644,0.008693,11.850026,2.624394
-0.156860,-0.235988,0.292364,0.009837,4.307658,0.118786,13.143799,0.001296,12.150027,2.638569
-0.169067,-0.229296,0.167143,0.010123,4.307062,0.114753,13.156608,0.000924,12.550029,2.638872
-0.362549,-0.242621,-0.221115,0.009330,4.331223,0.134997,13.171276,-0.005774,12.950030,2.644974
-0.435181,-0.261877,-0.321887,0.008322,4.321218,0.121640,13.184053,-0.020604,13.300032,2.659473
-0.459595,-0.281649,-0.397406,0.007292,4.338603,0.136266,13.195199,-0.034805,13.600033,2.685828
-0.386963,-0.292180,-0.175523,0.006730,4.333138,0.126333,13.209645,-0.054283,14.050035,2.709399
-0.350342,-0.297997,-0.072790,0.006333,4.331932,0.121335,13.222060,-0.065980,14.450036,2.723282
-0.289917,-0.300801,inf,0.006124,4.354063,0.139074,13.234996,-0.074788,14.850038,2.738193
-0.217285,-0.292449,inf,0.006511,4.389525,0.170073,13.251429,-0.073625,15.200039,2.739861
-0.338135,-0.297018,-inf,0.006250,4.436563,0.211870,13.270758,-0.064814,15.550040,2.731604
-0.483398,-0.315656,-inf,0.005290,4.454489,0.224105,13.291657,-0.063334,15.900042,2.729393
-0.483398,-0.332430,-inf,0.004422,4.486328,0.249651,13.314621,-0.069765,16.250038,2.735803
-0.543823,-0.353570,-1.060943,0.003226,4.503953,0.259167,13.342875,-0.075348,16.650032,2.741276
-0.459595,-0.364172,-0.351251,0.002624,4.524033,0.270696,13.369857,-0.084014,17.050026,2.749807
-0.483398,-0.376095,-0.300538,0.001948,4.572155,0.309805,13.397996,-0.086842,17.450020,2.752454
-0.495605,-0.388046,-0.200879,0.001193,4.564434,0.292450,13.428041,-0.089164,17.850014,2.754946
-0.326538,-0.381895,0.087890,0.001529,4.622849,0.340922,13.459274,-0.082363,18.250008,2.752811
-0.398560,-0.383561,-0.027577,0.001437,4.636388,0.344707,13.490877,-0.072231,18.600002,2.736304
-0.277710,-0.372976,0.151199,0.002016,4.701540,0.397617,13.528952,-0.054128,18.999996,2.720863
-0.362549,-0.368798,inf,0.002251,4.730587,0.413527,13.569866,-0.036389,19.399990,2.703216
-0.447388,-0.376657,-0.402180,0.001804,4.818290,0.486425,13.620674,-0.013801,19.799984,2.685495
-0.326538,-0.371645,inf,0.002047,4.863806,0.519487,13.662317,0.001142,20.099979,2.670157
-0.386963,-0.373177,-0.051609,0.001952,4.989333,0.625263,13.728168,0.034197,20.549973,2.637174
-0.374756,-0.373335,-0.003954,0.001933,5.030510,0.645895,13.792555,0.063585,20.949966,2.603490
-0.253906,-0.361392,0.238413,0.002588,5.080533,0.675139,13.857263,0.096314,21.349960,2.571187
-0.386963,-0.363949,-0.042692,0.002432,5.149306,0.723917,13.928417,0.135598,21.699955,2.535843
-0.386963,-0.366250,-0.032869,0.002293,5.147932,0.699667,14.000040,0.163752,22.099949,2.503120
-0.507812,-0.380407,-0.202290,0.001571,5.145287,0.677183,14.070478,0.188067,22.449944,2.479872
-0.277710,-0.370137,0.147352,0.002131,5.132977,0.646648,14.128904,0.208240,22.799938,2.462856
-0.277710,-0.360894,0.102536,0.002637,5.134919,0.628133,14.199157,0.237988,23.199932,2.430350
-0.459595,-0.364376,-inf,0.002301,5.252925,0.723855,14.261866,0.257149,23.599926,2.413568
-0.350342,-0.362973,inf,0.002367,5.256003,0.706965,14.325795,0.269864,23.949921,2.396192
-0.229492,-0.349625,0.670859,0.003023,5.314005,0.742414,14.410355,0.304117,24.349915,2.365353
-0.302124,-0.344875,0.160627,0.003270,5.275275,0.680871,14.481519,0.329505,24.749908,2.337345
-0.386963,-0.349084,-0.105490,0.002991,5.345140,0.728240,14.544843,0.338830,25.149902,2.325419
-0.338135,-0.347989,0.021772,0.003031,5.465699,0.823377,14.631481,0.367341,25.549896,2.303269
-0.459595,-0.359149,-0.221305,0.002396,5.586985,0.919604,14.712163,0.392095,25.899891,2.272284
-0.277710,-0.351005,0.135475,0.002791,5.670497,0.977218,14.813304,0.438471,26.249886,2.227592
-0.241699,-0.340075,0.181919,0.003382,5.719673,0.994872,14.902142,0.469812,26.649879,2.197490
-0.483398,-0.354407,-0.179503,0.002568,5.767781,1.010319,15.014002,0.507303,27.049873,2.159037
-0.302124,-0.349179,0.074575,0.002846,5.757055,0.971933,15.093153,0.526463,27.399868,2.144004
-0.217285,-0.325218,inf,0.004146,5.866877,1.049038,15.204793,0.573744,27.799862,2.093480
-0.410767,-0.333773,-inf,0.003698,5.995273,1.146224,15.316174,0.626737,28.149857,2.041688
-0.459595,-0.346355,-0.644845,0.002981,6.143606,1.255871,15.448787,0.672974,28.549850,1.997223
-0.398560,-0.351575,-0.176451,0.002677,6.184599,1.256419,15.575107,0.707558,28.949844,1.958187
-0.253906,-0.341808,0.244252,0.003207,6.249948,1.281082,15.702027,0.747983,29.349838,1.919678
-0.326538,-0.340281,0.030557,0.003276,6.259531,1.250187,15.828588,0.788461,29.749832,1.882190
-0.169067,-0.323160,0.285528,0.004214,6.335725,1.290778,15.955232,0.840837,30.049828,1.834129
-0.156860,-0.306530,0.238635,0.005113,6.453892,1.366830,16.087202,0.889871,30.049828,1.778647
-0.229492,-0.298826,0.096759,0.005516,6.529610,1.404571,16.223001,0.946095,30.049828,1.725192
-0.350342,-0.303978,-0.064652,0.005231,6.604926,1.434914,16.363897,0.983066,30.049828,1.682617
-0.326538,-0.306234,-0.032170,0.005079,6.682971,1.472584,16.479658,1.004828,30.049828,1.661716
-0.471191,-0.322730,-0.183311,0.004134,6.840111,1.586533,16.648363,1.067769,30.049828,1.606893
-0.205688,-0.311025,0.145700,0.004698,6.929954,1.630789,16.795294,1.119776,30.049828,1.547973
-0.193481,-0.299569,inf,0.005289,7.116390,1.762233,16.983358,1.189279,30.049828,1.479158
-0.060425,-0.275654,1.200701,0.006593,7.313590,1.901627,17.182688,1.274850,30.049828,1.396575
-0.156860,-0.263775,0.297074,0.007299,7.434714,1.953753,17.375467,1.340298,30.049828,1.328332
-0.108643,-0.248262,0.310221,0.008125,7.460783,1.918474,17.566948,1.409251,30.049828,1.258558
-0.048218,-0.228257,0.396755,0.009199,7.496820,1.900506,17.741442,1.475987,30.049828,1.189965
-0.169067,-0.222338,0.085040,0.009481,7.641636,1.983058,17.955002,1.556396,30.049828,1.116327
-0.253906,-0.225495,-0.052552,0.009275,7.751750,2.036578,18.136774,1.609095,30.049828,1.057638
-0.096436,-0.200974,inf,0.010710,7.827307,2.038574,18.341202,1.652771,30.049828,1.014237
-0.169067,-0.197783,0.160398,0.010834,7.956912,2.101729,18.569490,1.735667,30.049828,0.939063
-0.060425,-0.184047,0.689411,0.011467,8.091122,2.176324,18.782835,1.813339,30.049828,0.862270
-0.193481,-0.184991,-0.031333,0.011357,8.157141,2.173290,18.999050,1.873010,30.049828,0.795462
-0.217285,-0.188220,-0.080860,0.011122,8.149879,2.098020,19.212479,1.916461,30.049828,0.749931
-0.012207,-0.170619,0.438596,0.012048,8.162394,2.052474,19.399208,1.957001,30.049828,0.707981
-0.156860,-0.169243,0.019770,0.012073,8.207094,2.024656,19.620787,1.991140,30.049828,0.678046
-0.108643,-0.163183,0.076124,0.012350,8.198085,1.952549,19.818193,2.017045,30.049828,0.653789
-0.145264,-0.161391,0.022473,0.012388,8.323495,2.022320,19.997509,2.042998,30.049828,0.628015
-0.036011,-0.143007,inf,0.013285,8.364055,1.999600,20.196028,2.067208,30.049828,0.601752
-0.156860,-0.144392,-0.046205,0.013132,8.484320,2.046067,20.422209,2.097872,30.049828,0.565118
-0.000000,-0.129953,0.480172,0.013866,8.636677,2.139716,20.612959,2.131559,30.049828,0.534718
-0.012207,-0.118178,0.394261,0.014386,8.693926,2.138385,20.822119,2.187087,30.049828,0.480669
-0.120850,-0.118446,-0.006721,0.014299,8.788337,2.163808,21.038698,2.221008,30.049828,0.444758
-0.338135,-0.140415,-0.363579,0.013002,8.926956,2.221652,21.287268,2.244084,30.049828,0.418393
-0.072632,-0.133636,0.096871,0.013313,9.168240,2.397487,21.520243,2.305591,30.049828,0.367343
-0.120850,-0.132358,0.015971,0.013317,9.277989,2.430743,21.760586,2.349053,30.049828,0.317025
-0.072632,-0.126385,0.074405,0.013550,9.376578,2.460837,22.005491,2.418213,30.049828,0.247850
-0.362549,-0.150001,-0.297496,0.012182,9.481914,2.496515,22.229662,2.447381,30.049828,0.217551
-0.060425,-0.140617,inf,0.012582,9.598462,2.532689,22.481163,2.485503,30.049828,0.180197
0.108643,-0.115691,inf,0.013767,9.715042,2.576776,22.739750,2.561201,30.049828,0.110641
-0.266113,-0.130734,-0.769658,0.012866,9.822297,2.601542,23.023642,2.639508,30.049828,0.033239
-0.193481,-0.137008,-0.211693,0.012454,9.868610,2.564782,23.283672,2.665045,29.999828,-0.000053
0.072632,-0.116044,0.525335,0.013558,9.950279,2.564720,23.539824,2.697021,29.749832,-0.026616
-0.133057,-0.117746,-0.033842,0.013395,9.941965,2.476121,23.791168,2.726157,29.349838,-0.061765
-0.193481,-0.125319,-0.149827,0.012907,10.122505,2.585901,24.019608,2.748841,28.999844,-0.084144
-0.181274,-0.130915,-0.079935,0.012534,10.298121,2.666581,24.309553,2.769740,28.549850,-0.105069
-0.156860,-0.133509,-0.032440,0.012326,10.392224,2.686518,24.573696,2.824004,28.199856,-0.153653
0.084839,-0.111674,0.271905,0.013476,10.480828,2.699979,24.816494,2.868940,27.849861,-0.200785
0.048218,-0.068221,inf,0.015748,10.515841,2.649304,25.084772,2.917724,27.449867,-0.249723
0.193481,-0.042051,1.333856,0.017124,10.612043,2.660253,25.376890,2.976873,27.049873,-0.303757
0.012207,-0.036625,0.185092,0.017376,10.699066,2.663290,25.613976,2.985489,26.649879,-0.318624
0.278320,-0.005131,0.789911,0.018870,10.842542,2.721271,25.908499,3.045392,26.249886,-0.380631
0.326538,0.028036,0.659250,0.020626,10.982679,2.774065,26.182657,3.095701,25.849892,-0.429392
-0.000000,0.025233,-0.055472,0.020367,11.123415,2.836092,26.437489,3.139309,25.499897,-0.476219
-0.000000,0.022709,-0.050035,0.020139,11.281784,2.913786,26.725805,3.202023,25.149902,-0.531079
-0.120850,0.008353,-0.205719,0.019243,11.363363,2.902156,27.046326,3.254716,24.749908,-0.588231
0.012207,0.008739,0.005522,0.019168,11.487174,2.943812,27.311371,3.286833,24.399914,-0.619875
-0.072632,0.000602,-0.102214,0.018621,11.658688,3.020047,27.609932,3.314890,23.999920,-0.641916
-0.060425,-0.003358,-inf,0.018214,11.735144,3.000282,27.911917,3.348183,23.599926,-0.684769
0.084839,0.005462,0.452198,0.018612,11.751039,2.921340,28.237717,3.397253,23.199932,-0.726804
-0.108643,-0.005949,-0.583953,0.017884,11.849724,2.938048,28.501842,3.424860,22.849937,-0.756540
-0.012207,-0.006574,-0.021278,0.017760,11.985568,2.979506,28.797756,3.436983,22.449944,-0.770536
-0.036011,-0.009518,-0.072815,0.017507,12.186361,3.083851,29.100960,3.460325,22.049950,-0.795067
-0.072632,-0.015829,-0.126177,0.017070,12.199454,3.000161,29.404011,3.477877,21.649956,-0.816073
0.024414,-0.011805,0.067039,0.017187,12.306820,3.023184,29.734865,3.557820,21.299961,-0.893124
-0.060425,-0.016667,-0.069438,0.016832,12.359695,2.968912,30.033869,3.531384,20.849968,-0.868179
-0.060425,-0.021043,-0.054649,0.016503,12.359855,2.886923,30.326746,3.568150,20.499973,-0.901216
-0.048218,-0.035984,-inf,0.015506,12.390875,2.826746,30.584774,3.527239,20.099979,-0.868998
-0.156860,-0.048072,-0.608643,0.014754,12.373670,2.721455,30.887045,3.538442,19.699986,-0.868619
-0.084839,-0.051748,-0.184473,0.014497,12.383036,2.655847,31.154877,3.546413,19.349991,-0.874514
-0.217285,-0.068302,-0.418435,0.013397,12.443288,2.621230,31.419245,3.480367,18.899998,-0.818351
-0.060425,-0.067514,0.019453,0.013375,12.471771,2.576901,31.654488,3.460089,18.550003,-0.797052
-0.145264,-0.075289,-0.154485,0.012919,12.532051,2.555086,31.936872,3.453889,18.150009,-0.794129
-0.217285,-0.089489,-0.283137,0.012066,12.557684,2.509845,32.164604,3.425069,17.800014,-0.765804
-0.217285,-0.102268,-0.183753,0.011214,12.593388,2.466161,32.413101,3.381440,17.400021,-0.715667
-0.266113,-0.118653,-0.233251,0.010243,12.646530,2.440729,32.634991,3.312357,17.000027,-0.651254
0.024414,-0.096908,0.678594,0.011437,12.649937,2.357627,32.923073,3.294584,16.550034,-0.625663
0.108643,-0.076353,1.031727,0.012412,12.790571,2.430722,33.164013,3.305473,16.200039,-0.633700
0.048218,-0.063896,0.625012,0.012973,12.875225,2.447643,33.406624,3.321951,15.850041,-0.651858
-0.072632,-0.064770,-0.029071,0.012859,12.916056,2.411160,33.648983,3.299215,15.450040,-0.636504
-0.048218,-0.063115,0.041566,0.012887,12.959394,2.378609,33.886452,3.266888,15.050038,-0.604214
-0.133057,-0.070109,-0.140117,0.012433,13.015971,2.368865,34.123264,3.267339,14.700037,-0.598361
-0.145264,-0.077624,-0.187545,0.011996,13.023444,2.310991,34.334637,3.238794,14.350036,-0.580754
-0.205688,-0.090431,-0.258111,0.011225,13.035567,2.259092,34.562393,3.226106,14.000034,-0.558106
-0.084839,-0.089872,0.007960,0.011200,13.053817,2.197204,34.808056,3.169519,13.550033,-0.502115
-0.193481,-0.100233,-0.205408,0.010625,13.071319,2.162631,34.982281,3.142593,13.250031,-0.477589
-0.398560,-0.130065,-0.428409,0.008922,13.000995,2.026020,35.209538,3.091903,12.850030,-0.426203
-0.326538,-0.149713,-0.247812,0.007790,13.026029,1.987233,35.409058,3.017525,12.450028,-0.351924
-0.169067,-0.154489,-inf,0.007447,13.059815,1.957983,35.606647,2.957938,12.050027,-0.291334
-0.181274,-0.157167,-0.134996,0.007260,13.073795,1.910347,35.817551,2.918292,11.650025,-0.252157
-0.036011,-0.145052,0.408484,0.007895,13.053717,1.830396,36.004601,2.860827,11.250024,-0.193888
-0.169067,-0.147453,-0.047910,0.007705,13.047288,1.759267,36.185013,2.776796,10.800022,-0.117810
-0.096436,-0.142351,0.091070,0.007949,13.049672,1.712964,36.352119,2.740017,10.450021,-0.077665
0.097046,-0.118412,0.398829,0.009240,13.082586,1.691220,36.512951,2.683812,10.050019,-0.021730
-0.072632,-0.113834,0.065368,0.009448,13.071724,1.627687,36.678219,2.631233,9.950019,0.028060
0.024414,-0.100009,0.173923,0.010169,13.075800,1.586963,36.837887,2.605825,10.300020,0.055848
-0.338135,-0.125697,-inf,0.008633,13.052667,1.514446,36.993328,2.545078,10.700022,0.117226
-0.133057,-0.126433,-inf,0.008553,13.069762,1.489517,37.143486,2.493171,11.050023,0.166380
-0.289917,-0.142781,-0.836278,0.007605,13.081045,1.453875,37.304913,2.443063,11.450025,0.219832
-0.108643,-0.139368,0.114418,0.007756,13.064073,1.391521,37.447395,2.371976,11.850026,0.290609
-0.229492,-0.148380,-0.228129,0.007218,13.074431,1.357908,37.584946,2.307971,12.250028,0.353329
-0.253906,-0.158933,-0.262372,0.006590,13.091697,1.337552,37.706017,2.251193,12.600029,0.414187
-0.156860,-0.158725,0.004114,0.006569,13.082800,1.291925,37.837410,2.210248,12.950030,0.452754
-0.096436,-0.152496,0.123760,0.006847,13.078104,1.246652,37.964577,2.151187,13.350032,0.510665
-0.302124,-0.167459,-0.299207,0.006064,13.035578,1.175722,38.082779,2.127650,13.650033,0.534697
-0.181274,-0.168841,-0.027421,0.005964,13.078276,1.180982,38.200272,2.057026,14.050035,0.602470
-0.266113,-0.178568,-0.139241,0.005395,13.100008,1.165437,38.328102,2.002194,14.450036,0.662359
-0.169067,-0.177618,0.011931,0.005421,13.083164,1.116802,38.441532,1.962122,14.800037,0.703000
-0.205688,-0.180425,-0.035236,0.005253,13.121622,1.119784,38.552624,1.901637,15.200039,0.761003
-0.314331,-0.193816,-0.148453,0.004481,13.112538,1.079979,38.662685,1.857854,15.550040,0.804648
-0.145264,-0.188960,0.061335,0.004700,13.138740,1.076108,38.759090,1.812891,15.900042,0.852317
-0.156860,-0.191596,inf,0.004506,13.164847,1.068232,38.865398,1.755950,16.300037,0.906983
-0.169067,-0.189343,0.115128,0.004608,13.177214,1.046761,38.981705,1.719161,16.700031,0.944237
-0.193481,-0.189757,-0.013682,0.004559,13.210224,1.046502,39.075912,1.663120,17.100025,0.998411
0.205688,-0.150212,0.790985,0.006730,13.196147,0.996253,39.186493,1.623189,17.550018,1.041061
0.012207,-0.133970,0.324287,0.007602,13.235474,1.007935,39.275253,1.604371,17.900013,1.059089
0.048218,-0.115751,0.228856,0.008697,13.249460,0.986688,39.383270,1.571701,18.350006,1.096768
0.072632,-0.096913,0.236309,0.009701,13.248114,0.958099,39.471359,1.554245,18.700001,1.108366
0.097046,-0.069894,inf,0.011102,13.285409,0.964861,39.567844,1.525987,19.099995,1.135617
0.012207,-0.061684,0.420554,0.011503,13.270444,0.919565,39.672157,1.514387,19.499989,1.151890
0.036621,-0.051853,0.493720,0.011939,13.270587,0.894629,39.762325,1.499523,19.849983,1.165445
0.036621,-0.043006,inf,0.012322,13.288428,0.891307,39.833679,1.482970,20.149979,1.183163
-0.036011,-0.042306,0.035754,0.012299,13.290730,0.865873,39.930031,1.462549,20.549973,1.203232
-0.036011,-0.041677,0.015824,0.012273,13.330050,0.874272,40.025757,1.424024,20.999966,1.239676
0.012207,-0.036288,0.108516,0.012548,13.330625,0.850602,40.104183,1.401934,21.349960,1.264346
-0.048218,-0.037481,-0.019850,0.012426,13.431171,0.923315,40.201023,1.385006,21.749954,1.281614
0.229492,-0.010784,0.528650,0.013699,13.517627,0.982760,40.289314,1.383334,22.099949,1.282006
0.084839,-0.001222,0.136569,0.014159,13.579794,1.008032,40.403328,1.383028,22.549942,1.281702
0.097046,0.008605,0.122722,0.014637,13.550490,0.952270,40.498566,1.386753,22.899937,1.278552
0.072632,0.015008,0.080401,0.014918,13.579709,0.954929,40.585117,1.380852,23.249931,1.288324
0.012207,0.021013,-inf,0.015100,13.632452,0.976629,40.683098,1.374383,23.649925,1.292989
0.120850,0.030996,0.511094,0.015577,13.742013,1.054194,40.794426,1.376764,24.049919,1.291250
-0.036011,0.024296,-0.223267,0.015126,13.819387,1.096854,40.903908,1.381674,24.449913,1.284196
0.060425,0.027908,0.090672,0.015250,14.020404,1.260116,41.023342,1.389466,24.849907,1.276557
0.048218,0.029939,0.040458,0.015287,14.206539,1.403368,41.158401,1.415218,25.249901,1.250973
0.084839,0.035429,0.091324,0.015515,14.261241,1.413415,41.298428,1.444929,25.649895,1.221382
0.169067,0.048793,0.190151,0.016182,14.463838,1.567359,41.450344,1.489412,26.049889,1.181614
0.072632,0.051177,0.030086,0.016248,14.539960,1.599188,41.593174,1.531307,26.399883,1.134719
0.169067,0.076872,inf,0.017516,14.792531,1.797362,41.764141,1.591033,26.799877,1.077093
0.241699,0.093355,0.826989,0.018346,15.167711,2.110774,41.978851,1.687847,27.199871,0.988723
0.133057,0.097325,0.133304,0.018474,15.345116,2.219069,42.196739,1.782718,27.599865,0.887773
0.483398,0.135932,0.976906,0.020519,15.442360,2.245563,42.419010,1.877969,27.999859,0.790285
0.181274,0.140467,0.113273,0.020669,15.579281,2.318039,42.627647,1.974469,28.349854,0.694454
0.253906,0.151811,0.189195,0.021196,15.606192,2.272121,42.879490,2.079252,28.749847,0.587562
0.302124,0.166842,0.250010,0.021844,15.736306,2.327908,43.112438,2.162655,29.149841,0.505417
0.326538,0.182811,0.228137,0.022729,15.834646,2.351222,43.324924,2.223181,29.549835,0.444795
0.411377,0.209869,inf,0.024038,15.844620,2.287570,43.556377,2.290681,29.949829,0.376321
0.435181,0.232400,inf,0.025170,15.986472,2.364642,43.765541,2.363355,30.049828,0.302586
0.289917,0.238152,0.290502,0.025332,16.056105,2.360102,44.044846,2.480217,30.049828,0.195584
0.266113,0.240948,0.093949,0.025360,16.131468,2.359555,44.284058,2.539647,30.049828,0.126938
0.435181,0.260371,0.647247,0.026314,16.234236,2.395486,44.500572,2.596606,30.049828,0.070633
0.229492,0.257284,-0.061669,0.026011,16.290964,2.367081,44.762917,2.651124,30.049828,0.014834
0.266113,0.258166,0.012599,0.025936,16.348490,2.340617,44.998360,2.667588,29.749832,-0.005895
0.302124,0.262562,0.062437,0.026051,16.541586,2.476187,45.215347,2.738081,29.449837,-0.064702
0.653076,0.301614,0.490017,0.027866,16.667866,2.522611,45.490513,2.832969,29.049843,-0.163303
0.289917,0.300444,-0.014668,0.027661,16.705257,2.490664,45.714825,2.879123,28.699848,-0.211498
0.229492,0.278284,-inf,0.026158,16.866470,2.571405,45.968834,2.911075,28.299854,-0.247396
0.181274,0.268583,-inf,0.025540,16.835758,2.471364,46.217098,2.967601,27.949860,-0.297024
-0.060425,0.235682,-1.649741,0.023593,16.945723,2.501238,46.494732,3.015461,27.549866,-0.344022
0.060425,0.218156,-inf,0.022595,16.990328,2.486710,46.692211,3.026358,27.249870,-0.357953
0.217896,0.218130,-inf,0.022481,17.043232,2.471291,46.937492,3.060070,26.899876,-0.394226
-0.000000,0.196317,-1.095582,0.021277,17.135937,2.484830,47.235596,3.123799,26.499882,-0.452842
0.169067,0.193592,-0.090606,0.021020,17.402464,2.669030,47.495022,3.134901,26.099888,-0.471134
0.314331,0.205666,0.302535,0.021583,17.567232,2.747173,47.767414,3.170553,25.699894,-0.504284
0.181274,0.203227,-0.048901,0.021340,17.728834,2.819188,48.048805,3.213152,25.299900,-0.553806
0.157471,0.198651,-0.076240,0.020978,17.797323,2.809108,48.329807,3.276720,24.949905,-0.603791
0.120850,0.190871,-0.111627,0.020443,17.974773,2.895623,48.615936,3.308099,24.549911,-0.640830
0.205688,0.192353,0.021164,0.020423,18.010550,2.840532,48.873280,3.312432,24.149918,-0.649654
0.374756,0.210593,0.229132,0.021334,18.130459,2.881051,49.156502,3.382892,23.799923,-0.703944
0.386963,0.228230,0.196149,0.022211,18.138250,2.809199,49.442158,3.453883,23.449928,-0.780785
0.108643,0.208804,-inf,0.020959,18.206799,2.788419,49.723114,3.468849,23.049934,-0.804468
0.048218,0.192746,-inf,0.019962,18.248163,2.752187,49.973419,3.480763,22.699940,-0.817168
-0.012207,0.172251,-1.029345,0.018835,18.329500,2.746347,50.301067,3.528491,22.299946,-0.857276
-0.193481,0.135677,-0.923939,0.016478,18.472042,2.790681,50.576088,3.479067,21.849953,-0.818108
0.338745,0.155984,0.683454,0.017416,18.486736,2.739418,50.822792,3.513045,21.549957,-0.846056
0.120850,0.152471,-0.070307,0.017134,18.590614,2.744625,51.125694,3.517789,21.099964,-0.854386
0.145264,0.151750,-0.014453,0.017008,18.634911,2.723639,51.370022,3.556021,20.799969,-0.884741
0.181274,0.154702,0.074029,0.017070,18.631189,2.645116,51.611835,3.557375,20.449974,-0.895914
0.024414,0.141674,-0.216117,0.016258,18.772289,2.689970,51.906960,3.538247,19.999981,-0.875727
0.097046,0.137211,-0.055945,0.015900,18.794548,2.627294,52.172848,3.525206,19.599987,-0.861959
0.012207,0.124710,-0.156089,0.015125,18.771925,2.532582,52.405750,3.510584,19.249992,-0.848606
0.024414,0.108895,-inf,0.014132,18.781723,2.462740,52.679775,3.504461,18.849998,-0.842301
-0.023804,0.095625,-inf,0.013400,18.826775,2.439300,52.925648,3.503798,18.500004,-0.841890
0.024414,0.088504,-0.363230,0.012937,18.880848,2.416001,53.190895,3.484965,18.100010,-0.818660
-0.096436,0.070010,-inf,0.011945,18.955988,2.432685,53.386345,3.471629,17.800014,-0.804124
-0.108643,0.052145,-inf,0.010992,18.997486,2.406398,53.628822,3.462141,17.450020,-0.794192
-0.084839,0.038446,-0.460001,0.010179,19.068296,2.390589,53.917755,3.427971,17.000027,-0.764697
-0.023804,0.032221,-0.208487,0.009781,19.088385,2.344469,54.130360,3.395000,16.650032,-0.731577
-0.072632,0.021736,-0.209904,0.009150,19.096991,2.270115,54.384151,3.338566,16.200039,-0.677408
-0.084839,0.011079,-0.177829,0.008511,19.104727,2.214807,54.608833,3.322351,15.850041,-0.655065
-0.000000,0.009971,-0.021955,0.008413,19.133999,2.182513,54.807621,3.284982,15.500040,-0.623533
0.133057,0.022279,0.176886,0.009052,19.158054,2.137787,55.043236,3.262828,15.100039,-0.591055
-0.000000,0.020051,-0.027979,0.008883,19.206455,2.118508,55.255188,3.216051,14.700037,-0.552982
0.253906,0.066681,inf,0.011525,19.261251,2.105935,55.445267,3.167712,14.300035,-0.501279
0.133057,0.073319,inf,0.011799,19.333241,2.118765,55.657124,3.173341,13.950034,-0.504446
0.169067,0.082894,0.490265,0.012272,19.386215,2.103816,55.890026,3.161542,13.550033,-0.493289
0.169067,0.091511,0.216795,0.012749,19.412703,2.055526,56.098484,3.101374,13.100031,-0.438650
0.157471,0.098107,0.132986,0.013050,19.453720,2.031468,56.302639,3.069337,12.700029,-0.406996
0.266113,0.114908,0.278719,0.013926,19.464939,1.979140,56.501995,3.039875,12.300028,-0.381425
0.193481,0.122765,0.098333,0.014345,19.505018,1.956803,56.697807,3.008729,11.900026,-0.344644
0.060425,0.114216,-inf,0.013686,19.512556,1.903000,56.871300,2.950090,11.500025,-0.288165
0.253906,0.128185,inf,0.014394,19.533266,1.871042,57.041130,2.916403,11.150023,-0.254601
0.217896,0.137156,0.450625,0.014773,19.546795,1.825466,57.262501,2.922117,10.750022,-0.252899
0.060425,0.129483,-0.386751,0.014315,19.538891,1.767539,57.441494,2.909604,10.400021,-0.242998
-0.048218,0.111713,-0.597434,0.013260,19.534914,1.707998,57.616249,2.854680,10.000019,-0.192238
0.133057,0.113847,0.070878,0.013312,19.525574,1.652089,57.767120,2.806019,9.650018,-0.140914
-0.120850,0.090378,-0.778689,0.011942,19.522064,1.603243,57.913429,2.759800,9.300016,-0.095989
-0.036011,0.077739,-0.252091,0.011248,19.522060,1.553088,58.101414,2.719624,8.900015,-0.056838
-0.060425,0.063922,-0.341583,0.010501,19.527882,1.516123,58.239853,2.664841,8.550014,-0.003545
-0.048218,0.052708,-0.223927,0.009888,19.566391,1.506173,58.406734,2.613664,8.950015,0.047379
-0.060425,0.041395,-0.162922,0.009138,19.570850,1.457515,58.554893,2.523506,9.400017,0.137611
0.072632,0.039695,inf,0.008941,19.580259,1.421157,58.684124,2.450350,9.800018,0.211066
0.193481,0.055073,inf,0.009668,19.590166,1.391355,58.825672,2.424663,10.150020,0.245209
0.145264,0.064092,inf,0.010118,19.559717,1.323131,58.948101,2.390415,10.500021,0.270312
0.060425,0.063726,-0.018783,0.010049,19.567532,1.289393,59.103901,2.365040,10.900023,0.304597
0.060425,0.063395,-0.011145,0.009981,19.575161,1.256550,59.230953,2.308658,11.300024,0.354258
0.012207,0.058277,-0.102010,0.009610,19.553076,1.190655,59.353313,2.228805,11.750026,0.432846
0.181274,0.070576,0.175709,0.010328,19.545631,1.145926,59.470200,2.177908,12.150027,0.487807
0.169067,0.080426,0.195376,0.010771,19.538803,1.112185,59.560543,2.147597,12.450028,0.518655
0.072632,0.079646,-0.009771,0.010674,19.565914,1.099707,59.692894,2.096427,12.900030,0.565756
0.133057,0.084987,0.066632,0.010917,19.545311,1.049036,59.790775,2.056392,13.250031,0.606127
0.024414,0.078930,-0.086246,0.010560,19.554886,1.029581,59.884911,2.009312,13.600033,0.650606
0.024414,0.059838,-inf,0.009396,19.564398,1.006638,59.996574,1.955877,14.000034,0.712447
0.084839,0.062338,0.128237,0.009487,19.594242,1.004158,60.108124,1.913732,14.400036,0.751454
-0.012207,0.054883,-0.251391,0.009025,19.638189,1.015737,60.209976,1.868161,14.800037,0.795073
-0.048218,0.044573,-0.260738,0.008409,19.642906,0.988587,60.310028,1.817434,15.200039,0.844999
-0.072632,0.032853,-0.232545,0.007711,19.664871,0.979075,60.409180,1.767140,15.600040,0.895299
0.024414,0.032009,-0.014024,0.007625,19.666565,0.950192,60.505096,1.721160,16.000042,0.941543
0.036621,0.032470,0.006652,0.007616,19.707993,0.961163,60.591072,1.672853,16.400036,0.988249
0.108643,0.040461,inf,0.007988,19.738939,0.961341,60.687363,1.638509,16.800030,1.023597
-0.023804,0.034034,-inf,0.007626,19.851528,1.046116,60.787361,1.630777,17.150024,1.036451
-0.108643,0.019767,-inf,0.006876,19.922049,1.087032,60.893253,1.619841,17.500019,1.044039
-0.145264,0.003264,-inf,0.005927,20.012665,1.145999,60.995338,1.600082,17.850014,1.061532
-0.205688,-0.017631,-0.704468,0.004736,20.039734,1.132158,61.131580,1.577202,18.300007,1.084990
-0.266113,-0.042480,-0.619856,0.003330,20.133102,1.188395,61.247955,1.548856,18.700001,1.114778
-0.036011,-0.041833,0.016065,0.003349,20.134048,1.156190,61.354691,1.534811,19.049995,1.129808
-0.205688,-0.058218,-0.329544,0.002422,20.228611,1.217554,61.472557,1.536447,19.399990,1.134875
-0.036011,-0.055998,0.036861,0.002522,20.220133,1.166328,61.603210,1.518216,19.849983,1.146108
-0.000000,-0.050398,0.069836,0.002858,20.208897,1.118539,61.717487,1.509350,20.249977,1.155016
-0.217285,-0.067087,-0.209426,0.001919,20.167755,1.047505,61.813072,1.485992,20.599972,1.180099
-0.060425,-0.071259,0.060007,0.001676,20.193022,1.035486,61.926987,1.455230,21.049965,1.211741
-0.036011,-0.067734,0.177744,0.001844,20.230494,1.043635,62.031052,1.452778,21.399960,1.215106
-0.048218,-0.065783,0.065758,0.001943,20.195559,0.976525,62.131355,1.433556,21.799953,1.231151
-0.193481,-0.078552,-0.253955,0.001133,20.255665,1.001245,62.229923,1.393575,22.249947,1.269940
-0.000000,-0.070697,0.156112,0.001564,20.364649,1.080162,62.326252,1.385681,22.599941,1.277126
-0.156860,-0.079314,-0.144564,0.001078,20.412397,1.097912,62.432682,1.387643,22.949936,1.283032
-0.133057,-0.084688,-0.088918,0.000803,20.645216,1.291344,62.555832,1.387090,23.349930,1.278021
-0.205688,-0.096788,-0.151792,0.000129,20.759325,1.361463,62.705540,1.408237,23.749924,1.257859
-0.000000,-0.087109,0.121581,0.000666,21.007839,1.569265,62.836315,1.436538,24.099918,1.234310
-0.120850,-0.090483,-0.042023,0.000474,21.132061,1.648271,62.981159,1.470614,24.449913,1.193668
-0.314331,-0.112360,-inf,-0.000747,21.360804,1.820377,63.174232,1.534219,24.849907,1.134108
-0.096436,-0.110768,inf,-0.000664,21.529356,1.935542,63.363930,1.590905,25.199902,1.078900
-0.289917,-0.128682,-0.596827,-0.001774,21.633039,1.967868,63.581478,1.647931,25.649895,1.020194
-0.181274,-0.133942,-0.174071,-0.002029,21.717762,1.997098,63.778252,1.707576,25.999889,0.961228
-0.205688,-0.141116,-0.179984,-0.002417,21.830067,2.043566,63.983345,1.757028,26.399883,0.909894
-0.145264,-0.141531,-0.008225,-0.002428,21.984638,2.130154,64.195511,1.810639,26.799877,0.856359
-0.241699,-0.151548,-0.168093,-0.002969,22.095205,2.170967,64.411438,1.860416,27.199871,0.805859
-0.108643,-0.147257,0.053453,-0.002685,22.187584,2.192317,64.633011,1.917880,27.599865,0.750992
-0.084839,-0.141016,0.077926,-0.002359,22.263180,2.206041,64.851906,1.991307,27.949860,0.677124
-0.072632,-0.134177,0.085686,-0.001968,22.303049,2.184316,65.048508,2.039407,28.299854,0.626671
0.072632,-0.097081,inf,0.000234,22.370600,2.181935,65.245270,2.072041,28.699848,0.592600
0.084839,-0.078889,0.455539,0.001374,22.420872,2.146720,65.500374,2.122360,29.199841,0.542632
0.097046,-0.061295,0.351729,0.002346,22.510080,2.175303,65.716591,2.192892,29.549835,0.482433
-0.012207,-0.056386,0.097413,0.002607,22.658251,2.251937,65.918297,2.219660,29.949829,0.444774
0.084839,-0.042264,0.280956,0.003300,22.835495,2.364465,66.147789,2.291550,30.049828,0.375398
0.048218,-0.033216,0.129407,0.003849,22.860306,2.314769,66.379761,2.341506,30.049828,0.332437
-0.181274,-0.048022,-0.184909,0.003006,23.008669,2.387596,66.615547,2.376364,30.049828,0.289337
0.036621,-0.039557,0.093691,0.003461,23.081654,2.392810,66.857658,2.447744,30.049828,0.220538
-0.145264,-0.057444,-inf,0.002482,23.199888,2.432967,67.101028,2.483480,30.049828,0.184028
-0.266113,-0.078311,-inf,0.001422,23.247284,2.411608,67.344582,2.538647,30.049828,0.133163
-0.289917,-0.099472,-0.713631,0.000100,23.308979,2.386442,67.609146,2.547041,30.049828,0.119026
-0.072632,-0.096788,0.067629,0.000268,23.469540,2.469461,67.826653,2.542641,30.049828,0.123226
0.024414,-0.084668,0.201882,0.000943,23.655745,2.564396,68.104126,2.584778,30.049828,0.079173
-0.072632,-0.083464,0.017124,0.001013,23.677097,2.504484,68.332916,2.599627,30.049828,0.061767
0.157471,-0.076853,inf,0.001246,23.778053,2.523823,68.587105,2.622047,30.049828,0.042987
0.036621,-0.065505,inf,0.001873,23.770552,2.447534,68.806770,2.665641,30.049828,0.007246
0.314331,-0.027522,1.263174,0.003973,23.896467,2.483187,69.107056,2.729251,29.599834,-0.056723
0.205688,-0.004201,0.466476,0.005410,23.980385,2.477836,69.354500,2.751773,29.149841,-0.085919
0.229492,0.019169,0.388388,0.006682,24.044424,2.463406,69.599228,2.789750,28.749847,-0.124129
0.181274,0.035379,0.230611,0.007661,24.129511,2.470259,69.819298,2.799228,28.349854,-0.133749
0.024414,0.030000,-0.031212,0.007251,24.224327,2.476735,70.087746,2.813939,27.899860,-0.142151
0.133057,0.040306,0.261307,0.007854,24.411568,2.572339,70.342239,2.818502,27.449867,-0.146509
0.169067,0.053182,0.257292,0.008535,24.511034,2.588784,70.601677,2.860245,27.049873,-0.194493
0.012207,0.049084,-0.068221,0.008265,24.647951,2.641154,70.865974,2.896818,26.649879,-0.231897
0.314331,0.075609,0.333388,0.009871,24.665918,2.575256,71.127632,2.942236,26.249886,-0.265039
0.108643,0.078912,0.041491,0.010006,24.736160,2.573744,71.358353,2.973320,25.899891,-0.302591
0.217896,0.090048,inf,0.010525,24.816164,2.571411,71.615547,2.994027,25.499897,-0.324146
-0.096436,0.071400,-0.956327,0.009314,24.875082,2.547713,71.873512,3.022988,25.099903,-0.351585
0.084839,0.072744,0.033530,0.009342,25.006605,2.586931,72.155319,3.027371,24.649910,-0.358195
-0.060425,0.059427,-0.264197,0.008556,25.109030,2.606636,72.414635,3.041999,24.249916,-0.379926
-0.060425,0.047442,-0.199255,0.007849,25.349337,2.760248,72.685242,3.060371,23.849922,-0.397900
0.145264,0.057224,0.139558,0.008354,25.579967,2.910706,72.970734,3.132551,23.499928,-0.464338
0.157471,0.067249,0.142977,0.008867,25.667536,2.904648,73.235245,3.154976,23.099934,-0.489288
0.072632,0.067787,0.006752,0.008853,25.833786,2.987121,73.531975,3.230636,22.749939,-0.562953
0.181274,0.076331,0.585862,0.009320,25.846533,2.894234,73.854164,3.262923,22.299946,-0.589431
0.253906,0.094088,0.592017,0.010260,25.931671,2.886842,74.143364,3.303581,21.899952,-0.635566
0.072632,0.091943,-0.054033,0.010090,25.930878,2.795045,74.427589,3.334232,21.499958,-0.669581
0.048218,0.087570,-0.087361,0.009796,25.958838,2.734876,74.702927,3.344459,21.099964,-0.680661
0.108643,0.089677,0.035094,0.009864,26.136711,2.823238,74.982239,3.359298,20.699970,-0.695164
0.072632,0.087973,-0.024522,0.009709,26.117914,2.726100,75.233414,3.378478,20.349976,-0.705341
0.145264,0.093702,0.071355,0.009980,26.101931,2.624757,75.500832,3.382925,19.949982,-0.722766
0.374756,0.131886,inf,0.012003,26.168623,2.608166,75.760170,3.385098,19.549988,-0.710518
0.326538,0.151351,inf,0.012917,26.182516,2.549531,76.019150,3.429587,19.199993,-0.757739
0.120850,0.148301,-inf,0.012683,26.175169,2.472257,76.244370,3.435111,18.849998,-0.759450
0.399170,0.173388,0.837681,0.014014,26.209637,2.419062,76.536949,3.431624,18.400005,-0.766260
0.289917,0.185041,0.233872,0.014671,26.261620,2.394497,76.776283,3.424015,18.000011,-0.753729
0.556030,0.222140,0.619203,0.016659,26.359024,2.406694,77.013618,3.391775,17.550018,-0.727841
0.253906,0.225316,0.039899,0.016774,26.631435,2.597498,77.269592,3.400312,17.150024,-0.731203
0.253906,0.239483,inf,0.017402,26.843555,2.724811,77.509407,3.392569,16.750031,-0.725901
0.507812,0.266316,inf,0.018662,26.967363,2.771299,77.785141,3.444242,16.400036,-0.771945
0.314331,0.271117,inf,0.018809,27.013590,2.740793,78.059906,3.508955,16.050041,-0.831698
0.302124,0.274218,0.158619,0.018887,27.040112,2.680652,78.358734,3.547235,15.650041,-0.875889
0.205688,0.267365,-0.172284,0.018363,27.074968,2.620484,78.623955,3.516494,15.200039,-0.848891
0.399170,0.280545,0.262022,0.019005,27.121157,2.583944,78.884224,3.516915,14.800037,-0.854809
0.507812,0.303272,0.378772,0.020169,27.145477,2.527042,79.139099,3.524301,14.400036,-0.860370
0.386963,0.311641,0.119544,0.020535,27.169567,2.481164,79.388947,3.553466,14.050035,-0.881346
0.411377,0.321615,0.125127,0.020985,27.163277,2.397009,79.633217,3.543957,13.650033,-0.881029
0.386963,0.328150,0.093844,0.021241,27.184334,2.351923,79.824356,3.512892,13.300032,-0.849898
0.289917,0.340496,-0.284609,0.021679,27.175659,2.260700,80.099907,3.511136,12.850030,-0.844414
0.532227,0.359669,0.631544,0.022771,27.156521,2.171094,80.300056,3.458944,12.450028,-0.794024
0.483398,0.372042,0.406470,0.023275,27.127851,2.083156,80.513168,3.464288,12.100027,-0.799443
0.386963,0.373534,0.049119,0.023234,27.171677,2.069315,80.720581,3.458776,11.750026,-0.794878
0.205688,0.356750,-0.279557,0.022073,27.170279,1.987777,80.942635,3.366431,11.250024,-0.701522
0.507812,0.371856,0.190031,0.022904,27.156435,1.912146,81.136383,3.325291,10.850022,-0.661589
0.435181,0.378188,0.079515,0.023142,27.157587,1.860872,81.306137,3.292862,10.500021,-0.622282
0.532227,0.406357,0.721275,0.024567,27.178043,1.815732,81.508209,3.244758,10.050019,-0.577550
0.580444,0.423766,0.434415,0.025539,27.187819,1.761740,81.687401,3.182364,9.600018,-0.519543
0.701294,0.451519,0.554336,0.026954,27.197321,1.716175,81.861450,3.152309,9.200016,-0.489411
0.592651,0.465632,0.201910,0.027700,27.200466,1.666027,82.029968,3.119032,8.800014,-0.455311
0.592651,0.478334,0.181464,0.028265,27.213518,1.627106,82.178741,3.065840,8.400013,-0.399619
0.580444,0.498833,inf,0.029199,27.209959,1.573034,82.338112,3.027256,8.000011,-0.360457
0.483398,0.497290,-0.052036,0.028957,27.208445,1.516762,82.508026,2.975148,7.550010,-0.308136
0.435181,0.491079,-0.123272,0.028423,27.203960,1.459601,82.657188,2.899770,7.100008,-0.234017
0.568237,0.498795,0.129404,0.028708,27.212538,1.422793,82.801010,2.852812,6.700006,-0.186594
0.616455,0.510561,0.169273,0.029299,27.190191,1.356839,82.925766,2.798177,6.300005,-0.135806
0.616455,0.526341,inf,0.029925,27.180840,1.305988,83.057861,2.752591,5.900003,-0.089359
0.653076,0.539015,inf,0.030409,27.180948,1.270824,83.186386,2.730808,5.550002,-0.064805
0.459595,0.531073,-0.401721,0.029817,27.172604,1.223529,83.322929,2.698904,5.150001,-0.033399
0.507812,0.528747,-0.059340,0.029523,27.163935,1.172898,83.442032,2.620140,5.300001,0.042030
0.362549,0.512127,-0.332024,0.028444,27.156429,1.129391,83.556999,2.561101,5.700003,0.098356
0.374756,0.498390,-0.197125,0.027447,27.145216,1.083653,83.667152,2.497338,6.100004,0.163162
0.507812,0.499332,0.011793,0.027362,27.155842,1.060753,83.774521,2.443885,6.500006,0.217338
0.447388,0.494138,-0.065494,0.026938,27.151672,1.028078,83.867805,2.398425,6.850007,0.262467
0.532227,0.506813,0.143499,0.027393,27.147865,0.988763,83.978676,2.345842,7.300009,0.319508
0.471802,0.503312,-0.176104,0.027062,27.148525,0.962701,84.066605,2.306669,7.650010,0.358475
0.616455,0.514626,0.284795,0.027553,27.147800,0.928846,84.170349,2.251202,8.100012,0.415965
0.471802,0.510344,-0.085655,0.027177,27.149166,0.905198,84.261986,2.224139,8.450013,0.441075
0.314331,0.490742,-0.391876,0.025957,27.152859,0.881076,84.342690,2.159744,8.850015,0.506148
0.302124,0.471880,-0.312210,0.024775,27.133095,0.834923,84.427460,2.097295,9.250016,0.564546
0.157471,0.440439,-0.392938,0.022905,27.137877,0.813942,84.517982,2.036409,9.650018,0.625150
0.411377,0.435961,-inf,0.022409,27.146093,0.797116,84.590347,1.978277,10.050019,0.684496
0.411377,0.433503,-0.126625,0.022161,27.144510,0.771313,84.675545,1.938670,10.450021,0.730231
0.459595,0.436112,0.087040,0.022196,27.162163,0.765079,84.752289,1.895213,10.850022,0.772609
0.520020,0.444503,0.210179,0.022609,27.161983,0.741371,84.820198,1.851112,11.250024,0.810655
0.580444,0.458097,0.228017,0.023249,27.164040,0.720862,84.899887,1.826852,11.650025,0.837517
0.543823,0.466670,0.122526,0.023611,27.157621,0.692698,84.969818,1.795742,12.050027,0.868538
0.435181,0.463521,-0.039582,0.023319,27.159800,0.673901,85.037422,1.757351,12.450028,0.906392
0.302124,0.449170,-inf,0.022175,27.146824,0.640492,85.096893,1.715167,12.850030,0.946276
0.229492,0.427202,-1.114099,0.020847,27.142551,0.616883,85.165436,1.670823,13.250031,0.997498
0.326538,0.417136,-inf,0.020238,27.155022,0.614994,85.214813,1.634268,13.550033,1.030088
0.350952,0.410517,-0.221047,0.019724,27.153912,0.592862,85.281036,1.584575,14.000034,1.079257
0.411377,0.410603,0.002126,0.019630,27.184429,0.604796,85.341202,1.548594,14.400036,1.115273
0.314331,0.400976,-0.160121,0.018997,27.170078,0.570237,85.404518,1.505499,14.850038,1.157814
0.422974,0.403176,0.027474,0.019039,27.124239,0.507971,85.457344,1.470344,15.250039,1.193765
0.628662,0.425725,0.282979,0.020193,27.119184,0.489252,85.502785,1.454918,15.600040,1.212860
0.399170,0.427216,-0.156421,0.020052,27.152046,0.504917,85.557388,1.422621,16.050041,1.242715
0.386963,0.423191,-0.101411,0.019701,27.141733,0.477742,85.606018,1.380086,16.500034,1.283775
0.495605,0.430432,0.120637,0.020057,27.130753,0.450440,85.653229,1.344402,16.950027,1.319863
0.653076,0.452697,0.318609,0.021344,27.107761,0.414417,85.691757,1.324784,17.350021,1.338104
0.628662,0.482889,0.815436,0.023017,27.104300,0.397171,85.736183,1.304653,17.800014,1.361134
0.543823,0.488982,0.152560,0.023281,27.085146,0.365214,85.773903,1.279595,18.250008,1.382913
0.749512,0.515035,0.520320,0.024618,27.122284,0.390785,85.812386,1.267625,18.650002,1.395816
0.580444,0.521576,0.130559,0.024858,27.121696,0.380053,85.847244,1.259166,18.999996,1.405545
0.628662,0.532285,0.177194,0.025405,27.123518,0.370604,85.881172,1.241525,19.399990,1.423266
0.520020,0.531058,-0.015398,0.025210,27.131292,0.366883,85.923218,1.227863,19.799984,1.436744
0.604248,0.539526,0.368143,0.025477,27.184692,0.407654,85.964523,1.208469,20.249977,1.457720
0.386963,0.524270,-0.509020,0.024498,27.178774,0.389605,86.004776,1.195990,20.649971,1.468625
0.471802,0.519023,-0.105271,0.024049,27.215376,0.412903,86.044067,1.166807,21.099964,1.497993
0.495605,0.516681,-0.033282,0.023782,27.256413,0.438914,86.088188,1.150060,21.549957,1.515050
0.507812,0.515794,-0.011181,0.023608,27.268059,0.438418,86.128990,1.145550,21.899952,1.524325
0.568237,0.536635,0.179490,0.024556,27.262308,0.418603,86.174530,1.146552,22.349945,1.524062
0.543823,0.537354,0.018129,0.024478,27.278503,0.420294,86.217163,1.136440,22.799938,1.524957
0.676880,0.551306,0.280833,0.025131,27.263721,0.393334,86.257538,1.134434,23.199932,1.535255
0.689087,0.565084,0.197396,0.025868,27.275099,0.392517,86.297913,1.138393,23.599926,1.528505
0.664673,0.575043,0.142298,0.026293,27.339808,0.445814,86.337151,1.144421,23.949921,1.520347
0.422974,0.559836,-0.190712,0.025319,27.420820,0.512581,86.384285,1.138374,24.349915,1.525349
0.338745,0.516730,-0.995227,0.022537,27.415806,0.491106,86.436958,1.119341,24.799908,1.542922
0.495605,0.514618,-0.106306,0.022307,27.509640,0.571215,86.483383,1.112629,25.149902,1.558400
0.483398,0.511496,-0.078101,0.022022,27.583696,0.624129,86.550423,1.122699,25.599895,1.543391
0.556030,0.515949,0.109863,0.022159,27.626926,0.649709,86.609543,1.138246,25.949890,1.528354
0.737305,0.538085,0.367291,0.023278,27.660194,0.660239,86.681137,1.164652,26.399883,1.502378
0.399170,0.524193,-0.198450,0.022389,27.675371,0.657465,86.747124,1.182364,26.749878,1.483634
0.411377,0.512912,-0.141206,0.021652,27.760563,0.720502,86.818619,1.191006,27.149872,1.479194
0.640869,0.525707,0.159995,0.022255,27.778065,0.718301,86.883965,1.214247,27.499866,1.451039
0.628662,0.533294,inf,0.022452,27.856016,0.772963,86.958939,1.231581,27.899860,1.434701
0.422974,0.522262,-0.564990,0.021726,27.915981,0.807474,87.047752,1.267772,28.299854,1.400800
0.483398,0.518375,-0.129752,0.021401,27.973063,0.838989,87.129967,1.282398,28.699848,1.382538
0.435181,0.510056,-0.206316,0.020832,27.975058,0.815582,87.211433,1.297276,29.099842,1.368769
0.556030,0.514653,0.115953,0.020982,28.060093,0.876756,87.289444,1.317184,29.449837,1.349443
0.350952,0.498283,-0.327533,0.019855,28.112276,0.900728,87.370628,1.327967,29.849831,1.335955
0.374756,0.485930,-0.176715,0.019067,28.066238,0.824170,87.465874,1.334985,30.049828,1.330293
0.471802,0.456000,0.089881,0.017013,28.136232,0.863540,87.560616,1.329334,30.049828,1.338784
0.592651,0.469665,0.458270,0.017783,28.107388,0.809219,87.633453,1.335288,30.049828,1.331619
0.362549,0.458953,-0.212806,0.017023,28.236334,0.906935,87.722176,1.346545,30.049828,1.323153
0.447388,0.457797,-0.016547,0.016874,28.229563,0.870004,87.815712,1.354992,30.049828,1.310781
0.386963,0.450713,-0.088562,0.016346,28.443766,1.056786,87.905334,1.376077,30.049828,1.297050
0.447388,0.443545,inf,0.015787,28.353210,0.934931,88.004219,1.393264,30.049828,1.273151
0.471802,0.446370,0.145400,0.015864,28.514841,1.063773,88.117577,1.428756,30.049828,1.242661
0.386963,0.440430,-0.151003,0.015415,28.533587,1.046418,88.219078,1.440227,30.049828,1.225975
0.507812,0.447168,0.112432,0.015761,28.681480,1.158641,88.332481,1.472437,30.049828,1.195519
0.918579,0.494309,0.787786,0.018301,28.633408,1.080502,88.429771,1.516735,30.049828,1.152322
0.616455,0.506524,0.174594,0.018888,28.643465,1.052231,88.538033,1.550175,30.049828,1.116345
0.556030,0.515930,inf,0.019255,28.720427,1.094243,88.648491,1.579509,30.049828,1.087612
0.568237,0.521161,inf,0.019421,28.775352,1.117683,88.762398,1.619393,30.049828,1.046502
0.217896,0.490834,-1.560488,0.017648,28.839327,1.144716,88.890503,1.657421,30.049828,1.011900
0.278320,0.469583,-1.068822,0.016373,28.908558,1.181254,88.997330,1.663471,30.049828,1.004353
0.362549,0.458879,-0.267605,0.015622,29.002600,1.233822,89.114082,1.657540,30.049828,1.008366
0.568237,0.469815,0.157047,0.016225,29.037245,1.224524,89.249588,1.684842,30.049828,0.982675
0.556030,0.478437,0.108424,0.016622,29.206221,1.352511,89.379265,1.722055,30.049828,0.945902
0.411377,0.471731,-0.083841,0.016164,29.249460,1.358834,89.499107,1.749507,30.049828,0.917749
0.604248,0.459940,inf,0.015356,29.279110,1.344496,89.637573,1.763656,30.049828,0.902574
0.532227,0.467169,inf,0.015641,29.306208,1.333697,89.773529,1.815365,30.049828,0.854903
0.507812,0.471233,0.203800,0.015788,29.364607,1.348952,89.922569,1.858836,30.049828,0.816268
0.422974,0.466407,-0.242473,0.015468,29.419493,1.366306,90.057770,1.896624,30.049828,0.774210
0.157471,0.435513,-0.774335,0.013463,29.425411,1.325108,90.189522,1.886834,30.049828,0.777668
0.314331,0.423395,-0.201954,0.012638,29.485077,1.341227,90.326393,1.890782,30.049828,0.778194
0.616455,0.442701,0.320676,0.013540,29.498634,1.313212,90.457085,1.908498,30.049828,0.755638
0.532227,0.451654,0.128043,0.014032,29.702826,1.479159,90.581070,1.936076,30.049828,0.734321
0.689087,0.475397,0.296974,0.015281,29.704622,1.435790,90.722946,1.972506,30.049828,0.695174
0.447388,0.485291,-inf,0.015675,29.753805,1.438238,90.870232,2.009197,30.049828,0.660177
0.386963,0.475458,-0.328056,0.014981,29.840801,1.472032,91.033104,2.027798,30.049828,0.636796
0.471802,0.475093,-0.007362,0.014883,29.896076,1.475024,91.179398,2.028553,30.049828,0.641115
0.664673,0.494051,0.270860,0.015998,29.842873,1.370943,91.321777,2.040426,30.049828,0.625524
0.556030,0.500249,0.077246,0.016305,29.926384,1.415752,91.447548,2.061334,30.049828,0.602675
0.592651,0.529780,inf,0.017775,29.914938,1.360278,91.585953,2.088954,30.049828,0.584552
0.773926,0.554195,1.247422,0.019037,30.012144,1.412647,91.741386,2.123834,30.049828,0.546351
0.737305,0.572506,0.461036,0.020081,30.072838,1.423030,91.883438,2.141393,30.049828,0.527031
0.773926,0.592648,0.400366,0.021108,30.090038,1.395574,92.024620,2.169042,30.049828,0.497066
0.773926,0.610776,0.258688,0.022135,30.097021,1.352900,92.164139,2.180930,30.049828,0.480836
0.846558,0.651180,inf,0.024431,30.274080,1.484126,92.294510,2.198219,30.049828,0.468124
0.991211,0.685183,1.135444,0.026429,30.282009,1.440224,92.455154,2.236858,30.049828,0.427423
0.834351,0.700100,0.372808,0.027129,30.283998,1.397067,92.598061,2.272548,30.049828,0.391647
0.773926,0.707482,0.146553,0.027455,30.304081,1.372682,92.725677,2.281116,30.049828,0.384485
0.882568,0.724991,0.251398,0.028287,30.320200,1.345870,92.875191,2.312992,30.049828,0.356570
0.809937,0.733485,0.122001,0.028617,30.307676,1.297284,92.993019,2.325690,30.049828,0.343120
1.124268,0.795759,inf,0.032039,30.300838,1.246040,93.119148,2.326635,30.049828,0.335065
0.979004,0.814083,0.611918,0.033025,30.350533,1.251078,93.258301,2.352011,30.049828,0.314627
0.858154,0.818491,0.108879,0.033105,30.462404,1.323427,93.385117,2.363660,30.049828,0.301912
0.846558,0.821297,0.069587,0.033095,30.484200,1.308527,93.505608,2.376576,30.049828,0.288984
1.039429,0.843110,0.432569,0.034022,30.635880,1.417320,93.655785,2.409153,30.049828,0.257141
0.604248,0.819224,-0.397958,0.032525,30.634548,1.373571,93.790535,2.410326,30.049828,0.251756
0.967407,0.834042,0.186192,0.033283,30.708115,1.402200,93.933929,2.429154,30.049828,0.236977
0.797729,0.829340,-inf,0.032667,30.825321,1.474557,94.062653,2.429150,30.049828,0.236187
0.797729,0.826179,-0.106312,0.032306,30.841969,1.439155,94.224251,2.441630,30.049828,0.224788
0.761719,0.819733,-0.128862,0.031740,31.008101,1.552624,94.373322,2.440104,30.049828,0.227389
0.676880,0.805448,-0.204517,0.030692,31.080856,1.569388,94.531738,2.440528,30.049828,0.222598
0.846558,0.809559,0.051658,0.030795,31.144417,1.589424,94.673492,2.466995,30.049828,0.201409
0.930786,0.852203,inf,0.032857,31.271467,1.664710,94.837967,2.519749,30.049828,0.150281
0.676880,0.834670,-inf,0.031723,31.373093,1.720036,94.989487,2.556782,30.049828,0.109540
0.664673,0.817671,-0.573308,0.030620,31.445572,1.732141,95.192787,2.586979,30.049828,0.079561
0.797729,0.815676,-0.049740,0.030356,31.512018,1.744435,95.364510,2.606769,30.049828,0.057429
0.653076,0.799416,-0.327236,0.029303,31.615410,1.791727,95.541336,2.630021,30.049828,0.033247
0.689087,0.788383,-0.158369,0.028467,31.759399,1.870422,95.724785,2.635549,30.049828,0.029927
0.616455,0.771191,-0.214800,0.027246,31.747892,1.808281,95.889442,2.657220,30.049828,0.013225
1.112061,0.806622,1.739051,0.029170,31.831255,1.827785,96.086975,2.685186,29.949829,-0.013326
0.797729,0.805733,-0.029681,0.028975,31.892908,1.831340,96.271156,2.733809,29.549835,-0.066465
0.676880,0.792848,-0.322206,0.028114,32.033131,1.910836,96.463516,2.764571,29.149841,-0.098806
0.749512,0.788514,-0.086386,0.027733,32.112759,1.929503,96.656326,2.790470,28.749847,-0.120848
0.701294,0.779792,-0.124467,0.027052,32.293056,2.046739,96.856384,2.821946,28.349854,-0.155676
0.942993,0.796112,0.270640,0.027735,32.462799,2.157238,97.048126,2.873205,27.999859,-0.206032
0.471802,0.763681,-0.405530,0.025568,32.653530,2.277909,97.268341,2.907331,27.599865,-0.240255
0.568237,0.744137,-0.217037,0.024354,32.690216,2.251399,97.495773,2.965987,27.249870,-0.294667
0.507812,0.704673,-inf,0.022019,32.671051,2.162475,97.715080,2.990551,26.849876,-0.319097
0.556030,0.689809,-inf,0.021083,32.697903,2.130267,97.906158,3.005452,26.499882,-0.334749
0.676880,0.688516,-0.064972,0.020913,32.678345,2.044478,98.155708,3.056309,26.099888,-0.383960
0.435181,0.663183,-1.271639,0.019401,32.710926,2.019956,98.340340,3.070591,25.749893,-0.395480
0.653076,0.662172,-0.020254,0.019241,32.772655,2.001549,98.562271,3.037533,25.249901,-0.373090
0.604248,0.656380,-0.095693,0.018822,32.809856,1.975837,98.761047,3.040545,24.849907,-0.372497
0.616455,0.652387,-0.056793,0.018506,32.919964,2.021154,98.964249,3.046404,24.449913,-0.382004
0.543823,0.628519,-inf,0.016835,33.020615,2.056440,99.147911,3.026423,24.049919,-0.362591
0.713501,0.637017,0.283547,0.017282,33.168613,2.129205,99.378860,3.034641,23.599926,-0.367662
0.713501,0.644666,0.153270,0.017673,33.220020,2.104832,99.590370,3.035295,23.149933,-0.372150
0.846558,0.664855,0.287424,0.018847,33.413712,2.229535,99.808426,3.071452,22.749939,-0.405299
0.834351,0.681804,0.241049,0.019601,33.541477,2.285032,100.034782,3.114451,22.349945,-0.448410
0.653076,0.679587,-inf,0.019266,33.601692,2.273582,100.237709,3.121937,21.949951,-0.458593
0.906982,0.702327,1.144588,0.020438,33.617310,2.217525,100.484138,3.168985,21.549957,-0.498907
0.725708,0.704665,0.077853,0.020466,33.628956,2.159416,100.703438,3.200868,21.149963,-0.536040
0.689087,0.703107,-0.038881,0.020266,33.625767,2.088794,100.894295,3.191300,20.749969,-0.526583
0.580444,0.690841,-0.204479,0.019398,33.594318,1.992366,101.097855,3.189043,20.349976,-0.521712
0.894775,0.711234,0.255804,0.020429,33.610310,1.938228,101.313744,3.187541,19.899982,-0.521396
0.725708,0.712682,0.018129,0.020407,33.726574,1.999624,101.491005,3.192220,19.549988,-0.526651
0.664673,0.714491,-0.283342,0.020265,33.867462,2.067286,101.716057,3.196701,19.099995,-0.526621
0.689087,0.711951,-0.063642,0.020005,33.863754,1.990630,101.920555,3.173311,18.650002,-0.506921
0.568237,0.697580,-0.358102,0.019185,33.957565,2.028787,102.120483,3.192904,18.300007,-0.530645
0.532227,0.681044,-0.330798,0.018169,33.962807,1.970765,102.318687,3.177812,17.900013,-0.518591
0.495605,0.662500,-0.308900,0.017047,34.003387,1.956488,102.515633,3.186026,17.550018,-0.521353
0.543823,0.650633,-0.198228,0.016303,34.027561,1.918827,102.690384,3.147487,17.150024,-0.484567
0.532227,0.638792,-0.147713,0.015562,34.009182,1.840787,102.896385,3.142270,16.750031,-0.477972
0.713501,0.646263,0.092955,0.015898,34.010578,1.791664,103.060394,3.132766,16.400036,-0.471148
0.459595,0.605358,-0.815709,0.013363,34.031784,1.748922,103.255531,3.085621,15.950042,-0.418432
0.471802,0.592002,-0.693906,0.012560,34.044231,1.712944,103.411659,3.057623,15.600040,-0.390755
0.483398,0.581142,-0.276416,0.011894,34.062847,1.670669,103.598320,3.011996,15.150039,-0.351341
0.447388,0.567766,-0.223710,0.010993,34.073601,1.628779,103.763161,2.973246,14.750037,-0.309639
0.628662,0.573856,0.087484,0.011276,34.085960,1.589874,103.923866,2.940901,14.350036,-0.276646
0.640869,0.580557,0.095783,0.011592,34.100475,1.560485,104.065979,2.921096,14.000034,-0.256735
0.495605,0.566614,-inf,0.010645,34.100819,1.505597,104.219261,2.861163,13.550033,-0.196946
0.556030,0.565555,-0.053454,0.010533,34.110046,1.467265,104.383041,2.835605,13.150031,-0.168793
0.543823,0.563382,-0.071486,0.010345,34.091103,1.402854,104.511833,2.782694,12.750030,-0.120863
0.543823,0.561426,-0.098413,0.010195,34.066650,1.345825,104.633606,2.769189,12.450028,-0.103105
0.520020,0.557286,-0.082908,0.009914,34.109665,1.335399,104.794617,2.707983,11.950027,-0.045625
0.350952,0.536652,-0.343443,0.008717,34.099102,1.288425,104.925041,2.678088,11.600025,-0.017346
0.628662,0.545853,0.132147,0.009183,34.106934,1.255664,105.052208,2.633566,11.900026,0.025511
0.399170,0.531185,-0.209737,0.008319,34.118279,1.232421,105.163658,2.593431,12.250028,0.069966
0.507812,0.528848,-0.029363,0.008148,34.081676,1.157849,105.282715,2.544030,12.650029,0.116385
0.411377,0.514109,-inf,0.007247,34.110348,1.149717,105.397987,2.495970,13.050031,0.168463
0.543823,0.517080,0.156106,0.007374,34.113457,1.117167,105.520805,2.453480,13.450032,0.215629
0.495605,0.514933,-0.071196,0.007201,34.129761,1.098132,105.620468,2.400509,13.850034,0.262977
0.749512,0.538391,0.465573,0.008628,34.130688,1.060463,105.728378,2.348493,14.300035,0.313251
0.786133,0.563165,0.491600,0.009824,34.132069,1.032613,105.833450,2.341851,14.650037,0.320019
0.773926,0.584241,0.301156,0.010946,34.169147,1.036962,105.946175,2.328994,15.050038,0.337684
0.640869,0.589904,0.071151,0.011204,34.160866,0.996136,106.048347,2.298801,15.450040,0.365165
0.459595,0.578164,-inf,0.010349,34.178921,0.982636,106.137878,2.253582,15.850041,0.409516
0.616455,0.581993,0.192023,0.010510,34.192867,0.965702,106.244522,2.218723,16.250038,0.447983
0.556030,0.579397,-0.131323,0.010295,34.190361,0.936870,106.320160,2.182189,16.600033,0.483432
0.640869,0.585544,0.123179,0.010586,34.170345,0.881004,106.428474,2.132497,17.100025,0.528883
0.568237,0.583813,-0.028646,0.010436,34.153107,0.840103,106.514023,2.110579,17.450020,0.553195
0.520020,0.577434,-0.106185,0.010065,34.171253,0.835040,106.597389,2.083925,17.800014,0.579690
0.411377,0.560828,-0.238262,0.009096,34.203999,0.838255,106.679993,2.020841,18.250008,0.639766
0.495605,0.554306,-0.081777,0.008643,34.190765,0.802147,106.754036,1.987466,18.600002,0.673791
0.628662,0.566236,inf,0.009219,34.216343,0.802017,106.834885,1.956877,18.999996,0.707377
0.422974,0.551910,-inf,0.008377,34.241447,0.804973,106.906616,1.935475,19.349991,0.727152
0.580444,0.554764,0.143563,0.008493,34.207169,0.746088,106.992043,1.901681,19.749985,0.761991
0.532227,0.552510,-0.044957,0.008311,34.170441,0.681448,107.069695,1.847002,20.249977,0.816278
0.773926,0.574651,0.367843,0.009504,34.155712,0.646032,107.134888,1.819340,20.649971,0.844953
0.713501,0.588536,0.199428,0.010320,34.118771,0.589607,107.190292,1.787885,21.049965,0.875960
0.713501,0.608984,0.583510,0.011495,34.145775,0.595691,107.255226,1.754332,21.499958,0.913406
0.894775,0.637563,0.952607,0.013025,34.206398,0.637322,107.315994,1.735876,21.899952,0.929881
0.653076,0.639114,0.031260,0.013057,34.171597,0.583023,107.377548,1.722817,22.299946,0.942897
0.761719,0.651375,0.302465,0.013607,34.167870,0.563966,107.427803,1.701642,22.649940,0.960952
0.737305,0.659968,0.171641,0.013967,34.198151,0.576117,107.491394,1.688618,23.049934,0.975786
0.604248,0.654396,-0.092916,0.013586,34.238564,0.597972,107.550270,1.664684,23.449928,0.999280
0.520020,0.640958,-0.168029,0.012678,34.307034,0.646710,107.613197,1.638079,23.849922,1.024425
0.822144,0.659077,0.225465,0.013622,34.314606,0.636791,107.670555,1.634916,24.199917,1.030811
0.786133,0.691897,inf,0.015370,34.342999,0.645125,107.728012,1.631030,24.599911,1.032548
0.773926,0.700099,0.273385,0.015806,34.401413,0.680135,107.800797,1.626917,25.049904,1.038934
0.725708,0.702660,0.063895,0.015869,34.423409,0.681000,107.867661,1.623566,25.449898,1.045441
0.918579,0.724252,0.306947,0.017144,34.541534,0.774002,107.946404,1.630572,25.899891,1.034431
0.749512,0.726778,0.036241,0.017198,34.567421,0.778411,108.016762,1.641664,26.249886,1.025974
0.822144,0.736315,0.119219,0.017592,34.745037,0.928202,108.113716,1.669658,26.649879,0.999061
0.737305,0.736414,0.001406,0.017509,34.760281,0.917993,108.187767,1.678084,26.999874,0.987831
0.894775,0.743651,inf,0.017734,34.817909,0.946143,108.290253,1.696481,27.399868,0.973128
0.882568,0.757543,0.471195,0.018513,34.878662,0.971703,108.398705,1.729984,27.849861,0.941297
0.749512,0.756740,-0.020157,0.018370,34.949646,1.015197,108.489388,1.757333,28.199856,0.909769
1.039429,0.785008,0.706211,0.019694,34.961697,0.994872,108.592422,1.786459,28.599850,0.880862
0.773926,0.783900,-0.022280,0.019534,35.020611,1.022076,108.693077,1.814443,28.999844,0.851662
0.701294,0.775640,-0.137249,0.018975,35.028564,0.998215,108.794479,1.827228,29.399837,0.838336
0.689087,0.766984,-0.109111,0.018344,35.075413,1.013808,108.893784,1.834645,29.799831,0.831644
1.051636,0.790636,inf,0.019683,35.063175,0.970207,108.983505,1.833305,30.049828,0.829951
0.942993,0.805872,0.507654,0.020428,35.112915,0.984422,109.104004,1.878015,30.049828,0.789243
1.051636,0.830448,0.614749,0.021697,35.170940,1.010397,109.205803,1.906368,30.049828,0.762558
0.967407,0.844144,0.227367,0.022443,35.225613,1.028947,109.308662,1.926233,30.049828,0.740138
1.124268,0.872156,0.351199,0.024075,35.279926,1.050827,109.411980,1.960255,30.049828,0.705684
1.003418,0.885283,0.164556,0.024685,35.345623,1.088030,109.505440,1.986194,30.049828,0.681050
0.580444,0.851313,-1.511632,0.022340,35.422829,1.127551,109.623230,1.998616,30.049828,0.669714
0.749512,0.841133,-0.342836,0.021665,35.411983,1.081776,109.734291,1.998635,30.049828,0.667508
0.858154,0.842835,0.034041,0.021663,35.564240,1.192665,109.851280,2.006357,30.049828,0.659883
0.822144,0.840766,-0.034360,0.021440,35.533062,1.124836,109.968201,2.027374,30.049828,0.636348
1.076050,0.864295,0.336273,0.022802,35.659733,1.214078,110.074821,2.050930,30.049828,0.616035
1.051636,0.904284,inf,0.024954,35.660732,1.178746,110.190697,2.088149,30.049828,0.581837
0.822144,0.896070,-0.411959,0.024372,35.655106,1.137043,110.316811,2.126443,30.049828,0.542756
0.797729,0.886236,-0.245802,0.023636,35.722923,1.164565,110.430893,2.121677,30.049828,0.545875
0.822144,0.879827,-0.128067,0.023162,35.724098,1.128589,110.549416,2.133623,30.049828,0.529716
0.786133,0.870457,-0.187328,0.022525,35.852932,1.229783,110.655365,2.158434,30.049828,0.508828
0.604248,0.843836,-0.440576,0.020935,35.848309,1.182267,110.776726,2.146261,30.049828,0.516241
0.689087,0.828361,-0.221764,0.019974,36.089813,1.382790,110.904755,2.154043,30.049828,0.507602
0.592651,0.794453,-inf,0.017811,36.104347,1.352820,111.044693,2.176394,30.049828,0.492857
0.483398,0.763347,-1.567500,0.015780,36.238663,1.441634,111.187859,2.189836,30.049828,0.477331
0.676880,0.754701,-0.216549,0.015221,36.255165,1.407288,111.344467,2.197073,30.049828,0.464755
0.701294,0.749360,-0.089034,0.014811,36.411343,1.510421,111.493004,2.208164,30.049828,0.455864
0.616455,0.736070,-0.166181,0.013906,36.377934,1.430892,111.637749,2.225392,30.049828,0.443874
0.459595,0.690076,-inf,0.011046,36.419357,1.426403,111.768059,2.219621,30.049828,0.449151
0.422974,0.663366,-0.903198,0.009323,36.455368,1.412322,111.921516,2.212521,30.049828,0.451028
0.653076,0.662337,-0.025553,0.009219,36.552830,1.463746,112.066284,2.219672,30.049828,0.444292
0.435181,0.639621,-0.378002,0.007754,36.545002,1.403180,112.212845,2.212877,30.049828,0.449536
0.471802,0.622839,-0.239161,0.006666,36.668648,1.481009,112.341866,2.200901,30.049828,0.464006
0.556030,0.616682,-0.340687,0.006215,36.865406,1.621501,112.513748,2.226528,30.049828,0.442055
0.713501,0.626364,0.487384,0.006723,36.890953,1.601889,112.658905,2.254700,30.049828,0.414508
0.628662,0.626594,0.007660,0.006701,37.016106,1.674195,112.841400,2.308857,30.049828,0.359155
0.616455,0.625580,-0.025106,0.006611,37.104111,1.708984,113.008942,2.339241,30.049828,0.327326
0.326538,0.595676,-0.597510,0.004923,37.174496,1.724501,113.180130,2.358244,30.049828,0.306514
0.495605,0.585669,-0.167657,0.004343,37.248909,1.744107,113.350639,2.371933,30.049828,0.291420
0.229492,0.550051,-0.445605,0.002085,37.257538,1.697430,113.522812,2.376109,30.049828,0.285369
0.350952,0.530141,-0.249685,0.000971,37.361301,1.752660,113.678513,2.387156,30.049828,0.282617
0.253906,0.481996,-inf,-0.001711,37.467598,1.801152,113.858521,2.398468,30.049828,0.264541
0.556030,0.489400,inf,-0.001292,37.517208,1.801498,114.016586,2.404329,30.049828,0.258583
0.495605,0.490020,inf,-0.001254,37.674667,1.906025,114.204079,2.458777,30.049828,0.212478
0.520020,0.493020,0.151001,-0.001081,37.723568,1.894818,114.410210,2.504113,30.049828,0.165166
0.278320,0.471550,-0.536790,-0.002412,37.762875,1.866032,114.599335,2.505594,30.049828,0.159489
0.253906,0.449786,-0.363030,-0.003767,37.900803,1.942486,114.790077,2.515725,30.049828,0.152830
0.520020,0.456809,0.100909,-0.003359,37.877625,1.857909,114.980392,2.536418,30.049828,0.132320
0.253906,0.423696,-inf,-0.005292,38.015850,1.927981,115.169228,2.527383,30.049828,0.137412
0.447388,0.426065,0.119337,-0.005117,37.958576,1.811277,115.352959,2.529273,30.049828,0.138762
0.532227,0.436681,0.265404,-0.004501,38.044811,1.832318,115.551018,2.540336,30.049828,0.125245
0.483398,0.441353,0.077462,-0.004187,38.139023,1.859535,115.736732,2.540977,30.049828,0.124176
0.422974,0.439515,-0.023078,-0.004281,38.154251,1.816087,115.918137,2.551860,30.049828,0.111161
0.422974,0.447249,-inf,-0.003827,38.265583,1.867012,116.086868,2.556488,30.049828,0.106908
0.543823,0.456906,0.321594,-0.003204,38.292355,1.828074,116.286667,2.564313,30.049828,0.100445
0.278320,0.439047,-0.445362,-0.004301,38.466629,1.941770,116.456772,2.563293,30.049828,0.101846
0.435181,0.438661,-0.006446,-0.004301,38.554501,1.957273,116.676918,2.582185,30.049828,0.081017
0.809937,0.475788,0.530144,-0.002208,38.697277,2.035650,116.875793,2.627702,30.049828,0.039172
0.520020,0.480211,0.055260,-0.001921,38.682194,1.964415,117.055862,2.660232,30.049828,0.004713
0.664673,0.521796,inf,0.000403,38.791775,2.009158,117.256935,2.701902,29.699833,-0.034034
0.737305,0.543347,0.709493,0.001747,38.895790,2.039578,117.481560,2.740711,29.249840,-0.074587
0.809937,0.570006,0.908343,0.003210,38.992561,2.077882,117.668137,2.785119,28.899845,-0.118957
0.773926,0.590398,0.341884,0.004473,39.099083,2.100283,117.898911,2.813034,28.399853,-0.146835
0.809937,0.612352,0.363553,0.005675,39.147243,2.089712,118.088058,2.857403,28.049858,-0.191205
0.761719,0.636392,inf,0.007120,39.204762,2.072732,118.294235,2.869504,27.599865,-0.206010
1.003418,0.673094,1.237153,0.009367,39.258293,2.052295,118.520203,2.906800,27.149872,-0.238483
1.039429,0.709728,0.908657,0.011363,39.263584,1.992713,118.723877,2.955706,26.749878,-0.288753
1.076050,0.746360,0.732292,0.013342,39.259155,1.926735,118.915993,2.992373,26.349884,-0.330237
0.930786,0.764803,0.365367,0.014300,39.288040,1.902246,119.089249,3.022742,25.999889,-0.359185
1.039429,0.792265,0.460712,0.015748,39.272995,1.835233,119.274536,3.062895,25.649895,-0.392312
0.882568,0.801296,0.149686,0.016123,39.292397,1.796484,119.457993,3.073869,25.249901,-0.409470
0.882568,0.809423,0.102186,0.016545,39.268639,1.716804,119.633224,3.072422,24.849907,-0.403357
0.942993,0.822780,0.148360,0.017211,39.208141,1.609932,119.799278,3.086832,24.499912,-0.418544
0.858154,0.834939,0.129044,0.017677,39.234184,1.579288,119.973763,3.065056,24.049919,-0.399083
0.737305,0.825176,-0.325547,0.017046,39.288311,1.582988,120.132469,3.044058,23.649925,-0.379718
0.955200,0.838178,0.324623,0.017684,39.452820,1.694936,120.298225,3.031158,23.249931,-0.368299
1.015625,0.855923,0.354709,0.018580,39.457596,1.646998,120.464043,3.031346,22.849937,-0.368876
1.112061,0.881537,0.512009,0.019911,39.527485,1.670308,120.615105,3.043173,22.499943,-0.378250
1.039429,0.897326,0.224400,0.020797,39.549278,1.633605,120.779778,3.028400,22.049950,-0.365901
1.112061,0.932687,inf,0.022656,39.627892,1.659744,120.944908,3.033458,21.649956,-0.369522
1.245117,0.963930,1.568504,0.024281,39.653469,1.633800,121.123398,3.057346,21.249962,-0.388098
1.112061,0.978743,0.502051,0.024978,39.667603,1.597314,121.283646,3.068006,20.849968,-0.398199
1.112061,0.992075,0.331420,0.025598,39.717384,1.596582,121.443871,3.070234,20.449974,-0.409191
1.039429,0.996810,0.094052,0.025733,39.742744,1.571289,121.604622,3.069462,20.049980,-0.405320
1.063843,1.003514,0.111745,0.025976,39.745029,1.530484,121.760078,3.081836,19.699986,-0.418485
0.930786,0.996241,-0.120421,0.025482,39.761639,1.499298,121.911926,3.064268,19.299992,-0.396901
1.148682,1.011485,0.216736,0.026306,39.743816,1.435514,122.043175,3.037452,18.899998,-0.375381
1.100464,1.020383,0.110637,0.026670,39.748547,1.401349,122.184372,3.041442,18.550003,-0.379186
1.184692,1.021170,inf,0.026461,39.778610,1.387724,122.322380,3.006181,18.150009,-0.342771
1.076050,1.026658,inf,0.026603,39.825363,1.395939,122.461967,3.016650,17.800014,-0.348548
1.112061,1.035198,0.287784,0.027001,39.872433,1.394238,122.613670,2.993736,17.350021,-0.332558
0.846558,1.016334,-0.467221,0.025815,39.878929,1.357403,122.751678,2.972531,16.950027,-0.309349
1.112061,1.025906,0.191667,0.026219,39.890244,1.331718,122.885139,2.964354,16.600033,-0.296443
0.846558,1.007972,-0.298756,0.025091,39.922791,1.317726,123.016495,2.916095,16.150040,-0.257416
0.918579,0.999032,-0.111240,0.024407,39.923595,1.278270,123.144508,2.882679,15.750041,-0.223482
0.894775,0.988607,-0.148921,0.023764,39.945011,1.265104,123.256691,2.855072,15.400040,-0.188358
0.979004,0.987881,-inf,0.023488,39.974648,1.255141,123.382103,2.830200,15.000038,-0.159685
1.015625,0.990655,inf,0.023509,40.017433,1.263254,123.507828,2.824973,14.650037,-0.164356
0.894775,0.981067,-0.319236,0.022792,40.078987,1.279739,123.647743,2.799065,14.200035,-0.134642
0.918579,0.974818,-0.157290,0.022290,40.079559,1.240274,123.761917,2.761956,13.800034,-0.094348
1.148682,0.992205,0.290096,0.023148,40.101665,1.218519,123.897987,2.742980,13.350032,-0.080757
0.942993,0.987284,-0.061558,0.022724,40.164829,1.242885,124.020905,2.725407,12.950030,-0.062720
1.027832,0.991338,0.050850,0.022835,40.199799,1.243741,124.132172,2.716299,12.600029,-0.048860
0.930786,0.996148,-inf,0.022870,40.216579,1.221826,124.255318,2.709280,12.200027,-0.043951
0.955200,0.992053,-0.136379,0.022500,40.196018,1.158925,124.386665,2.680740,11.750026,-0.020037
0.942993,0.987147,-0.121544,0.022080,40.181870,1.109028,124.488983,2.645020,11.850026,0.016764
1.172485,1.005681,0.310101,0.023123,40.166969,1.055813,124.597023,2.611820,12.300028,0.052461
1.148682,1.019981,0.178209,0.023905,40.179081,1.035091,124.701836,2.599316,12.700029,0.063023
1.148682,1.047675,0.564649,0.025278,40.184483,1.004726,124.813011,2.582133,13.150031,0.083036
1.124268,1.055334,0.257175,0.025575,40.200607,0.989520,124.913422,2.566992,13.550033,0.094180
1.088257,1.058627,0.065549,0.025654,40.211956,0.966468,125.011078,2.533777,14.000034,0.126252
1.051636,1.057928,-0.011624,0.025487,40.201714,0.926816,125.105125,2.509931,14.400036,0.145791
1.063843,1.058519,0.007443,0.025397,40.149605,0.847199,125.193031,2.482042,14.800037,0.180220
1.257324,1.078400,0.248150,0.026380,40.138496,0.813503,125.267899,2.468855,15.150039,0.113409
1.160889,1.095116,inf,0.027041,40.133823,0.784407,125.346703,2.444821,15.350039,-0.016725
1.027832,1.088388,-0.339922,0.026531,40.138420,0.765594,125.429558,2.423540,14.950038,-0.322395
1.003418,1.079891,-0.216319,0.025872,40.153206,0.753872,125.505531,2.374509,14.500036,-0.595883
1.076050,1.079507,-0.006375,0.025718,40.140499,0.715673,125.578728,2.329098,14.050035,-0.927937
1.112061,1.082762,0.054235,0.025770,40.141460,0.697513,125.642136,2.306447,13.700033,-1.057303
1.184692,1.092955,0.127465,0.026278,40.143562,0.678330,125.710930,2.284304,13.300032,-1.318347
1.184692,1.103848,inf,0.026620,40.160465,0.674409,125.778625,2.259147,12.900030,-1.893236
1.124268,1.105890,0.069010,0.026614,40.169643,0.660621,125.851357,2.234128,12.450028,-2.702316
1.051636,1.100465,-0.178904,0.026178,40.174755,0.648137,125.910355,2.214038,12.100027,-3.023641
1.076050,1.098023,-0.060840,0.025925,40.167789,0.621614,125.980026,2.191458,11.700026,-3.447400
0.979004,1.086121,-0.238981,0.025137,40.159672,0.594975,126.040268,2.158992,11.300024,-3.811728
1.051636,1.082673,-0.057204,0.024795,40.161060,0.578349,126.093239,2.122005,10.900023,-4.077945
0.979004,1.072306,-0.147765,0.024096,40.153111,0.553113,126.149521,2.088596,10.500021,-4.430748
1.076050,1.047968,0.156628,0.022338,40.148930,0.530223,126.208641,2.037690,10.050019,-4.647714
1.039429,1.047114,-0.028806,0.022179,40.150436,0.515701,126.260788,2.012602,9.650018,-4.628117
1.076050,1.050008,0.057901,0.022250,40.148453,0.496237,126.311356,1.978029,9.200016,-4.593779
1.063843,1.051391,0.019778,0.022225,40.148529,0.481306,126.360199,1.954528,8.800014,-4.569895
1.209106,1.067163,0.225143,0.022990,40.158390,0.476469,126.403503,1.935542,8.400013,-4.550649
1.160889,1.079533,inf,0.023470,40.154106,0.457933,126.450043,1.916564,8.000011,-4.530806
1.039429,1.075522,-inf,0.023152,40.149460,0.441403,126.494705,1.908084,7.650010,-4.522136
1.232910,1.091261,0.788915,0.023911,40.137833,0.416621,126.542175,1.888347,7.250009,-4.502271
1.063843,1.088519,-0.137683,0.023655,40.149849,0.417443,126.584290,1.882745,6.900007,-4.496663
0.822144,1.061882,-0.875228,0.021872,40.154240,0.409366,126.621544,1.850388,6.500006,-4.466563
1.160889,1.071782,0.247598,0.022257,40.163006,0.405721,126.666321,1.823679,6.100004,-4.438734
0.942993,1.058903,-0.426920,0.021346,40.169804,0.403279,126.694969,1.808280,5.800003,-4.423779
1.112061,1.064219,0.105499,0.021506,40.179447,0.399121,126.743301,1.785943,5.350001,-4.401100
0.894775,1.047275,-0.242059,0.020458,40.176643,0.384360,126.786407,1.764328,4.950000,-4.380333
0.906982,1.033245,-0.200124,0.019654,40.165642,0.363456,126.823639,1.741568,4.599998,-4.357285
1.100464,1.039967,0.096372,0.019927,40.160561,0.347593,126.855675,1.718976,4.199997,-4.334154
0.991211,1.035092,-0.054153,0.019521,40.157585,0.335649,126.889488,1.703005,3.849997,-4.318536
1.124268,1.033523,inf,0.019311,40.158882,0.327002,126.922287,1.674462,3.449997,-4.289411
1.015625,1.031733,-inf,0.019125,40.160889,0.320410,126.954819,1.668361,3.099997,-4.282318
0.942993,1.022859,-0.297597,0.018477,40.158264,0.307190,126.989189,1.643112,2.649998,-4.258521
1.124268,1.033000,0.203267,0.019015,40.158665,0.297357,127.019463,1.618533,2.199998,-4.233374
1.160889,1.045789,0.317145,0.019634,40.158653,0.290747,127.042953,1.613319,1.899998,-4.227935
1.172485,1.058459,0.253764,0.020169,40.160110,0.283667,127.074249,1.608619,1.499999,-4.223270
1.136475,1.066260,0.111516,0.020554,40.157963,0.272184,127.102234,1.595385,1.049999,-4.210199
1.257324,1.097124,inf,0.022155,40.164059,0.270192,127.129379,1.590024,0.649999,-4.203785
1.281738,1.115586,inf,0.022968,40.150269,0.250031,127.154282,1.591369,0.299999,-4.204955
1.196899,1.123717,inf,0.023259,40.151417,0.244866,127.179024,1.594035,0.049999,-4.208254
1.172485,1.128594,0.162556,0.023448,40.163437,0.248724,127.206413,1.585236,0.049999,-4.199725
1.112061,1.126940,-0.041362,0.023228,40.163769,0.242094,127.227997,1.572216,0.049999,-4.187113
1.209106,1.135157,0.135967,0.023570,40.159672,0.230379,127.253731,1.561629,0.049999,-4.176144
1.184692,1.140111,0.070777,0.023727,40.160091,0.225033,127.276558,1.558362,0.049999,-4.172950
1.269531,1.153053,0.184710,0.024328,40.156673,0.215353,127.296303,1.553300,0.049999,-4.167606
1.305542,1.172248,inf,0.025177,40.153648,0.206267,127.317673,1.546852,0.049999,-4.161425
1.305542,1.172248,inf,0.025177,40.153648,0.206267,127.317673,1.546852,0.049999,-4.161425
1.305542,1.172248,inf,0.025177,40.153648,0.206267,127.317673,1.546852,0.049999,-4.161425
1.305542,1.172248,inf,0.025177,40.153648,0.206267,127.317673,1.546852,0.049999,-4.161425
1.305542,1.172248,inf,0.025177,40.153648,0.206267,127.317673,1.546852,0.049999,-4.161425
1.305542,1.172248,inf,0.025177,40.153648,0.206267,127.317673,1.546852,0.049999,-4.161425
1.305542,1.172248,inf,0.025177,40.153648,0.206267,127.317673,1.546852,0.049999,-4.161425
1.305542,1.172248,inf,0.025177,40.153648,0.206267,127.317673,1.546852,0.049999,-4.161425
1.305542,1.172248,inf,0.025177,40.153648,0.206267,127.317673,1.546852,0.049999,-4.161425
1.305542,1.172248,inf,0.025177,40.153648,0.206267,127.317673,1.546852,0.049999,-4.161425
1.305542,1.172248,inf,0.025177,40.153648,0.206267,127.317673,1.546852,0.049999,-4.161425
1.305542,1.172248,inf,0.025177,40.153648,0.206267,127.317673,1.546852,0.049999,-4.161425
1.305542,1.172248,inf,0.025177,40.153648,0.206267,127.317673,1.546852,0.049999,-4.161425
1.305542,1.172248,inf,0.025177,40.153648,0.206267,127.317673,1.546852,0.049999,-4.161425
1.305542,1.172248,inf,0.025177,40.153648,0.206267,127.317673,1.546852,0.049999,-4.161425
1.305542,1.172248,inf,0.025177,40.153648,0.206267,127.317673,1.546852,0.049999,-4.161425
1.305542,1.172248,inf,0.025177,40.153648,0.206267,127.317673,1.546852,0.049999,-4.161425
1.305542,1.172248,inf,0.025177,40.153648,0.206267,127.317673,1.546852,0.049999,-4.161425
1.305542,1.172248,inf,0.025177,40.153648,0.206267,127.317673,1.546852,0.049999,-4.161425
1.305542,1.172248,inf,0.025177,40.153648,0.206267,127.317673,1.546852,0.049999,-4.161425
