0.035400,0.003540,0.060202,0.001806,-0.000610,-0.000579,-0.000006,-0.000005,0.000000,0.000000
-0.037231,-0.000537,-0.050975,0.000223,-0.001830,-0.000856,-0.000063,0.001016,0.000000,0.000000
-0.266724,-0.027156,-0.331012,-0.009714,-0.002824,-0.001831,-0.000031,0.000560,0.000000,0.000000
-0.327148,-0.057155,-0.376913,-0.020730,-0.003950,-0.005455,-0.000244,-0.007986,0.000000,0.000000
-0.545044,-0.142218,-0.559480,-0.050950,-0.004234,-0.018634,-0.001856,-0.046525,0.000000,0.000000
-0.496826,-0.177679,-0.443260,-0.062719,-0.000175,-0.025810,-0.003466,-0.076704,0.000000,0.000000
-0.593262,-0.219237,-0.519504,-0.076423,0.002919,-0.034447,-0.005908,-0.109140,0.000000,0.000000
-0.520630,-0.249377,-0.376722,-0.085432,0.002637,-0.047045,-0.009300,-0.145100,0.000000,0.000000
-0.665894,-0.321978,-0.477631,-0.107221,0.001422,-0.070554,-0.018844,-0.215558,0.000000,0.000000
-0.738525,-0.363633,-0.520710,-0.119626,0.002336,-0.081618,-0.024750,-0.252445,0.000000,0.000000
-0.932007,-0.420470,-0.710432,-0.137350,0.001571,-0.094589,-0.031610,-0.291532,0.000000,0.000000
-0.822754,-0.460699,-0.502880,-0.148316,0.003109,-0.107090,-0.039477,-0.336789,0.000000,0.000000
-0.762329,-0.538718,-0.310587,-0.168209,0.004543,-0.132591,-0.058461,-0.429466,0.000000,0.000000
-0.847168,-0.569563,-0.385544,-0.174729,0.005233,-0.143104,-0.069449,-0.471276,0.000000,0.000000
-0.665894,-0.579196,-0.120420,-0.173100,0.002575,-0.155080,-0.081371,-0.510523,0.000000,0.000000
-0.701904,-0.591467,-0.152689,-0.172487,0.004349,-0.159571,-0.093937,-0.541348,0.000000,0.000000
-0.726318,-0.619231,-0.148876,-0.172552,0.007799,-0.163361,-0.120000,-0.589620,0.000000,0.000000
-0.726318,-0.629940,-0.133866,-0.171391,0.007336,-0.165962,-0.133338,-0.609266,0.000000,0.000000
-0.932007,-0.660146,-0.377528,-0.177575,0.004334,-0.169270,-0.146980,-0.626462,0.000000,0.000000
-0.605469,-0.654679,0.068351,-0.170198,0.004010,-0.171282,-0.160815,-0.647738,0.000000,0.000000
-0.907593,-0.678782,-0.317793,-0.169193,-0.001273,-0.172602,-0.188429,-0.669735,0.000000,0.000000
-0.617676,-0.672671,0.076383,-0.161825,-0.001875,-0.173237,-0.201937,-0.683337,0.000000,0.000000
-0.653687,-0.670773,0.023732,-0.156259,-0.000426,-0.169481,-0.215381,-0.690929,0.000000,0.000000
-0.678101,-0.671506,-0.009159,-0.151846,-0.000593,-0.166082,-0.228674,-0.695522,0.000000,0.000000
-0.678101,-0.686876,0.012188,-0.148452,0.005766,-0.155035,-0.254202,-0.705520,0.000000,0.000000
-0.762329,-0.694421,-0.094321,-0.146828,0.004794,-0.153317,-0.266680,-0.709907,0.000000,0.000000
-0.678101,-0.692789,0.020400,-0.141811,0.003219,-0.152158,-0.279042,-0.715158,0.000000,0.000000
-0.629272,-0.686438,0.079400,-0.135175,0.002333,-0.148827,-0.291323,-0.718262,0.000000,0.000000
-0.726318,-0.683139,-0.060067,-0.126047,-0.001640,-0.141070,-0.315016,-0.715595,0.000000,0.000000
-0.593262,-0.674151,0.112346,-0.118895,-0.002180,-0.136496,-0.326242,-0.714807,0.000000,0.000000
-0.629272,-0.669663,0.056100,-0.113646,-0.000057,-0.128669,-0.337016,-0.711182,0.000000,0.000000
-0.786743,-0.681371,-0.146328,-0.114626,0.000462,-0.122932,-0.347263,-0.706875,0.000000,0.000000
-0.714111,-0.697370,-0.023251,-0.113692,-0.001306,-0.119490,-0.366887,-0.711424,0.000000,0.000000
-0.750122,-0.702645,-0.065944,-0.112260,-0.003204,-0.119326,-0.376409,-0.714842,0.000000,0.000000
-0.689697,-0.701350,0.016183,-0.108406,-0.004292,-0.118840,-0.385729,-0.718660,0.000000,0.000000
-0.460205,-0.677236,0.301446,-0.096111,0.000469,-0.112835,-0.394698,-0.720642,0.000000,0.000000
-0.557251,-0.653340,0.133457,-0.081619,0.007013,-0.097965,-0.411339,-0.705681,0.000000,0.000000
-0.847168,-0.672723,-0.242285,-0.086439,0.006912,-0.092480,-0.419131,-0.696127,0.000000,0.000000
-0.726318,-0.678082,-0.066992,-0.085855,0.006148,-0.090723,-0.426620,-0.695070,0.000000,0.000000
-0.629272,-0.673201,0.061015,-0.081449,0.003351,-0.090424,-0.434168,-0.696000,0.000000,0.000000
-0.750122,-0.692211,-0.080034,-0.083611,0.000699,-0.087165,-0.448678,-0.697994,0.000000,0.000000
-0.629272,-0.685917,0.079074,-0.078730,0.001778,-0.085605,-0.455405,-0.701673,0.000000,0.000000
-0.678101,-0.685135,0.009770,-0.076075,0.001028,-0.084739,-0.462077,-0.702280,0.000000,0.000000
-0.641479,-0.680770,0.054572,-0.072156,0.007655,-0.077240,-0.468388,-0.702166,0.000000,0.000000
-0.545044,-0.663661,0.164746,-0.061520,0.007144,-0.073973,-0.480485,-0.698248,0.000000,0.000000
-0.701904,-0.667485,-0.047804,-0.061109,0.007709,-0.069457,-0.486293,-0.692466,0.000000,0.000000
-0.411987,-0.641936,0.319389,-0.049694,0.007537,-0.066328,-0.491908,-0.689432,0.000000,0.000000
-0.532837,-0.631026,0.136366,-0.044112,0.005242,-0.062731,-0.497167,-0.679327,0.000000,0.000000
-0.678101,-0.625798,-0.072640,-0.039668,0.003395,-0.053456,-0.506222,-0.657367,0.000000,0.000000
-0.641479,-0.627366,-0.019603,-0.039066,0.007992,-0.046427,-0.509936,-0.650826,0.000000,0.000000
-0.726318,-0.637261,-0.123685,-0.041605,0.009385,-0.043304,-0.513438,-0.646562,0.000000,0.000000
-0.714111,-0.644946,-0.096043,-0.043238,0.008728,-0.043302,-0.516926,-0.646555,0.000000,0.000000
-0.568848,-0.626148,0.079583,-0.033772,0.009004,-0.041346,-0.523755,-0.646621,0.000000,0.000000
-0.701904,-0.633723,-0.094356,-0.035590,0.007431,-0.040504,-0.527011,-0.643058,0.000000,0.000000
-0.629272,-0.633278,0.005584,-0.034355,0.007210,-0.039665,-0.530086,-0.642715,0.000000,0.000000
-0.545044,-0.624455,0.110288,-0.030015,0.006375,-0.039086,-0.533134,-0.642323,0.000000,0.000000
-0.581055,-0.607530,0.036765,-0.022052,0.005623,-0.033567,-0.538817,-0.632796,0.000000,0.000000
-0.520630,-0.598840,0.108630,-0.018131,0.009152,-0.027945,-0.541052,-0.626967,0.000000,0.000000
-0.568848,-0.595840,0.037488,-0.016463,0.008770,-0.025511,-0.543139,-0.620151,0.000000,0.000000
-0.689697,-0.605226,-0.117327,-0.019489,0.007340,-0.024124,-0.545092,-0.614379,0.000000,0.000000
-0.545044,-0.605767,0.084337,-0.018457,0.009582,-0.020578,-0.548696,-0.614322,0.000000,0.000000
-0.496826,-0.594873,0.136176,-0.013818,0.011275,-0.017749,-0.550436,-0.613124,0.000000,0.000000
-0.545044,-0.589890,0.062289,-0.011535,0.009396,-0.017217,-0.552084,-0.608929,0.000000,0.000000
-0.545044,-0.585405,0.056055,-0.009507,0.009914,-0.014407,-0.553512,-0.604324,0.000000,0.000000
-0.581055,-0.597652,0.023053,-0.013379,0.006277,-0.015508,-0.555953,-0.600530,0.000000,0.000000
-0.557251,-0.593612,0.050504,-0.011463,0.007621,-0.013905,-0.557070,-0.600562,0.000000,0.000000
-0.593262,-0.593577,0.000438,-0.011106,0.008379,-0.012455,-0.558140,-0.599323,0.000000,0.000000
-0.605469,-0.594766,-0.014886,-0.011219,0.010179,-0.010517,-0.559055,-0.598324,0.000000,0.000000
-0.484619,-0.565104,0.111785,0.000334,0.020217,0.000271,-0.560409,-0.591103,0.000000,0.000000
-0.472412,-0.555835,0.115853,0.003799,0.021445,0.001961,-0.560491,-0.583318,0.000000,0.000000
-0.484619,-0.548713,0.089024,0.006356,0.036725,0.014391,-0.559608,-0.574301,0.000000,0.000000
-0.701904,-0.564033,-0.191479,0.000421,0.051503,0.024384,-0.558095,-0.565341,0.000000,0.000000
-0.460205,-0.554083,0.130497,0.004136,0.074302,0.032369,-0.554871,-0.562487,0.000000,0.000000
-0.447998,-0.543475,0.132613,0.007990,0.080140,0.028613,-0.552443,-0.558008,0.000000,0.000000
-0.641479,-0.553275,-0.122500,0.004075,0.102143,0.039918,-0.549516,-0.551256,0.000000,0.000000
-0.689697,-0.566917,-0.170536,-0.001163,0.139582,0.059780,-0.545465,-0.548564,0.000000,0.000000
-0.447998,-0.550860,0.142828,0.004874,0.180277,0.055188,-0.535607,-0.549949,0.000000,0.000000
-0.424194,-0.538193,0.158371,0.009479,0.185672,0.044634,-0.531687,-0.547107,0.000000,0.000000
-0.291138,-0.513488,0.308835,0.018460,0.202839,0.047016,-0.527721,-0.541236,0.000000,0.000000
-0.447998,-0.506939,0.081858,0.020362,0.223373,0.054378,-0.523418,-0.529397,0.000000,0.000000
-0.532837,-0.499884,-0.045766,0.021684,0.318347,0.108787,-0.511245,-0.505936,0.000000,0.000000
-0.363770,-0.486273,0.170152,0.026138,0.394905,0.146315,-0.501165,-0.495929,0.000000,0.000000
-0.254517,-0.463097,0.289652,0.034043,0.455800,0.157562,-0.488284,-0.482677,0.000000,0.000000
-0.351562,-0.451944,0.139425,0.037205,0.518523,0.170832,-0.474798,-0.465932,0.000000,0.000000
-0.242920,-0.414371,0.238127,0.048887,0.573726,0.144256,-0.450480,-0.436669,0.000000,0.000000
-0.303345,-0.403269,0.138783,0.051584,0.608145,0.140828,-0.438280,-0.420192,0.000000,0.000000
-0.170288,-0.379971,0.291240,0.058773,0.602403,0.109660,-0.428474,-0.407271,0.000000,0.000000
-0.145874,-0.356561,0.292606,0.065788,0.605926,0.096687,-0.420148,-0.392372,0.000000,0.000000
-0.206299,-0.328011,0.169037,0.072438,0.665255,0.122755,-0.402201,-0.357135,0.000000,0.000000
-0.303345,-0.325545,0.030832,0.071189,0.706837,0.140496,-0.391281,-0.339562,0.000000,0.000000
-0.278931,-0.320883,0.058270,0.070802,0.703995,0.116714,-0.380858,-0.327037,0.000000,0.000000
-0.122070,-0.301002,0.248528,0.076134,0.705774,0.103503,-0.371881,-0.318003,0.000000,0.000000
0.264893,-0.203260,0.650277,0.107774,0.711969,0.095454,-0.355316,-0.284279,0.000000,0.000000
0.095825,-0.173351,0.373856,0.115757,0.691350,0.081154,-0.348056,-0.254028,0.000000,0.000000
0.047607,-0.151255,0.276212,0.120570,0.667689,0.073807,-0.342295,-0.225063,0.000000,0.000000
0.131836,-0.122946,0.353811,0.127567,0.645330,0.069037,-0.336476,-0.198131,0.000000,0.000000
0.397949,-0.023976,0.585978,0.156556,0.587235,0.062321,-0.325997,-0.136791,0.000000,0.000000
0.397949,-0.023976,0.585978,0.156556,0.587235,0.062321,-0.325997,-0.136791,0.000000,0.000000
0.313110,0.044465,0.373390,0.172533,0.562159,0.092236,-0.312306,-0.057808,0.000000,0.000000
0.337524,0.073771,0.366343,0.178347,0.527671,0.088602,-0.305187,-0.021237,0.000000,0.000000
0.555420,0.169624,0.535828,0.203155,0.358613,0.024421,-0.298102,0.047814,0.000000,0.000000
0.651855,0.217847,0.602790,0.215144,0.297660,0.030270,-0.296418,0.085947,0.000000,0.000000
0.494995,0.245562,0.346418,0.219082,0.232778,0.032176,-0.293719,0.127896,0.000000,0.000000
0.518799,0.272885,0.341563,0.222756,0.196147,0.057857,-0.289882,0.166534,0.000000,0.000000
0.543213,0.332927,0.292049,0.231695,0.146394,0.115903,-0.277364,0.241207,0.000000,0.000000
0.313110,0.330945,-0.024774,0.224000,0.133940,0.138432,-0.266491,0.277629,0.000000,0.000000
0.506592,0.348510,0.219547,0.223867,0.105051,0.142197,-0.255687,0.302419,0.000000,0.000000
0.446167,0.358276,0.122078,0.220813,0.073999,0.141168,-0.244295,0.325472,0.000000,0.000000
0.482788,0.385174,0.135575,0.217669,0.015550,0.142554,-0.222032,0.362341,0.000000,0.000000
0.361938,0.382850,-0.029044,0.210267,-0.015199,0.140376,-0.210816,0.378241,0.000000,0.000000
0.264893,0.371055,-0.147455,0.199536,-0.007249,0.169328,-0.198721,0.389432,0.000000,0.000000
0.361938,0.370143,-0.011395,0.193208,-0.002309,0.182491,-0.184567,0.395276,0.000000,0.000000
0.422363,0.386602,0.049666,0.187821,-0.010498,0.180057,-0.155019,0.406297,0.000000,0.000000
0.591431,0.407085,0.256049,0.189868,0.005308,0.194318,-0.139751,0.412654,0.000000,0.000000
0.603638,0.426740,0.245679,0.191542,0.000186,0.189999,-0.124712,0.423061,0.000000,0.000000
0.651855,0.449251,0.250120,0.193299,-0.006064,0.183929,-0.107512,0.437769,0.000000,0.000000
0.531006,0.457427,0.102192,0.190566,-0.037699,0.161735,-0.093989,0.452064,0.000000,0.000000
0.422363,0.461641,-0.054494,0.180789,-0.033403,0.176199,-0.065935,0.476603,0.000000,0.000000
0.337524,0.449230,-0.155338,0.170705,-0.062604,0.153398,-0.052805,0.482599,0.000000,0.000000
0.687866,0.473093,0.298281,0.174533,-0.101287,0.128152,-0.041947,0.481209,0.000000,0.000000
0.555420,0.496316,0.082078,0.172739,-0.214585,0.078336,-0.027571,0.491551,0.000000,0.000000
0.446167,0.491301,-0.062689,0.165676,-0.274315,0.056858,-0.021998,0.497425,0.000000,0.000000
0.687866,0.510958,0.245694,0.168077,-0.342702,0.034984,-0.018819,0.498112,0.000000,0.000000
0.482788,0.508141,-0.035214,0.161978,-0.390903,0.035780,-0.016026,0.504240,0.000000,0.000000
0.603638,0.517690,0.119364,0.160699,-0.443594,0.030826,-0.013467,0.507480,0.000000,0.000000
0.458374,0.510760,-0.072759,0.148616,-0.562877,0.011965,-0.009991,0.514682,0.000000,0.000000
0.494995,0.509183,-0.019707,0.143566,-0.618962,0.007738,-0.009368,0.513997,0.000000,0.000000
0.216675,0.479932,-0.365618,0.128290,-0.671436,0.006146,-0.008956,0.512886,0.000000,0.000000
0.374146,0.469354,-0.132229,0.120475,-0.725945,-0.002349,-0.008678,0.503153,0.000000,0.000000
0.216675,0.440955,-0.311517,0.102744,-0.755424,0.042964,-0.006264,0.486730,0.000000,0.000000
0.168457,0.413706,-0.340287,0.089453,-0.778758,0.041082,-0.002668,0.475791,0.000000,0.000000
0.131836,0.385519,-0.352716,0.076188,-0.782002,0.054288,0.000858,0.459933,0.000000,0.000000
0.204468,0.339144,-0.187050,0.054649,-0.791812,0.058187,0.008961,0.417912,0.000000,0.000000
0.083618,0.313591,-0.319379,0.043428,-0.763039,0.080669,0.014586,0.398724,0.000000,0.000000
0.047607,0.286993,-0.332492,0.032150,-0.739006,0.087772,0.021722,0.378779,0.000000,0.000000
-0.049438,0.253350,-0.420523,0.018570,-0.717618,0.089574,0.028541,0.356585,0.000000,0.000000
-0.170288,0.176154,-0.481146,-0.011040,-0.646115,0.104471,0.042652,0.301813,0.000000,0.000000
-0.182495,0.140289,-0.448340,-0.024159,-0.575002,0.125022,0.052689,0.271985,0.000000,0.000000
-0.122070,0.114054,-0.327933,-0.033272,-0.494625,0.146864,0.063438,0.240927,0.000000,0.000000
-0.291138,0.073534,-0.506514,-0.047470,-0.422428,0.150777,0.075619,0.212436,0.000000,0.000000
-0.206299,0.009490,-0.299631,-0.068227,-0.260041,0.151848,0.102049,0.147129,0.000000,0.000000
-0.218506,-0.013310,-0.285062,-0.074732,-0.198523,0.132777,0.114146,0.115281,0.000000,0.000000
-0.291138,-0.041093,-0.347306,-0.082909,-0.156987,0.106383,0.123005,0.083581,0.000000,0.000000
-0.206299,-0.057613,-0.206484,-0.086617,-0.123643,0.077599,0.130044,0.051556,0.000000,0.000000
-0.254517,-0.101562,-0.212424,-0.097677,-0.065919,0.027851,0.139262,-0.006528,0.000000,0.000000
-0.158081,-0.107214,-0.070653,-0.096866,-0.015042,0.030419,0.141893,-0.033076,0.000000,0.000000
-0.387573,-0.135250,-0.350397,-0.104472,0.009738,0.010325,0.143971,-0.053827,0.000000,0.000000
-0.327148,-0.154440,-0.239885,-0.108534,0.071942,0.024310,0.146022,-0.076728,0.000000,0.000000
-0.291138,-0.187993,-0.143257,-0.114454,0.186634,0.033903,0.151058,-0.119750,0.000000,0.000000
-0.182495,-0.187443,0.006872,-0.110814,0.186741,-0.012122,0.152123,-0.139584,0.000000,0.000000
-0.363770,-0.205076,-0.220419,-0.114102,0.182851,-0.041990,0.149035,-0.156543,0.000000,0.000000
-0.387573,-0.223325,-0.228111,-0.117522,0.101807,-0.134291,0.142760,-0.176458,0.000000,0.000000
-0.303345,-0.236332,-0.093068,-0.115391,0.017005,-0.178994,0.115499,-0.221001,0.000000,0.000000
-0.230713,-0.235770,0.007023,-0.111719,0.058547,-0.124732,0.103302,-0.235314,0.000000,0.000000
-0.484619,-0.260655,-0.311108,-0.117701,0.056058,-0.121999,0.093153,-0.243572,0.000000,0.000000
-0.230713,-0.257661,0.037429,-0.113047,0.043945,-0.131327,0.083132,-0.256785,0.000000,0.000000
-0.242920,-0.256187,0.018425,-0.109103,0.009290,-0.152610,0.071227,-0.266632,0.000000,0.000000
-0.314941,-0.271745,-0.059995,-0.108368,0.099789,-0.048006,0.050234,-0.278109,0.000000,0.000000
-0.532837,-0.297854,-0.326386,-0.114908,0.145963,-0.034749,0.048796,-0.277418,0.000000,0.000000
-0.472412,-0.315310,-0.218187,-0.118007,0.133510,-0.066042,0.043823,-0.287623,0.000000,0.000000
-0.411987,-0.319506,-0.128441,-0.112674,0.135874,-0.088225,0.030881,-0.308951,0.000000,0.000000
-0.327148,-0.320270,-0.009554,-0.109581,0.136402,-0.094408,0.023348,-0.318195,0.000000,0.000000
-0.424194,-0.330663,-0.129897,-0.110190,0.131149,-0.102577,0.015239,-0.325347,0.000000,0.000000
-0.375366,-0.335133,-0.055883,-0.108561,0.127721,-0.107672,0.006807,-0.333738,0.000000,0.000000
-0.424194,-0.344039,-0.111320,-0.108644,0.127639,-0.108068,-0.001806,-0.341082,0.000000,0.000000
-0.242920,-0.331308,0.122760,-0.097482,0.126285,-0.108187,-0.019077,-0.353524,0.000000,0.000000
-0.194092,-0.317587,0.171463,-0.089413,0.126170,-0.104976,-0.027612,-0.353676,0.000000,0.000000
-0.327148,-0.318543,-0.011956,-0.087090,0.123401,-0.102365,-0.035949,-0.349480,0.000000,0.000000
-0.194092,-0.303631,0.152133,-0.076382,0.128409,-0.089077,-0.051443,-0.343302,0.000000,0.000000
-0.206299,-0.293898,0.121672,-0.070440,0.122708,-0.089542,-0.058708,-0.337167,0.000000,0.000000
-0.254517,-0.289960,0.049224,-0.066850,0.121922,-0.084555,-0.065624,-0.329660,0.000000,0.000000
-0.158081,-0.276772,0.164857,-0.059899,0.123342,-0.078167,-0.072075,-0.322860,0.000000,0.000000
-0.206299,-0.259043,0.073255,-0.049844,0.125850,-0.065398,-0.083425,-0.303334,0.000000,0.000000
-0.363770,-0.269515,-0.130907,-0.052276,0.124152,-0.061870,-0.088566,-0.294093,0.000000,0.000000
-0.170288,-0.259593,0.124040,-0.046987,0.120421,-0.061961,-0.093536,-0.290673,0.000000,0.000000
-0.278931,-0.261526,-0.024172,-0.046302,0.118993,-0.058494,-0.098374,-0.285177,0.000000,0.000000
-0.170288,-0.238753,0.095084,-0.035196,0.127590,-0.041501,-0.107076,-0.274324,0.000000,0.000000
-0.012817,-0.216159,0.282437,-0.025667,0.126221,-0.040241,-0.110517,-0.266336,0.000000,0.000000
-0.145874,-0.209131,0.087852,-0.022262,0.125280,-0.036945,-0.113497,-0.253592,0.000000,0.000000
-0.133667,-0.201584,0.094292,-0.018765,0.122730,-0.034366,-0.116409,-0.242510,0.000000,0.000000
-0.170288,-0.198455,0.039139,-0.017028,0.120984,-0.031353,-0.118960,-0.232210,0.000000,0.000000
-0.061646,-0.176801,0.159938,-0.008001,0.119762,-0.023754,-0.123324,-0.215174,0.000000,0.000000
-0.049438,-0.164064,0.159195,-0.002985,0.120949,-0.017777,-0.124999,-0.204944,0.000000,0.000000
-0.037231,-0.151381,0.158531,0.001861,0.122408,-0.011190,-0.126371,-0.193690,0.000000,0.000000
-0.122070,-0.148450,0.036641,0.002904,0.118537,-0.010996,-0.127164,-0.181548,0.000000,0.000000
0.108032,-0.117132,0.312739,0.014406,0.132564,0.004707,-0.126868,-0.162496,0.000000,0.000000
-0.206299,-0.126048,-0.111453,0.010630,0.134610,0.009920,-0.126440,-0.148444,0.000000,0.000000
-0.073242,-0.120768,0.066012,0.012292,0.136126,0.010973,-0.125538,-0.140950,0.000000,0.000000
0.108032,-0.097888,0.285986,0.020503,0.150616,0.022794,-0.123970,-0.133599,0.000000,0.000000
0.010986,-0.083739,0.131562,0.024556,0.185722,0.048807,-0.118715,-0.110400,0.000000,0.000000
-0.109863,-0.086351,-0.032657,0.022840,0.254631,0.097473,-0.112539,-0.097309,0.000000,0.000000
-0.097656,-0.087482,-0.014131,0.021731,0.346298,0.149086,-0.102145,-0.085575,0.000000,0.000000
-0.061646,-0.097789,0.050262,0.016750,0.643217,0.294780,-0.066781,-0.065755,0.000000,0.000000
0.047607,-0.083249,0.181757,0.021700,0.845012,0.371733,-0.038574,-0.052649,0.000000,0.000000
0.108032,-0.064121,0.239090,0.028222,1.077059,0.452078,-0.004168,-0.034107,0.000000,0.000000
-0.025024,-0.060211,0.048868,0.028841,1.238260,0.456152,0.032220,-0.013901,0.000000,0.000000
0.131836,-0.033500,0.229634,0.037060,1.416321,0.359215,0.097282,0.008672,0.000000,0.000000
0.180664,-0.012084,0.267702,0.043979,1.535559,0.354717,0.127187,0.019924,0.000000,0.000000
0.264893,0.015614,0.346242,0.053047,1.637178,0.340332,0.155931,0.033317,0.000000,0.000000
0.591431,0.073196,0.719726,0.073047,1.578108,0.207962,0.176630,0.044377,0.000000,0.000000
0.700073,0.181426,0.720308,0.108747,1.345532,-0.013979,0.188280,0.080955,0.000000,0.000000
0.664062,0.229689,0.603326,0.123585,1.148252,-0.136699,0.181184,0.105359,0.000000,0.000000
0.603638,0.267084,0.467388,0.133899,0.902126,-0.255789,0.163862,0.128759,0.000000,0.000000
0.797119,0.320088,0.662602,0.149760,0.729753,-0.273672,0.140991,0.152154,0.000000,0.000000
0.809326,0.369012,0.611525,0.163613,0.537341,-0.298882,0.116685,0.183285,0.000000,0.000000
0.820923,0.463609,0.496735,0.188797,0.308778,-0.204446,0.073455,0.266212,0.000000,0.000000
0.797119,0.496960,0.416914,0.195640,0.251538,-0.131519,0.059942,0.315069,0.000000,0.000000
0.724487,0.519713,0.284395,0.198303,0.207824,-0.067469,0.051947,0.363642,0.000000,0.000000
0.833130,0.574922,0.358604,0.206987,0.186498,0.053730,0.052465,0.452724,0.000000,0.000000
1.002197,0.617650,0.534120,0.216801,0.196556,0.107308,0.059328,0.495214,0.000000,0.000000
0.990601,0.654945,0.466171,0.224282,0.177322,0.125668,0.068413,0.539499,0.000000,0.000000
0.905762,0.680027,0.313533,0.226960,0.186605,0.162689,0.080168,0.583850,0.000000,0.000000
0.784912,0.690515,0.131101,0.224084,0.182277,0.178951,0.093770,0.623834,0.000000,0.000000
0.917969,0.732633,0.257414,0.226393,0.192140,0.209565,0.125085,0.686054,0.000000,0.000000
1.062622,0.765632,0.412507,0.231976,0.187171,0.210582,0.141888,0.713611,0.000000,0.000000
0.736694,0.762738,-0.036161,0.223932,0.180216,0.211017,0.158843,0.742927,0.000000,0.000000
1.051025,0.791567,0.360472,0.228028,0.174755,0.210480,0.175682,0.762436,0.000000,0.000000
0.966187,0.812769,0.213079,0.222456,0.147681,0.198056,0.208602,0.801000,0.000000,0.000000
0.905762,0.822069,0.116252,0.219270,0.141044,0.200797,0.224346,0.817215,0.000000,0.000000
1.051025,0.844964,0.286207,0.221278,0.154427,0.216337,0.241344,0.832368,0.000000,0.000000
0.917969,0.860977,0.079147,0.214096,0.056401,0.142212,0.271598,0.861891,0.000000,0.000000
1.111450,0.886025,0.313087,0.217066,-0.043566,0.083111,0.280056,0.868314,0.000000,0.000000
0.893555,0.886778,0.009413,0.210836,-0.179703,0.014412,0.283018,0.875927,0.000000,0.000000
0.905762,0.888676,0.023729,0.205223,-0.254077,0.013242,0.283927,0.879953,0.000000,0.000000
1.074829,0.907291,0.232703,0.206047,-0.355952,-0.009880,0.283277,0.882051,0.000000,0.000000
0.953979,0.904187,0.069159,0.192803,-0.503681,-0.000417,0.281250,0.891197,0.000000,0.000000
0.772705,0.891039,-0.164346,0.182089,-0.578254,-0.003650,0.281107,0.895023,0.000000,0.000000
0.748901,0.876825,-0.177678,0.171296,-0.721015,-0.060185,0.277115,0.890552,0.000000,0.000000
0.712280,0.860371,-0.205633,0.159988,-0.818943,-0.066119,0.270808,0.881379,0.000000,0.000000
0.651855,0.825092,-0.213861,0.138285,-0.798686,0.068024,0.270400,0.866503,0.000000,0.000000
0.555420,0.798125,-0.336749,0.124034,-0.768236,0.112389,0.278260,0.860413,0.000000,0.000000
0.639648,0.782277,-0.198329,0.114363,-0.760797,0.122640,0.287508,0.849086,0.000000,0.000000
0.724487,0.776498,-0.072241,0.108765,-0.721226,0.150088,0.299166,0.838345,0.000000,0.000000
0.446167,0.712692,-0.370155,0.078795,-0.619550,0.200786,0.326131,0.815012,0.000000,0.000000
0.397949,0.681218,-0.393408,0.064629,-0.509350,0.252058,0.345101,0.799447,0.000000,0.000000
0.301514,0.643247,-0.474653,0.048450,-0.341993,0.329029,0.369628,0.783613,0.000000,0.000000
-0.000610,0.578861,-0.804782,0.022853,-0.203078,0.357430,0.397472,0.763672,0.000000,0.000000
0.120239,0.477551,-0.496266,-0.015795,-0.054387,0.280101,0.448742,0.684787,0.000000,0.000000
0.144043,0.444200,-0.416906,-0.027829,-0.002358,0.235609,0.468628,0.638182,0.000000,0.000000
0.168457,0.416626,-0.344657,-0.037334,0.004466,0.162472,0.484066,0.591932,0.000000,0.000000
0.422363,0.417200,0.007172,-0.035998,-0.006644,0.095360,0.493519,0.546525,0.000000,0.000000
0.071411,0.340623,-0.373920,-0.062062,0.168652,0.154152,0.511543,0.478958,0.000000,0.000000
0.083618,0.314923,-0.321244,-0.069837,0.170766,0.091717,0.520919,0.444622,0.000000,0.000000
0.144043,0.297835,-0.213416,-0.074144,0.155976,0.032199,0.525339,0.408927,0.000000,0.000000
-0.085449,0.259506,-0.479561,-0.086307,0.207102,0.041300,0.528468,0.377959,0.000000,0.000000
-0.133667,0.197822,-0.460396,-0.104058,0.217852,-0.018211,0.529649,0.310108,0.000000,0.000000
0.023193,0.180359,-0.218278,-0.107485,0.206262,-0.053558,0.526703,0.273773,0.000000,0.000000
0.047607,0.167084,-0.165932,-0.109238,0.216047,-0.064091,0.522594,0.242239,0.000000,0.000000
-0.012817,0.149094,-0.224888,-0.112708,0.215147,-0.079080,0.516984,0.215020,0.000000,0.000000
0.120239,0.134877,-0.020332,-0.111236,0.216810,-0.096677,0.503114,0.167837,0.000000,0.000000
-0.122070,0.109183,-0.321169,-0.117534,0.214953,-0.102445,0.495076,0.151427,0.000000,0.000000
-0.073242,0.090940,-0.228040,-0.120849,0.214028,-0.107587,0.486611,0.131872,0.000000,0.000000
-0.037231,0.078123,-0.160207,-0.122030,0.215057,-0.110680,0.477856,0.112483,0.000000,0.000000
0.023193,0.068785,-0.063307,-0.118271,0.212310,-0.117493,0.459399,0.080962,0.000000,0.000000
-0.061646,0.055742,-0.163087,-0.119616,0.212006,-0.117863,0.449974,0.069707,0.000000,0.000000
0.168457,0.067013,0.140874,-0.111801,0.210733,-0.119168,0.440417,0.057814,0.000000,0.000000
-0.025024,0.057810,-0.114986,-0.111896,0.208942,-0.118464,0.430909,0.052955,0.000000,0.000000
0.083618,0.070349,0.018430,-0.100703,0.207460,-0.113990,0.412303,0.046108,0.000000,0.000000
0.168457,0.080160,0.122629,-0.094003,0.205407,-0.111691,0.403305,0.046190,0.000000,0.000000
-0.012817,0.070862,-0.116215,-0.094669,0.207802,-0.104531,0.394720,0.049552,0.000000,0.000000
0.023193,0.066095,-0.059584,-0.093617,0.208050,-0.101032,0.386424,0.049325,0.000000,0.000000
-0.000610,0.051224,-0.071991,-0.093558,0.204287,-0.099857,0.370336,0.044200,0.000000,0.000000
0.156250,0.061726,0.131291,-0.086813,0.208422,-0.095602,0.362811,0.040269,0.000000,0.000000
0.156250,0.061726,0.131291,-0.086813,0.208422,-0.095602,0.362811,0.040269,0.000000,0.000000
0.361938,0.097014,0.367965,-0.068515,0.300094,-0.018690,0.352199,0.046213,0.000000,0.000000
-0.061646,0.083238,-0.201237,-0.069658,0.640461,0.204610,0.366081,0.083799,0.000000,0.000000
0.144043,0.089319,0.075995,-0.065288,0.910204,0.337313,0.389878,0.102934,0.000000,0.000000
0.095825,0.089969,0.008134,-0.063086,1.194116,0.445133,0.422600,0.125266,0.000000,0.000000
0.204468,0.101419,0.143116,-0.056900,1.596897,0.613551,0.467943,0.151272,0.000000,0.000000
0.470581,0.150906,0.444038,-0.035135,2.138931,0.618581,0.576379,0.203525,0.000000,0.000000
0.410156,0.176831,0.324076,-0.024359,2.403903,0.628823,0.628934,0.229823,0.000000,0.000000
0.772705,0.236418,0.744815,-0.001284,2.403113,0.427855,0.671345,0.247487,0.000000,0.000000
0.893555,0.302132,0.821380,0.023396,2.080198,0.035015,0.687933,0.256730,0.000000,0.000000
0.845337,0.411878,0.602064,0.062475,1.221646,-0.563558,0.639069,0.261338,0.000000,0.000000
0.869751,0.457665,0.572313,0.077770,0.754257,-0.747145,0.583013,0.261456,0.000000,0.000000
0.857544,0.497653,0.499874,0.090433,0.452712,-0.735919,0.521034,0.270997,0.000000,0.000000
0.760498,0.523937,0.328540,0.097577,0.379110,-0.541226,0.469019,0.298058,0.000000,0.000000
0.966187,0.595990,0.514169,0.118482,0.379249,-0.212934,0.412653,0.386811,0.000000,0.000000
0.893555,0.625746,0.371970,0.126086,0.351027,-0.136446,0.399047,0.439139,0.000000,0.000000
0.978394,0.661011,0.440749,0.135526,0.360640,-0.048974,0.391858,0.489837,0.000000,0.000000
0.990601,0.693970,0.412044,0.143822,0.351047,-0.000656,0.389893,0.540007,0.000000,0.000000
0.966187,0.735913,0.319844,0.150867,0.360587,0.087129,0.395696,0.628451,0.000000,0.000000
0.748901,0.737212,0.016235,0.146828,0.366978,0.111660,0.403681,0.667347,0.000000,0.000000
0.905762,0.754067,0.210697,0.148744,0.369278,0.123640,0.413270,0.696151,0.000000,0.000000
0.953979,0.774058,0.249878,0.151778,0.359442,0.123310,0.423107,0.721525,0.000000,0.000000
1.062622,0.825644,0.329135,0.161869,0.358059,0.135938,0.444659,0.770875,0.000000,0.000000
0.784912,0.821571,-0.050918,0.155485,0.353522,0.140544,0.455589,0.796197,0.000000,0.000000
0.797119,0.819126,-0.030563,0.149904,0.339382,0.133804,0.466448,0.812565,0.000000,0.000000
0.797119,0.816925,-0.027510,0.144581,0.340727,0.140044,0.477351,0.823322,0.000000,0.000000
0.930176,0.829709,0.139546,0.140812,0.226287,0.053068,0.494550,0.831680,0.000000,0.000000
0.917969,0.838535,0.110320,0.139898,0.038172,-0.072099,0.492625,0.829314,0.000000,0.000000
1.002197,0.854901,0.204588,0.141838,-0.145831,-0.154775,0.482056,0.823502,0.000000,0.000000
0.930176,0.862428,0.094056,0.140405,-0.377454,-0.250175,0.464100,0.818410,0.000000,0.000000
0.930176,0.866566,0.088347,0.133691,-0.710292,-0.275797,0.419324,0.809503,0.000000,0.000000
0.700073,0.849917,-0.208124,0.123437,-0.871069,-0.282300,0.396496,0.808371,0.000000,0.000000
0.736694,0.838595,-0.141521,0.115488,-0.978786,-0.243826,0.374445,0.803292,0.000000,0.000000
0.712280,0.825963,-0.157903,0.107286,-0.903504,-0.071899,0.361990,0.804301,0.000000,0.000000
0.301514,0.740435,-0.609644,0.069286,-0.665084,0.173225,0.375335,0.814927,0.000000,0.000000
0.277100,0.694102,-0.579140,0.049833,-0.528848,0.252583,0.392957,0.806761,0.000000,0.000000
0.289307,0.653622,-0.506012,0.033158,-0.413572,0.284985,0.414936,0.790463,0.000000,0.000000
0.241089,0.612369,-0.515647,0.016694,-0.322630,0.283727,0.437664,0.767438,0.000000,0.000000
0.083618,0.559494,-0.660939,-0.003635,-0.180828,0.316242,0.462618,0.740746,0.000000,0.000000
-0.000610,0.476969,-0.663330,-0.034037,0.161278,0.383150,0.521023,0.679247,0.000000,0.000000
0.108032,0.440076,-0.461148,-0.046850,0.250282,0.329712,0.549525,0.641001,0.000000,0.000000
0.108032,0.406871,-0.415080,-0.057897,0.321771,0.271000,0.574313,0.600162,0.000000,0.000000
0.071411,0.334455,-0.365704,-0.081142,0.463114,0.190387,0.612465,0.513543,0.000000,0.000000
0.144043,0.315413,-0.238003,-0.085848,0.443038,0.093352,0.623141,0.467889,0.000000,0.000000
0.108032,0.294675,-0.259239,-0.091050,0.455157,0.052101,0.628154,0.425813,0.000000,0.000000
0.156250,0.280833,-0.173008,-0.093508,0.496361,0.035777,0.633455,0.390422,0.000000,0.000000
0.071411,0.243240,-0.238648,-0.101871,0.571648,0.021399,0.637648,0.331714,0.000000,0.000000
0.083618,0.227278,-0.199540,-0.104801,0.585384,-0.003822,0.638035,0.305305,0.000000,0.000000
-0.025024,0.202048,-0.315362,-0.111118,0.590566,-0.028409,0.636217,0.280268,0.000000,0.000000
0.023193,0.184162,-0.223579,-0.114492,0.581700,-0.059229,0.632243,0.253424,0.000000,0.000000
0.204468,0.177144,0.037952,-0.110244,0.579873,-0.088969,0.620063,0.206416,0.000000,0.000000
0.059814,0.165411,-0.146656,-0.111336,0.580630,-0.094869,0.612727,0.191671,0.000000,0.000000
0.180664,0.166936,0.019068,-0.107424,0.578557,-0.101402,0.604801,0.177373,0.000000,0.000000
0.047607,0.155003,-0.149153,-0.108676,0.577607,-0.104570,0.596695,0.167702,0.000000,0.000000
0.192261,0.159940,0.044853,-0.100418,0.579208,-0.104857,0.580021,0.150194,0.000000,0.000000
0.241089,0.168055,0.101538,-0.094360,0.578386,-0.104352,0.571707,0.146450,0.000000,0.000000
0.120239,0.163273,-0.059766,-0.093322,0.575202,-0.103891,0.563387,0.146274,0.000000,0.000000
0.156250,0.162571,-0.008780,-0.090786,0.574354,-0.101298,0.555183,0.144806,0.000000,0.000000
0.192261,0.166070,0.036378,-0.084115,0.848207,0.133453,0.548605,0.151064,0.000000,0.000000
0.120239,0.161487,-0.057286,-0.083310,1.752794,0.807436,0.589314,0.189626,0.000000,0.000000
0.156250,0.160963,-0.006546,-0.081007,3.130644,1.647858,0.696069,0.268440,0.000000,0.000000
0.361938,0.181060,0.251207,-0.071041,4.152772,1.908064,0.854520,0.363333,0.000000,0.000000
0.930176,0.298344,0.877534,-0.023391,3.815565,0.604662,1.060143,0.415335,0.000000,0.000000
1.014404,0.369950,0.895132,0.004165,3.320931,0.017547,1.080611,0.395409,0.000000,0.000000
1.159668,0.448921,0.987086,0.033652,2.735387,-0.455378,1.058203,0.368907,0.000000,0.000000
1.280518,0.532081,1.039456,0.063827,2.330894,-0.627983,1.010969,0.354906,0.000000,0.000000
1.207886,0.662681,0.759793,0.108235,1.859637,-0.561857,0.905856,0.395801,0.000000,0.000000
1.328735,0.729287,0.831715,0.129940,1.745976,-0.451707,0.865378,0.444015,0.000000,0.000000
1.268311,0.783189,0.674539,0.146278,1.678270,-0.330266,0.834155,0.505264,0.000000,0.000000
1.099243,0.814794,0.395048,0.153741,1.624808,-0.228399,0.811631,0.571243,0.000000,0.000000
1.353149,0.914885,0.608633,0.181608,1.585323,-0.053461,0.790019,0.698073,0.000000,0.000000
1.280518,0.951448,0.457069,0.189872,1.574725,0.011098,0.787960,0.761971,0.000000,0.000000
1.365356,0.992839,0.517360,0.199697,1.552754,0.046758,0.790444,0.821203,0.000000,0.000000
1.304932,1.024048,0.390136,0.205410,1.532705,0.076841,0.795380,0.877016,0.000000,0.000000
1.353149,1.098552,0.353625,0.220689,1.558092,0.165992,0.814903,0.980234,0.000000,0.000000
1.473999,1.136097,0.469290,0.228147,1.583974,0.201303,0.830369,1.028410,0.000000,0.000000
1.304932,1.152981,0.211052,0.227634,1.562287,0.191750,0.846002,1.073447,0.000000,0.000000
1.413574,1.179040,0.325726,0.230577,1.551879,0.193789,0.861490,1.109890,0.000000,0.000000
1.280518,1.201562,0.109688,0.225240,1.510517,0.181090,0.892077,1.170264,0.000000,0.000000
1.268311,1.208237,0.083440,0.220986,1.456694,0.150666,0.905109,1.190134,0.000000,0.000000
1.256104,1.213023,0.059827,0.216152,1.183850,-0.055599,0.909100,1.198377,0.000000,0.000000
1.087036,1.200425,-0.140005,0.205467,0.672666,-0.379542,0.884676,1.182925,0.000000,0.000000
1.002197,1.164959,-0.226069,0.180219,-0.464265,-0.859622,0.775369,1.109139,0.000000,0.000000
0.941772,1.142640,-0.278944,0.166444,-0.833827,-0.832523,0.703380,1.068321,0.000000,0.000000
0.966187,1.124995,-0.220578,0.154834,-0.794926,-0.487446,0.648890,1.047680,0.000000,0.000000
0.820923,1.094587,-0.380071,0.138787,-0.182614,0.207369,0.640748,1.065786,0.000000,0.000000
0.518799,1.037009,-0.719737,0.113031,0.626328,0.836406,0.688592,1.114041,0.000000,0.000000
0.591431,0.937133,-0.480172,0.069588,1.191918,0.811984,0.833052,1.153708,0.000000,0.000000
0.470581,0.890477,-0.583161,0.050006,1.347218,0.714032,0.894144,1.137228,0.000000,0.000000
0.470581,0.848488,-0.524890,0.032759,1.491216,0.624011,0.949474,1.106975,0.000000,0.000000
0.434570,0.807096,-0.517377,0.016255,1.584089,0.520915,0.995199,1.065494,0.000000,0.000000
0.264893,0.721491,-0.634125,-0.016415,1.670696,0.305806,1.063351,0.967500,0.000000,0.000000
0.289307,0.678272,-0.540257,-0.032130,1.700475,0.234447,1.084343,0.910005,0.000000,0.000000
0.277100,0.638155,-0.500840,-0.046192,1.764104,0.208345,1.101442,0.853791,0.000000,0.000000
0.204468,0.561193,-0.495457,-0.071920,1.867346,0.136587,1.131444,0.752092,0.000000,0.000000
0.301514,0.535225,-0.324611,-0.079501,1.874009,0.080902,1.139478,0.700856,0.000000,0.000000
0.289307,0.510633,-0.307355,-0.086337,1.882497,0.039741,1.144077,0.654506,0.000000,0.000000
0.313110,0.490881,-0.246913,-0.091154,1.881788,0.001007,1.145581,0.612236,0.000000,0.000000
0.277100,0.469503,-0.267213,-0.096436,1.883724,-0.025097,1.144528,0.574713,0.000000,0.000000
0.277100,0.436187,-0.221129,-0.103055,1.888412,-0.059245,1.137470,0.511071,0.000000,0.000000
0.434570,0.436025,-0.002021,-0.100024,1.889321,-0.072477,1.132338,0.484326,0.000000,0.000000
0.361938,0.428617,-0.092604,-0.099801,1.893891,-0.077738,1.126492,0.465038,0.000000,0.000000
0.374146,0.418267,-0.061280,-0.097723,1.900901,-0.085272,1.113854,0.435999,0.000000,0.000000
0.192261,0.395667,-0.282522,-0.103267,1.900107,-0.089624,1.106812,0.424988,0.000000,0.000000
0.374146,0.393514,-0.026900,-0.100976,1.901072,-0.093063,1.099530,0.410280,0.000000,0.000000
0.422363,0.396399,0.036063,-0.096864,1.901488,-0.095361,1.092061,0.399212,0.000000,0.000000
0.120239,0.353707,-0.324618,-0.106966,1.906779,-0.093969,1.077137,0.382536,0.000000,0.000000
0.374146,0.355751,0.025547,-0.102990,1.907638,-0.096880,1.069425,0.367633,0.000000,0.000000
0.241089,0.344284,-0.143333,-0.104200,1.902128,-0.103457,1.061416,0.357606,0.000000,0.000000
0.204468,0.330303,-0.174745,-0.106317,1.904952,-0.102053,1.053401,0.347133,0.000000,0.000000
0.277100,0.315855,-0.053826,-0.105338,1.902111,-0.105856,1.036565,0.323968,0.000000,0.000000
0.446167,0.328886,0.162899,-0.097290,1.904921,-0.103345,1.028209,0.314806,0.000000,0.000000
0.397949,0.335792,0.086325,-0.091782,1.902810,-0.103751,1.020061,0.312499,0.000000,0.000000
0.374146,0.339627,0.047944,-0.087590,1.905098,-0.099331,1.012233,0.313235,0.000000,0.000000
0.482788,0.353944,0.178944,-0.079594,1.915323,-0.087015,1.004723,0.315189,0.000000,0.000000
0.567017,0.388989,0.247477,-0.061918,1.899565,-0.091074,0.990132,0.329724,0.000000,0.000000
0.555420,0.405632,0.207986,-0.053821,1.888698,-0.090823,0.982803,0.341699,0.000000,0.000000
0.470581,0.412127,0.081206,-0.049770,1.887062,-0.081525,0.976104,0.355609,0.000000,0.000000
0.397949,0.406192,-0.011440,-0.048998,1.913819,-0.047120,0.966290,0.376554,0.000000,0.000000
0.374146,0.402988,-0.040095,-0.048730,1.942549,-0.020057,0.962635,0.382641,0.000000,0.000000
0.567017,0.419391,0.205029,-0.041118,2.012872,0.028918,0.963252,0.389342,0.000000,0.000000
0.603638,0.437815,0.230320,-0.032975,2.151714,0.120348,0.969962,0.403950,0.000000,0.000000
0.543213,0.467619,0.104996,-0.020091,2.454200,0.248750,1.002862,0.450902,0.000000,0.000000
0.760498,0.496907,0.366085,-0.008506,2.561051,0.253237,1.023566,0.472538,0.000000,0.000000
0.506592,0.497875,0.012107,-0.007888,2.693998,0.276925,1.046582,0.498368,0.000000,0.000000
0.555420,0.503630,0.071927,-0.005493,2.803548,0.280573,1.068978,0.516218,0.000000,0.000000
0.615845,0.514851,0.140271,-0.001120,2.869147,0.247246,1.090229,0.529404,0.000000,0.000000
0.712280,0.542585,0.235700,0.009247,2.990162,0.201496,1.126796,0.549216,0.000000,0.000000
0.857544,0.574081,0.393679,0.020780,3.025631,0.169747,1.142286,0.559573,0.000000,0.000000
0.930176,0.609690,0.445074,0.033508,3.030790,0.128617,1.154144,0.573404,0.000000,0.000000
1.062622,0.654983,0.566214,0.049490,3.004823,0.079451,1.162048,0.590619,0.000000,0.000000
1.099243,0.719782,0.527003,0.070609,2.867108,-0.029096,1.164626,0.631493,0.000000,0.000000
1.195679,0.767372,0.594960,0.086340,2.764115,-0.083194,1.159861,0.654190,0.000000,0.000000
1.413574,0.831992,0.807713,0.107981,2.653845,-0.122093,1.151348,0.681444,0.000000,0.000000
1.280518,0.916113,0.506073,0.132653,2.429938,-0.148792,1.126854,0.754938,0.000000,0.000000
1.473999,0.971902,0.697383,0.149594,2.331738,-0.143883,1.115010,0.794066,0.000000,0.000000
1.353149,1.010027,0.476542,0.159403,2.177604,-0.179305,1.101301,0.836653,0.000000,0.000000
1.328735,1.041898,0.398400,0.166573,2.095283,-0.142586,1.087995,0.878367,0.000000,0.000000
1.510010,1.115623,0.547787,0.184039,2.004853,-0.036530,1.071935,0.961058,0.000000,0.000000
1.449585,1.149019,0.417432,0.191041,2.017560,0.039590,1.072544,1.008329,0.000000,0.000000
1.461792,1.180296,0.390981,0.197039,1.995730,0.067041,1.077022,1.054420,0.000000,0.000000
1.401367,1.202403,0.276329,0.199418,1.969327,0.085885,1.082841,1.097127,0.000000,0.000000
1.401367,1.253280,0.205707,0.206323,1.927225,0.115888,1.099443,1.172984,0.000000,0.000000
1.353149,1.263267,0.124842,0.203879,1.916900,0.134619,1.109579,1.205384,0.000000,0.000000
1.425781,1.279519,0.203133,0.203856,1.858961,0.109137,1.118934,1.230324,0.000000,0.000000
1.340942,1.285661,0.076736,0.200043,1.784641,0.077235,1.126135,1.250900,0.000000,0.000000
1.365356,1.293630,0.099676,0.197032,1.760899,0.097035,1.132571,1.266621,0.000000,0.000000
1.389160,1.316121,0.101439,0.193659,1.699887,0.102612,1.149524,1.296350,0.000000,0.000000
1.280518,1.312560,-0.044506,0.186514,1.654343,0.093710,1.157065,1.308372,0.000000,0.000000
1.328735,1.314178,0.020219,0.181525,1.642269,0.112520,1.165174,1.316203,0.000000,0.000000
1.365356,1.330384,0.048573,0.176736,1.594693,0.113058,1.183643,1.331484,0.000000,0.000000
1.147461,1.312092,-0.228671,0.164574,1.556558,0.105590,1.191064,1.337158,0.000000,0.000000
1.256104,1.306493,-0.069980,0.157537,1.573542,0.137172,1.200934,1.337590,0.000000,0.000000
1.328735,1.308717,0.027804,0.153645,1.570930,0.142104,1.211906,1.337031,0.000000,0.000000
1.195679,1.300313,-0.145238,0.141380,1.709182,0.251701,1.242042,1.344799,0.000000,0.000000
1.328735,1.303156,0.035549,0.138205,1.893469,0.366232,1.268074,1.352490,0.000000,0.000000
1.087036,1.281544,-0.270159,0.125954,2.122270,0.480700,1.303549,1.366304,0.000000,0.000000
1.002197,1.253609,-0.348556,0.111718,2.309105,0.522617,1.345087,1.374155,0.000000,0.000000
1.220093,1.237463,-0.024125,0.099212,2.505985,0.440162,1.423358,1.360844,0.000000,0.000000
1.232300,1.236947,-0.006454,0.096042,2.556821,0.377664,1.456237,1.349895,0.000000,0.000000
1.498413,1.263094,0.326813,0.102965,2.581467,0.311581,1.483897,1.337904,0.000000,0.000000
1.353149,1.272099,0.112576,0.103253,2.591990,0.256135,1.506708,1.333542,0.000000,0.000000
1.461792,1.291068,0.237101,0.107269,2.563118,0.183489,1.524760,1.329352,0.000000,0.000000
1.473999,1.341041,0.184657,0.119274,2.497843,0.108782,1.545089,1.333924,0.000000,0.000000
1.534424,1.360380,0.241740,0.122948,2.467565,0.086504,1.552980,1.342362,0.000000,0.000000
1.401367,1.364478,0.051232,0.120796,2.406987,0.048145,1.558131,1.351869,0.000000,0.000000
1.365356,1.370083,-0.006566,0.115690,2.019418,-0.188327,1.545384,1.349886,0.000000,0.000000
1.473999,1.380475,0.129775,0.116113,1.810016,-0.264549,1.525937,1.340234,0.000000,0.000000
1.437378,1.386165,0.071202,0.114765,1.724542,-0.215911,1.505831,1.336369,0.000000,0.000000
1.667480,1.414297,0.351661,0.121872,1.638545,-0.186107,1.489712,1.338505,0.000000,0.000000
1.304932,1.393517,-0.123030,0.107001,1.595029,-0.055094,1.470081,1.361474,0.000000,0.000000
1.340942,1.388260,-0.065714,0.101819,1.568946,-0.027630,1.466921,1.368646,0.000000,0.000000
1.449585,1.394392,0.076661,0.101064,1.532511,-0.017745,1.464989,1.373022,0.000000,0.000000
1.328735,1.387827,-0.082067,0.095571,1.491337,-0.017851,1.464135,1.378774,0.000000,0.000000
1.268311,1.375875,-0.149395,0.088222,1.453861,-0.011648,1.462214,1.380013,0.000000,0.000000
1.365356,1.368438,-0.004281,0.080299,1.487482,0.066480,1.465890,1.378881,0.000000,0.000000
1.074829,1.339077,-0.366993,0.066880,1.624907,0.184936,1.475993,1.384083,0.000000,0.000000
1.087036,1.313873,-0.315068,0.055421,1.902994,0.374267,1.499934,1.390081,0.000000,0.000000
1.171875,1.270579,-0.137096,0.036275,2.445681,0.570319,1.582397,1.398717,0.000000,0.000000
1.171875,1.260708,-0.123372,0.031485,2.611358,0.541234,1.627844,1.396459,0.000000,0.000000
1.268311,1.261469,0.009494,0.030826,2.748272,0.495362,1.670346,1.389532,0.000000,0.000000
1.353149,1.270637,0.114717,0.033342,2.800867,0.395477,1.706318,1.379585,0.000000,0.000000
1.401367,1.280259,0.168206,0.035023,2.795638,0.200566,1.753475,1.353453,0.000000,0.000000
1.340942,1.286328,0.075851,0.036248,2.694063,0.068625,1.763432,1.339110,0.000000,0.000000
1.365356,1.294231,0.098781,0.038124,2.657133,0.026362,1.767639,1.326473,0.000000,0.000000
1.244507,1.289258,-0.062157,0.035116,2.534238,-0.069018,1.765056,1.314509,0.000000,0.000000
1.376953,1.318994,0.080503,0.043929,2.104458,-0.315011,1.732205,1.284630,0.000000,0.000000
1.376953,1.324790,0.072444,0.044784,1.879462,-0.386058,1.702487,1.271032,0.000000,0.000000
1.486206,1.340932,0.201778,0.049494,1.705899,-0.394358,1.670133,1.261287,0.000000,0.000000
1.389160,1.345755,0.060283,0.049818,1.602945,-0.341348,1.639925,1.261188,0.000000,0.000000
1.365356,1.350523,0.020598,0.048626,1.571343,-0.164306,1.601760,1.280600,0.000000,0.000000
1.401367,1.355607,0.063572,0.049075,1.542836,-0.120839,1.589811,1.292209,0.000000,0.000000
1.256104,1.345657,-0.124374,0.043871,1.498217,-0.103946,1.580271,1.303734,0.000000,0.000000
1.147461,1.325837,-0.247495,0.035130,1.431518,-0.113854,1.571488,1.309290,0.000000,0.000000
1.268311,1.320345,-0.072275,0.030991,1.529107,0.053936,1.561094,1.311806,0.000000,0.000000
1.292725,1.317583,-0.030687,0.029141,1.889332,0.335409,1.581412,1.330968,0.000000,0.000000
1.159668,1.301792,-0.197394,0.022345,2.356546,0.618076,1.622811,1.360673,0.000000,0.000000
1.207886,1.292401,-0.117375,0.018153,2.750417,0.753756,1.680265,1.389268,0.000000,0.000000
1.244507,1.287611,-0.059869,0.015813,2.964850,0.699405,1.740461,1.408214,0.000000,0.000000
1.304932,1.272390,0.045204,0.009383,3.058975,0.400043,1.829163,1.399138,0.000000,0.000000
1.389160,1.284067,0.145956,0.013480,3.030907,0.260304,1.854861,1.381244,0.000000,0.000000
1.522217,1.307882,0.297701,0.022007,2.983629,0.147937,1.870598,1.364337,0.000000,0.000000
1.486206,1.325715,0.222866,0.028033,2.811409,-0.035609,1.875507,1.350864,0.000000,0.000000
1.594849,1.375751,0.304286,0.044852,2.182791,-0.437959,1.832985,1.314018,0.000000,0.000000
1.437378,1.381914,0.077037,0.045818,1.891229,-0.525158,1.792400,1.299938,0.000000,0.000000
1.534424,1.397165,0.190627,0.050162,1.638223,-0.555795,1.747806,1.288828,0.000000,0.000000
1.389160,1.396365,-0.010000,0.048357,1.511911,-0.469883,1.705224,1.287547,0.000000,0.000000
1.401367,1.376661,0.034316,0.038358,1.337398,-0.315307,1.639931,1.293077,0.000000,0.000000
1.353149,1.374310,-0.029388,0.036325,1.341314,-0.206464,1.619727,1.302281,0.000000,0.000000
1.389160,1.375795,0.018563,0.035792,1.344169,-0.129066,1.606124,1.313246,0.000000,0.000000
1.328735,1.371089,-0.058821,0.032954,1.419668,-0.015254,1.600276,1.327626,0.000000,0.000000
1.195679,1.343199,-0.204879,0.020677,2.721553,0.924693,1.680316,1.407646,0.000000,0.000000
1.014404,1.310320,-0.411014,0.007727,3.192705,1.024409,1.762430,1.454244,0.000000,0.000000
1.195679,1.298855,-0.143294,0.003196,3.377539,0.863552,1.838951,1.471913,0.000000,0.000000
1.401367,1.309107,0.128140,0.006944,3.359625,0.591654,1.895579,1.464649,0.000000,0.000000
1.401367,1.313562,0.121957,0.008265,2.900714,-0.051637,1.939068,1.408646,0.000000,0.000000
1.486206,1.330827,0.215794,0.014490,2.443202,-0.397798,1.916865,1.361524,0.000000,0.000000
1.473999,1.345144,0.178975,0.019425,1.975062,-0.653290,1.872749,1.316359,0.000000,0.000000
1.461792,1.356809,0.145800,0.023216,1.627524,-0.724285,1.814373,1.278105,0.000000,0.000000
1.244507,1.350688,-0.147624,0.019478,1.251786,-0.586569,1.705960,1.247266,0.000000,0.000000
1.147461,1.330365,-0.254046,0.011273,1.180112,-0.459781,1.663795,1.244893,0.000000,0.000000
1.184082,1.315737,-0.182844,0.005449,1.093293,-0.384239,1.629065,1.242969,0.000000,0.000000
1.292725,1.313435,-0.028762,0.004423,1.296701,-0.096016,1.609879,1.250116,0.000000,0.000000
1.220093,1.292459,-0.100515,-0.003559,2.799714,1.021396,1.689771,1.340900,0.000000,0.000000
1.292725,1.292486,0.000332,-0.003443,3.391181,1.181449,1.782828,1.401194,0.000000,0.000000
1.207886,1.284026,-0.105756,-0.006512,3.589374,0.982215,1.869819,1.437856,0.000000,0.000000
1.449585,1.300582,0.206938,-0.000108,3.648005,0.732631,1.937356,1.445205,0.000000,0.000000
1.655273,1.363634,0.405035,0.023198,2.927323,-0.178388,1.983468,1.405474,0.000000,0.000000
1.558838,1.383154,0.244017,0.029822,2.367289,-0.571230,1.950448,1.365610,0.000000,0.000000
1.534424,1.398281,0.189075,0.034600,1.848881,-0.806581,1.892041,1.323630,0.000000,0.000000
1.473999,1.405853,0.094649,0.036401,1.431255,-0.886938,1.821629,1.289539,0.000000,0.000000
1.655273,1.438027,0.301465,0.046217,1.020858,-0.669559,1.690067,1.263211,0.000000,0.000000
1.449585,1.439182,0.014462,0.045264,0.975920,-0.482082,1.642606,1.278212,0.000000,0.000000
1.353149,1.430579,-0.107548,0.040680,1.626322,0.225424,1.631082,1.318997,0.000000,0.000000
1.316528,1.419174,-0.142557,0.035183,2.778009,1.093981,1.692649,1.403635,0.000000,0.000000
1.473999,1.423054,0.070753,0.034578,4.016680,1.311936,1.919481,1.566492,0.000000,0.000000
1.473999,1.423054,0.070753,0.034578,4.016680,1.311936,1.919481,1.566492,0.000000,0.000000
1.486206,1.436151,0.069517,0.037361,3.157424,0.020464,2.024200,1.557578,0.000000,0.000000
1.715698,1.464106,0.349434,0.046724,2.567643,-0.451883,2.003473,1.503425,0.000000,0.000000
1.546631,1.496101,0.070185,0.055664,1.496558,-0.900618,1.877785,1.402878,0.000000,0.000000
1.558838,1.502374,0.078418,0.056346,1.340530,-0.719829,1.808234,1.375649,0.000000,0.000000
1.425781,1.494715,-0.095746,0.051783,2.032991,0.099155,1.782124,1.394612,0.000000,0.000000
1.256104,1.470854,-0.298205,0.041284,3.664294,1.405867,1.851917,1.483285,0.000000,0.000000
1.473999,1.440964,0.045880,0.028010,5.105469,1.511486,2.148011,1.667817,0.000000,0.000000
1.630859,1.459954,0.237122,0.034284,4.655843,0.701467,2.231983,1.665229,0.000000,0.000000
1.679688,1.481927,0.274980,0.041505,4.285759,0.198801,2.265552,1.629262,0.000000,0.000000
1.812134,1.514948,0.412758,0.052642,3.849411,-0.205176,2.263404,1.582298,0.000000,0.000000
1.703491,1.555111,0.206074,0.064325,3.311002,-0.344429,2.185925,1.501630,0.000000,0.000000
1.486206,1.548220,-0.086126,0.059812,4.306710,0.597564,2.199331,1.530300,0.000000,0.000000
1.316528,1.525051,-0.289629,0.049329,6.218393,1.979361,2.313958,1.630356,0.000000,0.000000
1.353149,1.507861,-0.214867,0.041403,7.305764,2.239178,2.497170,1.745854,0.000000,0.000000
1.643066,1.512896,0.180784,0.040950,6.806615,0.777751,2.718731,1.762189,0.000000,0.000000
1.643066,1.525913,0.162721,0.044603,6.601558,0.389917,2.763284,1.722045,0.000000,0.000000
1.896973,1.563019,0.463802,0.057179,6.067551,-0.149726,2.770209,1.667381,0.000000,0.000000
1.691284,1.575845,0.160332,0.060273,6.340379,0.165285,2.764162,1.631932,0.000000,0.000000
1.328735,1.528894,-0.278100,0.039382,9.774814,2.468382,3.010189,1.779377,0.000000,0.000000
1.570435,1.533048,0.051922,0.039759,10.185972,2.032655,3.199535,1.854697,0.000000,0.000000
1.594849,1.539228,0.077250,0.040883,9.667659,1.018035,3.314512,1.848156,0.000000,0.000000
1.751709,1.560477,0.265631,0.047626,9.347613,0.469389,3.369596,1.798209,0.000000,0.000000
1.643066,1.566391,0.106489,0.047058,8.400401,-0.385564,3.360380,1.663281,0.000000,0.000000
1.570435,1.566795,0.005054,0.045798,8.875425,0.153287,3.348287,1.625487,0.000000,0.000000
1.534424,1.563558,-0.040462,0.043210,10.110185,1.123487,3.405875,1.655812,0.000000,0.000000
1.498413,1.557044,-0.081430,0.039471,11.498815,1.899126,3.539660,1.736698,0.000000,0.000000
1.740112,1.584191,0.216565,0.047208,11.220591,0.623475,3.768213,1.792835,0.000000,0.000000
1.703491,1.596121,0.149119,0.050266,10.647487,-0.006205,3.786982,1.743776,0.000000,0.000000
1.703491,1.606858,0.134220,0.052784,10.338256,-0.230634,3.773333,1.687952,0.000000,0.000000
1.703491,1.616521,0.120784,0.054824,10.282512,-0.184686,3.755194,1.649078,0.000000,0.000000
1.643066,1.633540,0.013227,0.057787,10.368218,-0.007949,3.743811,1.630541,0.000000,0.000000
1.594849,1.629671,-0.048379,0.054602,10.381819,0.022927,3.744606,1.632127,0.000000,0.000000
1.655273,1.632231,0.032002,0.053924,10.405974,0.052018,3.747770,1.633991,0.000000,0.000000
1.607056,1.629714,-0.031470,0.051362,10.417857,0.061336,3.752597,1.637349,0.000000,0.000000
1.630859,1.631030,-0.000237,0.048805,10.366768,0.016283,3.759588,1.638297,0.000000,0.000000
1.679688,1.635896,0.060820,0.049165,10.311419,-0.018799,3.759194,1.635732,0.000000,0.000000
1.630859,1.635392,-0.006296,0.047502,10.257968,-0.039795,3.756141,1.633310,0.000000,0.000000
1.619263,1.633779,-0.020160,0.045472,10.223557,-0.039978,3.752508,1.631028,0.000000,0.000000
1.776123,1.649948,0.175235,0.048823,10.188570,-0.020629,3.747866,1.630044,0.000000,0.000000
1.619263,1.646879,-0.038359,0.046208,10.205615,0.018189,3.746880,1.635362,0.000000,0.000000
1.655273,1.647719,0.010491,0.045136,10.345705,0.138851,3.754369,1.645056,0.000000,0.000000
1.558838,1.638831,-0.111102,0.040449,10.530363,0.257303,3.771944,1.660166,0.000000,0.000000
1.812134,1.642425,0.235718,0.039579,10.844991,0.330273,3.830175,1.684680,0.000000,0.000000
1.655273,1.643710,0.016050,0.038873,10.642511,0.074707,3.845925,1.684062,0.000000,0.000000
1.630859,1.642425,-0.016073,0.037224,10.358203,-0.164748,3.840194,1.666846,0.000000,0.000000
1.776123,1.655794,0.167114,0.041121,10.126863,-0.286473,3.819772,1.642898,0.000000,0.000000
1.703491,1.664857,0.053656,0.042035,10.020977,-0.171179,3.777803,1.623087,0.000000,0.000000
1.727905,1.671162,0.078815,0.043139,10.265379,0.092684,3.775879,1.634665,0.000000,0.000000
1.727905,1.676836,0.070926,0.043972,10.553285,0.305355,3.794870,1.661290,0.000000,0.000000
1.800537,1.689206,0.154626,0.047292,10.711452,0.349813,3.822922,1.688567,0.000000,0.000000
1.570435,1.677516,-0.148731,0.040111,10.513171,0.030344,3.858021,1.710620,0.000000,0.000000
1.691284,1.678893,0.017210,0.039424,10.271110,-0.160597,3.850850,1.694531,0.000000,0.000000
1.607056,1.671709,-0.089800,0.035547,10.123767,-0.216530,3.834293,1.676450,0.000000,0.000000
1.703491,1.674887,0.039726,0.035672,10.034758,-0.210684,3.816490,1.660746,0.000000,0.000000
1.594849,1.672754,-0.108196,0.032691,10.361052,0.170025,3.809079,1.667541,0.000000,0.000000
1.691284,1.674607,0.023164,0.032405,10.711983,0.407750,3.835399,1.690661,0.000000,0.000000
1.594849,1.666631,-0.099598,0.028445,10.825792,0.378621,3.869231,1.712876,0.000000,0.000000
1.715698,1.671538,0.061399,0.029434,10.605511,0.090271,3.887405,1.712946,0.000000,0.000000
1.655273,1.659768,-0.006244,0.023407,10.145705,-0.227943,3.862097,1.669231,0.000000,0.000000
1.607056,1.654497,-0.065882,0.020729,10.234165,-0.078214,3.850060,1.657012,0.000000,0.000000
1.546631,1.643710,-0.134840,0.016062,10.433718,0.117691,3.851823,1.658041,0.000000,0.000000
1.510010,1.630340,-0.167117,0.010566,10.789097,0.370472,3.874418,1.672310,0.000000,0.000000
1.510010,1.615113,-0.145967,0.004272,10.787048,0.134580,3.927913,1.684240,0.000000,0.000000
1.643066,1.617908,0.034944,0.005192,10.422585,-0.199348,3.922892,1.658733,0.000000,0.000000
1.510010,1.607118,-0.134867,0.000990,10.116405,-0.378551,3.896331,1.624819,0.000000,0.000000
1.643066,1.610713,0.044934,0.002308,10.174179,-0.207406,3.871051,1.599584,0.000000,0.000000
1.619263,1.612338,0.009619,0.002772,10.866557,0.373306,3.893549,1.624890,0.000000,0.000000
1.546631,1.605767,-0.082130,0.000225,10.854442,0.241340,3.920398,1.642320,0.000000,0.000000
1.751709,1.620361,0.182437,0.005691,10.560124,-0.070474,3.925460,1.634751,0.000000,0.000000
1.691284,1.627454,0.088565,0.008177,10.280192,-0.268336,3.908813,1.616705,0.000000,0.000000
1.655273,1.629498,0.035797,0.008470,10.784110,0.275750,3.899217,1.619486,0.000000,0.000000
1.824341,1.648983,0.243563,0.015522,11.033063,0.381593,3.930711,1.647858,0.000000,0.000000
1.546631,1.638747,-0.127922,0.011219,10.757388,0.041348,3.947440,1.660895,0.000000,0.000000
1.534424,1.628315,-0.115915,0.007405,10.295613,-0.330714,3.929007,1.638941,0.000000,0.000000
1.763916,1.641875,0.169501,0.012268,10.405066,-0.123566,3.907501,1.618984,0.000000,0.000000
1.607056,1.646136,-0.054275,0.013044,10.899672,0.200403,3.945477,1.660656,0.000000,0.000000
1.848755,1.666398,0.253286,0.020251,10.488690,-0.189853,3.943543,1.653965,0.000000,0.000000
1.788330,1.678591,0.152407,0.024216,10.210059,-0.335157,3.916767,1.636036,0.000000,0.000000
1.727905,1.683522,0.061646,0.025339,10.717553,0.193568,3.911927,1.646093,0.000000,0.000000
1.921387,1.704767,0.300877,0.031840,10.786750,0.057424,3.961146,1.696040,0.000000,0.000000
1.667480,1.701038,-0.046606,0.029487,10.365300,-0.282948,3.947368,1.687029,0.000000,0.000000
1.740112,1.704945,0.048843,0.030067,10.517864,-0.043669,3.929902,1.677836,0.000000,0.000000
1.751709,1.709622,0.058436,0.030919,11.040988,0.386544,3.950852,1.703543,0.000000,0.000000
1.630859,1.691416,-0.084102,0.022392,10.505507,-0.196499,3.968078,1.710329,0.000000,0.000000
1.594849,1.681759,-0.120714,0.018099,10.762647,0.097144,3.960745,1.699450,0.000000,0.000000
1.800537,1.693637,0.148465,0.022010,11.072696,0.306522,3.983370,1.712515,0.000000,0.000000
1.546631,1.678936,-0.183765,0.015836,10.845387,0.029295,3.997054,1.717245,0.000000,0.000000
1.558838,1.656118,-0.135578,0.006479,10.504677,-0.115052,3.956976,1.666120,0.000000,0.000000
1.534424,1.643948,-0.152109,0.001722,11.077360,0.367670,3.975294,1.678566,0.000000,0.000000
1.715698,1.651123,0.089687,0.004361,11.090103,0.253489,4.003517,1.690461,0.000000,0.000000
1.594849,1.646968,-0.072392,0.002526,10.316541,-0.383165,3.976936,1.648145,0.000000,0.000000
1.727905,1.655061,0.101166,0.005485,10.675672,0.027525,3.964255,1.638433,0.000000,0.000000
1.582642,1.647820,-0.090529,0.002605,10.998911,0.276153,3.980070,1.656531,0.000000,0.000000
1.800537,1.663091,0.190888,0.008253,11.096587,0.265892,4.003849,1.672909,0.000000,0.000000
1.473999,1.644182,-0.236377,0.000915,11.038325,0.139095,4.019883,1.682582,0.000000,0.000000
1.534424,1.620087,-0.119056,-0.008010,10.911295,-0.018274,4.026854,1.662246,0.000000,0.000000
1.449585,1.603037,-0.213114,-0.014163,10.867790,-0.050034,4.023791,1.647006,0.000000,0.000000
1.703491,1.613082,0.125569,-0.009971,10.834679,-0.065955,4.018982,1.629849,0.000000,0.000000
1.619263,1.618596,0.000925,-0.007375,10.769724,-0.080805,4.006741,1.614429,0.000000,0.000000
1.619263,1.618663,0.000833,-0.007129,10.722514,-0.097933,3.999672,1.609972,0.000000,0.000000
1.691284,1.625925,0.090781,-0.004192,10.636735,-0.140795,3.989955,1.604696,0.000000,0.000000
1.788330,1.642165,0.202996,0.002024,10.469063,-0.235533,3.974066,1.598181,0.000000,0.000000
1.558838,1.636111,-0.107317,-0.000394,10.191397,-0.305751,3.929503,1.590708,0.000000,0.000000
1.582642,1.630764,-0.066840,-0.002388,10.015315,-0.353906,3.901799,1.582097,0.000000,0.000000
1.486206,1.616308,-0.180688,-0.007737,9.881273,-0.356063,3.872976,1.573608,0.000000,0.000000
1.570435,1.611721,-0.057343,-0.009225,9.835503,-0.288981,3.847505,1.566176,0.000000,0.000000
1.389160,1.589465,-0.278200,-0.017294,9.779202,-0.249158,3.825641,1.562469,0.000000,0.000000
1.389160,1.555747,-0.231136,-0.028739,9.719684,-0.161084,3.789967,1.548163,0.000000,0.000000
1.268311,1.527003,-0.359700,-0.038667,9.785851,-0.067423,3.781361,1.543706,0.000000,0.000000
1.159668,1.490269,-0.459146,-0.051282,9.875698,0.014435,3.779716,1.537491,0.000000,0.000000
1.087036,1.449946,-0.504061,-0.064865,10.012602,0.104061,3.785571,1.528097,0.000000,0.000000
0.917969,1.364086,-0.619639,-0.092820,10.238893,0.169544,3.808996,1.493400,0.000000,0.000000
0.833130,1.310991,-0.663663,-0.109945,10.374074,0.196407,3.825050,1.467289,0.000000,0.000000
0.966187,1.276510,-0.431006,-0.119577,10.523836,0.225378,3.842398,1.434127,0.000000,0.000000
0.784912,1.199421,-0.575737,-0.141070,10.701428,0.155929,3.876633,1.366778,0.000000,0.000000
0.857544,1.165234,-0.427325,-0.149658,10.724096,0.086588,3.885680,1.323420,0.000000,0.000000
1.062622,1.154972,-0.128271,-0.149016,10.686892,-0.013643,3.887885,1.277255,0.000000,0.000000
0.820923,1.121567,-0.417541,-0.157072,10.691410,-0.052844,3.885628,1.238457,0.000000,0.000000
0.905762,1.074028,-0.233691,-0.165292,10.946516,0.021202,3.899077,1.178318,0.000000,0.000000
0.651855,1.031810,-0.527742,-0.176166,10.942815,-0.040035,3.898599,1.146341,0.000000,0.000000
0.978394,1.026469,-0.066704,-0.172882,10.954637,-0.074676,3.894782,1.108607,0.000000,0.000000
0.857544,1.009576,-0.211375,-0.174037,10.955551,-0.104708,3.887827,1.078161,0.000000,0.000000
0.809326,0.974770,-0.229794,-0.176619,10.966311,-0.133392,3.868610,1.024723,0.000000,0.000000
0.905762,0.967869,-0.086247,-0.173908,10.965914,-0.146165,3.857224,1.000481,0.000000,0.000000
0.966187,0.967701,-0.002103,-0.168754,10.965322,-0.154926,3.845143,0.980909,0.000000,0.000000
0.941772,0.965108,-0.032408,-0.164663,10.963314,-0.160968,3.832551,0.966788,0.000000,0.000000
0.917969,0.958294,-0.056004,-0.157461,10.964822,-0.160537,3.806757,0.947628,0.000000,0.000000
0.772705,0.939735,-0.231997,-0.159697,10.963575,-0.160316,3.793855,0.940474,0.000000,0.000000
0.809326,0.926694,-0.163002,-0.159796,10.960275,-0.162150,3.780782,0.929743,0.000000,0.000000
0.857544,0.919779,-0.086438,-0.157595,10.957060,-0.163522,3.767594,0.918233,0.000000,0.000000
0.953979,0.923199,0.042751,-0.151585,10.955583,-0.162867,3.754507,0.908190,0.000000,0.000000
1.062622,0.938813,0.171974,-0.136791,10.957262,-0.154692,3.729194,0.899238,0.000000,0.000000
0.930176,0.937949,-0.010797,-0.133012,10.958128,-0.148905,3.717160,0.901514,0.000000,0.000000
1.002197,0.944374,0.080219,-0.126615,10.958117,-0.144242,3.705472,0.903119,0.000000,0.000000
0.845337,0.917921,-0.100807,-0.128853,10.958999,-0.135465,3.683235,0.903584,0.000000,0.000000
0.917969,0.917926,0.000059,-0.124985,10.957412,-0.134580,3.672390,0.899197,0.000000,0.000000
0.772705,0.903404,-0.181499,-0.126681,10.956478,-0.132266,3.661672,0.896241,0.000000,0.000000
0.881348,0.901198,-0.027571,-0.123708,10.955129,-0.131580,3.651087,0.889900,0.000000,0.000000
0.820923,0.893171,-0.100344,-0.123007,10.957517,-0.127462,3.640791,0.885044,0.000000,0.000000
0.990601,0.895368,0.132261,-0.114819,10.957138,-0.125390,3.620605,0.872922,0.000000,0.000000
