-0.056763,0.004431,-0.085000,0.003008,-0.001944,-0.001459,-0.000088,0.021851,0.000000,0.000000
-0.371094,-0.033121,-0.467862,-0.011118,0.000343,0.000996,-0.000033,-0.001818,0.000000,0.000000
-0.491943,-0.079004,-0.575426,-0.028047,-0.000828,-0.001083,0.000085,-0.113119,0.000000,0.000000
-0.516357,-0.122739,-0.546692,-0.043607,0.001603,-0.000934,0.000415,-0.227141,0.000000,0.000000
-0.576782,-0.219884,-0.495693,-0.076812,0.014450,0.003528,0.001189,-0.429451,0.000000,0.000000
-0.625000,-0.260395,-0.506395,-0.089699,0.020489,0.004040,0.001250,-0.473823,0.000000,0.000000
-0.625000,-0.296856,-0.455756,-0.100681,0.023742,0.001174,0.000993,-0.519619,0.000000,0.000000
-0.685425,-0.335713,-0.485711,-0.112232,0.025583,-0.003476,0.000330,-0.551942,0.000000,0.000000
-0.601196,-0.395932,-0.285089,-0.127761,0.013741,-0.029678,-0.002037,-0.629445,0.000000,0.000000
-0.758057,-0.432145,-0.452655,-0.137507,0.015170,-0.035501,-0.003996,-0.622537,0.000000,0.000000
-0.685425,-0.457473,-0.316600,-0.142880,0.023499,-0.034974,-0.006199,-0.665199,0.000000,0.000000
-0.661621,-0.477888,-0.255185,-0.146249,0.035411,-0.031057,-0.008658,-0.673255,0.000000,0.000000
-0.637207,-0.505961,-0.182286,-0.147982,0.060277,-0.022802,-0.013412,-0.655753,0.000000,0.000000
-0.637207,-0.519086,-0.164057,-0.148464,0.055394,-0.035601,-0.016212,-0.652434,0.000000,0.000000
-0.939331,-0.561110,-0.473607,-0.158218,0.061752,-0.037206,-0.019349,-0.650430,0.000000,0.000000
-0.963745,-0.601374,-0.495447,-0.168335,0.063146,-0.044495,-0.022182,-0.739888,0.000000,0.000000
-0.830688,-0.624305,-0.286644,-0.171884,0.072617,-0.044171,-0.025334,-0.809950,0.000000,0.000000
-0.891113,-0.678240,-0.296640,-0.181604,0.086745,-0.048113,-0.032856,-0.854871,0.000000,0.000000
-0.745850,-0.685001,-0.084513,-0.178691,0.077503,-0.066118,-0.037368,-0.869483,0.000000,0.000000
-0.625000,-0.679001,0.074826,-0.171086,0.091879,-0.060747,-0.041522,-0.835543,0.000000,0.000000
-0.745850,-0.685686,-0.083757,-0.168466,0.121089,-0.040634,-0.045008,-0.774796,0.000000,0.000000
-0.745850,-0.685142,-0.084317,-0.158388,0.113759,-0.063644,-0.053474,-0.725676,0.000000,0.000000
-0.722046,-0.688832,-0.046130,-0.155020,0.124640,-0.060199,-0.057752,-0.735211,0.000000,0.000000
-0.758057,-0.695755,-0.086531,-0.152965,0.136787,-0.054890,-0.062474,-0.735008,0.000000,0.000000
-0.758057,-0.701985,-0.077878,-0.150713,0.133524,-0.064300,-0.067712,-0.746181,0.000000,0.000000
-0.709839,-0.702378,-0.010362,-0.141958,0.131104,-0.077620,-0.079047,-0.741808,0.000000,0.000000
-0.975952,-0.729736,-0.341967,-0.147958,0.139511,-0.074040,-0.084964,-0.736911,0.000000,0.000000
-0.782471,-0.735009,-0.065902,-0.145497,0.144972,-0.073605,-0.091124,-0.813960,0.000000,0.000000
-0.697632,-0.731272,0.046734,-0.139730,0.142421,-0.080699,-0.097581,-0.809658,0.000000,0.000000
-0.637207,-0.715597,0.108875,-0.125672,0.135106,-0.094688,-0.111768,-0.751152,0.000000,0.000000
-0.842896,-0.728326,-0.159124,-0.126675,0.140143,-0.092197,-0.118961,-0.722557,0.000000,0.000000
-0.830688,-0.738563,-0.127953,-0.126714,0.145275,-0.089597,-0.126248,-0.764705,0.000000,0.000000
-0.722046,-0.736911,0.020646,-0.122293,0.142703,-0.094420,-0.133831,-0.790704,0.000000,0.000000
-0.649414,-0.718089,0.095382,-0.108133,0.141492,-0.098563,-0.149430,-0.736921,0.000000,0.000000
-0.540771,-0.700357,0.221647,-0.098240,0.139613,-0.100985,-0.157452,-0.716976,0.000000,0.000000
-0.564575,-0.686779,0.169728,-0.090201,0.137204,-0.103178,-0.165554,-0.670336,0.000000,0.000000
-0.722046,-0.690306,-0.044084,-0.088817,0.139582,-0.100176,-0.173496,-0.644813,0.000000,0.000000
-0.697632,-0.703673,0.008390,-0.088423,0.150700,-0.088544,-0.188555,-0.727372,0.000000,0.000000
-0.758057,-0.709111,-0.067980,-0.087810,0.148203,-0.090655,-0.196050,-0.724420,0.000000,0.000000
-0.866699,-0.724870,-0.196985,-0.091085,0.143107,-0.095225,-0.203629,-0.740672,0.000000,0.000000
-0.685425,-0.720926,0.049293,-0.086873,0.142574,-0.095704,-0.210975,-0.784606,0.000000,0.000000
-0.649414,-0.716018,0.092505,-0.079871,0.163632,-0.075351,-0.224062,-0.760881,0.000000,0.000000
-0.745850,-0.719001,-0.037290,-0.078594,0.167473,-0.071526,-0.230463,-0.732372,0.000000,0.000000
-0.818481,-0.728949,-0.124352,-0.079966,0.160673,-0.078304,-0.236729,-0.741488,0.000000,0.000000
-0.745850,-0.730639,-0.021126,-0.078201,0.159056,-0.080188,-0.242807,-0.769616,0.000000,0.000000
-0.770264,-0.731631,-0.053657,-0.073988,0.173218,-0.067098,-0.253906,-0.750431,0.000000,0.000000
-0.709839,-0.729452,0.027240,-0.070952,0.178762,-0.062108,-0.259240,-0.760675,0.000000,0.000000
-0.733643,-0.729871,-0.005239,-0.068980,0.178970,-0.062168,-0.264616,-0.749646,0.000000,0.000000
-0.612793,-0.718163,0.146347,-0.062520,0.171684,-0.069447,-0.270093,-0.749234,0.000000,0.000000
-0.612793,-0.696000,0.115566,-0.050660,0.178634,-0.062053,-0.280096,-0.678933,0.000000,0.000000
-0.830688,-0.709469,-0.168360,-0.054191,0.188548,-0.051774,-0.284624,-0.662590,0.000000,0.000000
-0.601196,-0.698642,0.135341,-0.048505,0.176316,-0.062883,-0.290252,-0.717796,0.000000,0.000000
-0.854492,-0.714227,-0.194813,-0.052894,0.170256,-0.067480,-0.295738,-0.687041,0.000000,0.000000
-0.745850,-0.723531,-0.031007,-0.053180,0.179603,-0.057029,-0.305586,-0.757709,0.000000,0.000000
-0.697632,-0.720941,0.032374,-0.050613,0.196412,-0.040588,-0.309533,-0.757250,0.000000,0.000000
-0.673218,-0.716169,0.059655,-0.047305,0.193595,-0.043454,-0.313522,-0.742455,0.000000,0.000000
-0.625000,-0.707052,0.113961,-0.042467,0.183348,-0.053388,-0.317569,-0.724859,0.000000,0.000000
-0.685425,-0.688825,0.004723,-0.033323,0.230998,-0.007918,-0.321503,-0.647020,0.000000,0.000000
-0.540771,-0.674020,0.185067,-0.026772,0.245308,0.004821,-0.322459,-0.659312,0.000000,0.000000
-0.637207,-0.670339,0.046016,-0.024588,0.226911,-0.014701,-0.323217,-0.624209,0.000000,0.000000
-0.612793,-0.664584,0.071932,-0.021692,0.248864,0.004549,-0.322211,-0.627324,0.000000,0.000000
-0.637207,-0.653944,0.023246,-0.016874,0.286402,0.036133,-0.318610,-0.606478,0.000000,0.000000
-0.564575,-0.645007,0.111710,-0.013016,0.291159,0.036220,-0.314571,-0.612563,0.000000,0.000000
-0.576782,-0.638185,0.085283,-0.010068,0.339375,0.078067,-0.308611,-0.593234,0.000000,0.000000
-0.540771,-0.628443,0.121766,-0.006112,0.369197,0.101880,-0.302707,-0.583442,0.000000,0.000000
-0.588989,-0.629626,0.056440,-0.006131,0.360405,0.080692,-0.289628,-0.596314,0.000000,0.000000
-0.601196,-0.626783,0.035538,-0.004881,0.398309,0.111289,-0.282051,-0.587916,0.000000,0.000000
-0.491943,-0.613299,0.168550,0.000322,0.394596,0.100693,-0.274596,-0.585923,0.000000,0.000000
-0.516357,-0.603605,0.121054,0.003944,0.396282,0.095138,-0.266272,-0.550931,0.000000,0.000000
-0.528564,-0.596928,0.094949,0.006225,0.409262,0.094611,-0.250410,-0.551502,0.000000,0.000000
-0.564575,-0.593693,0.040441,0.007251,0.416984,0.095737,-0.242471,-0.538202,0.000000,0.000000
-0.491943,-0.583518,0.127187,0.010850,0.415042,0.088152,-0.235481,-0.540543,0.000000,0.000000
-0.504150,-0.575581,0.099209,0.013500,0.412106,0.080157,-0.228834,-0.520564,0.000000,0.000000
-0.407715,-0.558794,0.209833,0.019390,0.411548,0.074884,-0.222388,-0.510455,0.000000,0.000000
-0.516357,-0.541997,0.035611,0.024386,0.430549,0.085399,-0.209345,-0.452354,0.000000,0.000000
-0.455933,-0.533391,0.107581,0.026882,0.438749,0.088831,-0.202013,-0.465773,0.000000,0.000000
-0.528564,-0.532908,0.006033,0.026257,0.445616,0.091527,-0.195139,-0.457273,0.000000,0.000000
-0.564575,-0.533487,-0.043179,0.024456,0.462688,0.097927,-0.178855,-0.475355,0.000000,0.000000
-0.347290,-0.514867,0.232746,0.030704,0.498509,0.127169,-0.169583,-0.494757,0.000000,0.000000
-0.491943,-0.512575,0.028654,0.030643,0.530077,0.151270,-0.158764,-0.441523,0.000000,0.000000
-0.383301,-0.499647,0.161592,0.034571,0.552861,0.164185,-0.145179,-0.445821,0.000000,0.000000
-0.238037,-0.458676,0.307990,0.047724,0.587672,0.182647,-0.120785,-0.382417,0.000000,0.000000
-0.238037,-0.436612,0.275798,0.054566,0.687251,0.268715,-0.101965,-0.323601,0.000000,0.000000
-0.322876,-0.425238,0.142170,0.057194,0.816048,0.377262,-0.075072,-0.275995,0.000000,0.000000
-0.335083,-0.416223,0.112694,0.058859,0.927682,0.462295,-0.040709,-0.262373,0.000000,0.000000
-0.479736,-0.413074,-0.092588,0.056442,1.113011,0.580401,0.044592,-0.233217,0.000000,0.000000
-0.262451,-0.398012,0.188279,0.060398,1.207194,0.635408,0.093277,-0.268367,0.000000,0.000000
-0.214233,-0.379634,0.229723,0.065477,1.315040,0.699157,0.147779,-0.222684,0.000000,0.000000
-0.153809,-0.357051,0.282282,0.071981,1.347883,0.687229,0.203748,-0.175208,0.000000,0.000000
0.366211,-0.244680,0.848460,0.109366,1.383090,0.638041,0.312175,-0.017790,0.000000,0.000000
0.305786,-0.189634,0.688006,0.126725,1.388276,0.607027,0.361996,0.138026,0.000000,0.000000
0.184937,-0.152177,0.468266,0.136971,1.352098,0.539741,0.407648,0.225157,0.000000,0.000000
0.220947,-0.114864,0.466405,0.146854,1.301400,0.463450,0.447865,0.245180,0.000000,0.000000
0.402222,-0.037272,0.608856,0.166901,1.165621,0.297485,0.506724,0.257314,0.000000,0.000000
0.451050,0.011560,0.612009,0.180255,1.071573,0.198784,0.525683,0.316085,0.000000,0.000000
0.426636,0.053068,0.518845,0.190412,1.001557,0.130568,0.538363,0.366847,0.000000,0.000000
0.559692,0.103730,0.633281,0.203698,0.966322,0.100805,0.547492,0.392177,0.000000,0.000000
0.595703,0.213520,0.530810,0.232074,0.830175,-0.011814,0.555311,0.548091,0.000000,0.000000
0.801392,0.272307,0.734244,0.247139,0.729121,-0.092026,0.550559,0.558499,0.000000,0.000000
0.632324,0.308309,0.450388,0.253236,0.607135,-0.185685,0.538630,0.622018,0.000000,0.000000
0.535278,0.331006,0.283712,0.254150,0.519366,-0.239434,0.520591,0.610556,0.000000,0.000000
0.897827,0.419146,0.664835,0.271790,0.314797,-0.365287,0.473094,0.582486,0.000000,0.000000
0.765381,0.453769,0.432793,0.276620,0.193966,-0.437744,0.440350,0.651176,0.000000,0.000000
0.825806,0.490973,0.465045,0.282272,0.074129,-0.503627,0.401644,0.654427,0.000000,0.000000
0.704956,0.512371,0.267435,0.281827,-0.009025,-0.529875,0.359917,0.672552,0.000000,0.000000
0.716553,0.556604,0.222151,0.281462,-0.099453,-0.506280,0.275973,0.653790,0.000000,0.000000
0.656128,0.566556,0.124257,0.276746,-0.131619,-0.483923,0.236635,0.641149,0.000000,0.000000
0.462646,0.556165,-0.130042,0.264543,-0.158012,-0.457396,0.198816,0.615340,0.000000,0.000000
0.620117,0.562561,0.079939,0.259005,-0.211696,-0.459827,0.161991,0.539683,0.000000,0.000000
0.583496,0.564654,0.026170,0.252019,-0.252776,-0.449884,0.124938,0.534209,0.000000,0.000000
0.451050,0.556088,-0.145887,0.233878,-0.346445,-0.446332,0.054680,0.515161,0.000000,0.000000
0.438843,0.544364,-0.146557,0.222465,-0.401816,-0.452875,0.018148,0.466470,0.000000,0.000000
0.366211,0.526548,-0.222691,0.209110,-0.425550,-0.429367,-0.017627,0.429459,0.000000,0.000000
0.317993,0.497799,-0.249918,0.186066,-0.326163,-0.255328,-0.070108,0.384295,0.000000,0.000000
0.330200,0.481039,-0.186215,0.174898,-0.266731,-0.168334,-0.089126,0.349438,0.000000,0.000000
0.112305,0.444166,-0.460941,0.155823,-0.253340,-0.132410,-0.100795,0.334330,0.000000,0.000000
0.003662,0.400116,-0.550602,0.134630,-0.234017,-0.094102,-0.109926,0.260085,0.000000,0.000000
0.039673,0.364071,-0.450576,0.117074,-0.205943,-0.051859,-0.115357,0.178445,0.000000,0.000000
0.027466,0.300116,-0.378681,0.086550,-0.186293,-0.012789,-0.120113,0.100665,0.000000,0.000000
-0.081177,0.261987,-0.476569,0.069657,-0.140344,0.038182,-0.119086,0.079520,0.000000,0.000000
-0.081177,0.227671,-0.428998,0.054697,-0.085459,0.093169,-0.113826,0.035375,0.000000,0.000000
-0.032959,0.201608,-0.325787,0.043283,-0.006149,0.166644,-0.103120,0.008957,0.000000,0.000000
0.100098,0.172543,-0.100618,0.030062,0.103320,0.250620,-0.068407,0.019072,0.000000,0.000000
0.015869,0.156876,-0.195842,0.023285,0.171172,0.299994,-0.045286,0.062160,0.000000,0.000000
-0.008545,0.140333,-0.206765,0.016383,0.219522,0.327784,-0.020264,0.068366,0.000000,0.000000
-0.104980,0.115802,-0.306658,0.006692,0.226740,0.313699,0.005212,0.065613,0.000000,0.000000
-0.020752,0.095295,-0.161176,-0.001308,0.216088,0.262740,0.051885,0.053385,0.000000,0.000000
0.087891,0.094555,-0.009255,-0.001546,0.197102,0.226733,0.071173,0.046457,0.000000,0.000000
-0.093384,0.075761,-0.234923,-0.008548,0.182759,0.197545,0.088010,0.072413,0.000000,0.000000
0.172729,0.085458,0.121211,-0.004655,0.172612,0.173483,0.103173,0.034521,0.000000,0.000000
0.136719,0.075587,0.084906,-0.007894,0.281302,0.248258,0.140036,0.054435,0.000000,0.000000
-0.081177,0.059910,-0.195954,-0.013536,0.281407,0.231055,0.159066,0.094514,0.000000,0.000000
-0.093384,0.044581,-0.191534,-0.018876,0.280930,0.213595,0.177299,0.056109,0.000000,0.000000
-0.202026,0.019920,-0.308394,-0.027561,0.290976,0.206907,0.194706,0.024986,0.000000,0.000000
-0.081177,0.006150,-0.121287,-0.031051,0.297261,0.181915,0.225725,-0.015629,0.000000,0.000000
-0.189819,-0.013447,-0.244962,-0.037468,0.291343,0.161802,0.239379,-0.024469,0.000000,0.000000
-0.044556,-0.016558,-0.038886,-0.037510,0.290433,0.147353,0.251770,-0.064426,0.000000,0.000000
-0.214233,-0.036325,-0.247094,-0.043798,0.290577,0.134834,0.263149,-0.049317,0.000000,0.000000
-0.068970,-0.050163,-0.026120,-0.046267,0.294156,0.114432,0.283111,-0.102093,0.000000,0.000000
0.064087,-0.038738,0.142813,-0.040594,0.292882,0.102300,0.291742,-0.085189,0.000000,0.000000
-0.020752,-0.036940,0.022482,-0.038702,0.292000,0.091732,0.299500,-0.033947,0.000000,0.000000
-0.056763,-0.038922,-0.024780,-0.038284,0.290274,0.081217,0.306391,-0.024451,0.000000,0.000000
-0.153809,-0.055312,-0.136801,-0.042107,0.290762,0.065935,0.318101,-0.044152,0.000000,0.000000
-0.044556,-0.054237,0.013446,-0.040440,0.291474,0.059254,0.323131,-0.073205,0.000000,0.000000
-0.214233,-0.070236,-0.199996,-0.045227,0.287621,0.048816,0.327378,-0.061165,0.000000,0.000000
0.027466,-0.060466,0.121986,-0.040210,0.292130,0.046681,0.331288,-0.104204,0.000000,0.000000
-0.044556,-0.055301,0.014924,-0.035940,0.288212,0.031937,0.337397,-0.047225,0.000000,0.000000
0.039673,-0.045803,0.118717,-0.031300,0.288487,0.027541,0.339835,-0.044475,0.000000,0.000000
-0.129395,-0.054162,-0.104484,-0.033496,0.292048,0.026960,0.342039,-0.017326,0.000000,0.000000
-0.020752,-0.050821,0.041765,-0.031238,0.294224,0.025108,0.343917,-0.049621,0.000000,0.000000
0.051880,-0.044382,0.133697,-0.026929,0.322508,0.044307,0.349055,-0.053051,0.000000,0.000000
-0.032959,-0.043240,0.014279,-0.025693,0.423654,0.136745,0.356371,-0.015319,0.000000,0.000000
-0.166016,-0.055517,-0.153470,-0.029526,0.485567,0.184509,0.370153,-0.009497,0.000000,0.000000
-0.020752,-0.052041,0.043457,-0.027337,0.577726,0.258460,0.388107,-0.042135,0.000000,0.000000
-0.081177,-0.047799,-0.046358,-0.024220,0.736014,0.367366,0.439606,0.019148,0.000000,0.000000
0.172729,-0.025746,0.275660,-0.015223,0.843510,0.443907,0.472419,0.015392,0.000000,0.000000
0.160522,-0.007119,0.232824,-0.007782,0.980172,0.543177,0.513144,0.095748,0.000000,0.000000
0.366211,0.030214,0.466686,0.006452,1.070064,0.591673,0.559198,0.152371,0.000000,0.000000
0.341797,0.088371,0.352394,0.027542,1.226027,0.659147,0.661015,0.320964,0.000000,0.000000
0.341797,0.113714,0.316782,0.036219,1.287312,0.675048,0.714515,0.370273,0.000000,0.000000
0.547485,0.157091,0.542215,0.051399,1.321716,0.664696,0.768119,0.404729,0.000000,0.000000
0.462646,0.187646,0.381768,0.061310,1.326020,0.626673,0.820311,0.489640,0.000000,0.000000
0.692749,0.268345,0.589450,0.087577,1.268866,0.498048,0.912303,0.555937,0.000000,0.000000
0.644531,0.305963,0.470233,0.099056,1.175475,0.380817,0.946712,0.624646,0.000000,0.000000
0.789185,0.354286,0.603996,0.114205,1.050359,0.242175,0.970505,0.649497,0.000000,0.000000
0.740967,0.392954,0.483376,0.125280,0.937593,0.125603,0.984409,0.702584,0.000000,0.000000
0.861816,0.480939,0.528996,0.150356,0.765459,-0.033324,0.991161,0.758591,0.000000,0.000000
0.776978,0.510543,0.370048,0.156947,0.707723,-0.075582,0.985836,0.785387,0.000000,0.000000
0.958252,0.555314,0.559552,0.169025,0.673361,-0.092798,0.979050,0.777365,0.000000,0.000000
0.886230,0.588405,0.413708,0.176366,0.581505,-0.163257,0.968641,0.823418,0.000000,0.000000
0.910034,0.652811,0.356920,0.189682,0.212806,-0.458683,0.915670,0.835639,0.000000,0.000000
0.946655,0.682195,0.367650,0.195021,0.093531,-0.528526,0.875206,0.825447,0.000000,0.000000
0.970459,0.711022,0.360311,0.199979,0.005908,-0.563789,0.831648,0.826945,0.000000,0.000000
1.091309,0.749050,0.475383,0.208241,-0.152950,-0.664250,0.781933,0.830102,0.000000,0.000000
0.946655,0.786595,0.222306,0.209791,-0.502899,-0.873483,0.656818,0.833543,0.000000,0.000000
1.127930,0.820729,0.426668,0.216298,-0.700633,-0.988852,0.580781,0.806388,0.000000,0.000000
0.946655,0.833321,0.157408,0.214531,-0.852074,-1.051444,0.497731,0.836579,0.000000,0.000000
0.910034,0.840993,0.095891,0.210972,-0.952592,-1.060644,0.411569,0.800584,0.000000,0.000000
0.523071,0.795859,-0.378871,0.181745,-0.961807,-0.900781,0.252397,0.683616,0.000000,0.000000
0.535278,0.769801,-0.325725,0.166521,-0.889397,-0.758246,0.187006,0.582914,0.000000,0.000000
0.511475,0.743968,-0.322891,0.151838,-0.793779,-0.603274,0.132537,0.525102,0.000000,0.000000
0.366211,0.706192,-0.472119,0.133120,-0.661635,-0.425761,0.092629,0.489261,0.000000,0.000000
0.317993,0.624799,-0.426119,0.095258,-0.426249,-0.135778,0.049330,0.358323,0.000000,0.000000
0.281372,0.590456,-0.429284,0.079522,-0.307361,-0.006071,0.044259,0.342319,0.000000,0.000000
0.233154,0.554726,-0.446627,0.063738,-0.152177,0.147790,0.051574,0.330064,0.000000,0.000000
0.414429,0.540696,-0.175372,0.056564,-0.017199,0.270546,0.070024,0.315865,0.000000,0.000000
0.208740,0.490698,-0.391594,0.034683,0.201163,0.446009,0.126223,0.387672,0.000000,0.000000
0.172729,0.458902,-0.397476,0.021718,0.350164,0.560475,0.167669,0.367186,0.000000,0.000000
0.317993,0.444811,-0.176127,0.015783,0.499589,0.667122,0.217481,0.348726,0.000000,0.000000
0.341797,0.434509,-0.128774,0.011446,0.735977,0.849042,0.279701,0.389776,0.000000,0.000000
0.354004,0.421411,-0.093620,0.005920,1.197443,1.165925,0.443805,0.490222,0.000000,0.000000
0.354004,0.414670,-0.084258,0.003215,1.374048,1.255953,0.541949,0.528130,0.000000,0.000000
0.402222,0.413425,-0.015560,0.002652,1.498056,1.289148,0.644888,0.558348,0.000000,0.000000
0.499268,0.422009,0.107303,0.005791,1.598699,1.298584,0.748298,0.594367,0.000000,0.000000
0.692749,0.458179,0.325861,0.018900,1.579146,1.106179,0.945938,0.686269,0.000000,0.000000
0.765381,0.488899,0.384003,0.029853,1.404194,0.864630,1.023720,0.750272,0.000000,0.000000
0.753174,0.515327,0.330327,0.038868,1.141132,0.555872,1.079046,0.798675,0.000000,0.000000
0.861816,0.549976,0.432685,0.050682,0.820859,0.213646,1.108301,0.807804,0.000000,0.000000
1.030884,0.626132,0.562155,0.075906,0.213803,-0.367745,1.090336,0.819425,0.000000,0.000000
0.970459,0.660565,0.430409,0.086541,-0.042242,-0.582476,1.050470,0.850789,0.000000,0.000000
0.813599,0.675868,0.191292,0.089684,-0.263553,-0.748618,0.995611,0.842506,0.000000,0.000000
0.825806,0.690862,0.187422,0.092616,-0.418930,-0.840359,0.931084,0.781781,0.000000,0.000000
0.535278,0.684152,-0.206770,0.084516,-0.543666,-0.830592,0.793646,0.699685,0.000000,0.000000
0.511475,0.666885,-0.215847,0.075505,-0.558945,-0.783285,0.729369,0.598537,0.000000,0.000000
0.583496,0.658546,-0.104231,0.070113,-0.591618,-0.756188,0.667642,0.522740,0.000000,0.000000
0.474854,0.640177,-0.229627,0.061121,-0.561311,-0.670637,0.610384,0.495249,0.000000,0.000000
0.305786,0.586420,-0.389663,0.037607,-0.400254,-0.426407,0.524175,0.409329,0.000000,0.000000
0.366211,0.564399,-0.275337,0.028219,-0.254639,-0.255386,0.497774,0.357207,0.000000,0.000000
0.112305,0.519190,-0.565118,0.010419,-0.096986,-0.084879,0.484840,0.349861,0.000000,0.000000
0.245361,0.491807,-0.342286,-0.000163,0.089146,0.099920,0.486481,0.279872,0.000000,0.000000
0.087891,0.425939,-0.469512,-0.024535,0.296118,0.277498,0.518195,0.273948,0.000000,0.000000
0.136719,0.397017,-0.361526,-0.034645,0.336840,0.296375,0.540876,0.236094,0.000000,0.000000
0.015869,0.358902,-0.476411,-0.047898,0.413033,0.346032,0.567952,0.227932,0.000000,0.000000
0.160522,0.339064,-0.247987,-0.053900,0.410245,0.317421,0.593482,0.184426,0.000000,0.000000
0.148315,0.307217,-0.220696,-0.062498,0.553076,0.393638,0.659673,0.228254,0.000000,0.000000
0.100098,0.286505,-0.258899,-0.068390,0.567626,0.376913,0.690106,0.228580,0.000000,0.000000
0.064087,0.264263,-0.278023,-0.074679,0.562446,0.341911,0.718496,0.212573,0.000000,0.000000
0.076294,0.245466,-0.234961,-0.079487,0.554146,0.305357,0.744653,0.188709,0.000000,0.000000
0.148315,0.227007,-0.109294,-0.081602,0.577619,0.276220,0.791448,0.184509,0.000000,0.000000
0.100098,0.214316,-0.158455,-0.083908,0.575197,0.250065,0.811915,0.189998,0.000000,0.000000
0.197144,0.212599,-0.021490,-0.082035,0.572396,0.224886,0.830630,0.177860,0.000000,0.000000
0.233154,0.214655,0.025695,-0.078804,0.599908,0.230308,0.849080,0.198491,0.000000,0.000000
0.197144,0.197155,-0.000016,-0.080512,0.775964,0.354393,0.894508,0.189679,0.000000,0.000000
0.317993,0.209239,0.151047,-0.073565,1.011092,0.550584,0.931405,0.221951,0.000000,0.000000
0.208740,0.209189,-0.000623,-0.071377,1.312672,0.796453,0.987644,0.296544,0.000000,0.000000
0.184937,0.206764,-0.030316,-0.070145,1.595409,1.007744,1.062019,0.330177,0.000000,0.000000
0.559692,0.259648,0.416728,-0.046388,2.148922,1.379667,1.255715,0.455832,0.000000,0.000000
0.559692,0.289652,0.375056,-0.033744,2.434182,1.555247,1.375494,0.583691,0.000000,0.000000
0.740967,0.334784,0.564115,-0.015809,2.515568,1.524449,1.499965,0.676338,0.000000,0.000000
0.595703,0.360876,0.289910,-0.006637,2.338270,1.249827,1.624516,0.793848,0.000000,0.000000
0.886230,0.448718,0.607656,0.026255,1.822483,0.607453,1.770282,0.835014,0.000000,0.000000
0.994873,0.503334,0.682694,0.045948,1.514641,0.273894,1.802769,0.875963,0.000000,0.000000
1.163940,0.569394,0.825665,0.069339,1.221517,-0.021998,1.810730,0.917673,0.000000,0.000000
0.982666,0.610721,0.516648,0.082759,1.036207,-0.192070,1.799654,0.982792,0.000000,0.000000
1.019287,0.683954,0.465740,0.104925,0.891824,-0.286854,1.758021,0.950092,0.000000,0.000000
1.140137,0.729573,0.569623,0.118866,0.885433,-0.266382,1.735882,0.953223,0.000000,0.000000
1.163940,0.773009,0.543537,0.131606,0.823193,-0.300312,1.713475,0.991537,0.000000,0.000000
1.260986,0.821807,0.609971,0.145957,0.764675,-0.326711,1.687683,1.022808,0.000000,0.000000
1.224365,0.891756,0.461957,0.163191,0.665535,-0.353879,1.630317,1.072611,0.000000,0.000000
1.248779,0.927459,0.446279,0.171684,0.625009,-0.358132,1.602338,1.095883,0.000000,0.000000
1.369629,0.971676,0.552713,0.183115,0.531790,-0.410816,1.570347,1.116233,0.000000,0.000000
1.369629,1.011471,0.497442,0.192544,0.472367,-0.426756,1.535858,1.164953,0.000000,0.000000
1.260986,1.074095,0.259574,0.204178,0.310925,-0.496228,1.463613,1.238244,0.000000,0.000000
1.296997,1.096385,0.278628,0.206411,0.209704,-0.545543,1.421357,1.211077,0.000000,0.000000
1.466064,1.133353,0.462098,0.214082,0.119051,-0.581016,1.375453,1.200088,0.000000,0.000000
1.333008,1.153319,0.249544,0.215146,-0.038199,-0.677489,1.324163,1.238934,0.000000,0.000000
1.272583,1.193392,0.109987,0.217108,-0.228627,-0.735529,1.209376,1.248656,0.000000,0.000000
1.260986,1.200151,0.084493,0.213129,-0.275674,-0.715888,1.151157,1.209153,0.000000,0.000000
1.043091,1.184445,-0.196326,0.200846,-0.290710,-0.665456,1.093904,1.178950,0.000000,0.000000
1.176147,1.183616,-0.010373,0.194509,-0.309250,-0.624902,1.042988,1.097099,0.000000,0.000000
1.103516,1.175606,-0.100125,0.185670,-0.286054,-0.548061,0.997555,1.084544,0.000000,0.000000
1.030884,1.145966,-0.159837,0.163772,-0.133533,-0.310314,0.928830,1.019810,0.000000,0.000000
0.886230,1.119992,-0.324669,0.149118,-0.078897,-0.225452,0.907421,1.006113,0.000000,0.000000
0.922241,1.100217,-0.247189,0.137229,0.011208,-0.113785,0.894544,0.959804,0.000000,0.000000
0.716553,1.061851,-0.479580,0.118725,0.083432,-0.028078,0.889932,0.944912,0.000000,0.000000
0.958252,1.030247,-0.099993,0.100122,0.425430,0.309489,0.911707,0.878005,0.000000,0.000000
0.813599,1.008582,-0.270811,0.088994,0.639846,0.500295,0.945715,0.929889,0.000000,0.000000
0.825806,0.990304,-0.228471,0.079470,0.846350,0.669623,0.994259,0.934119,0.000000,0.000000
0.861816,0.964793,-0.143074,0.065366,1.040141,0.769292,1.112502,0.967031,0.000000,0.000000
0.934448,0.961759,-0.037931,0.062267,1.105963,0.783933,1.175615,0.986004,0.000000,0.000000
0.849609,0.950544,-0.140186,0.056193,1.148132,0.775220,1.238213,1.020730,0.000000,0.000000
0.994873,0.954977,0.055411,0.056170,1.184958,0.761235,1.300246,1.018920,0.000000,0.000000
1.043091,0.963788,0.110143,0.057789,1.167401,0.696384,1.358509,1.058354,0.000000,0.000000
1.091309,0.992411,0.137357,0.064909,1.113809,0.565249,1.456435,1.145819,0.000000,0.000000
1.176147,1.010785,0.229670,0.069852,1.141204,0.556781,1.502229,1.166138,0.000000,0.000000
1.321411,1.041848,0.388283,0.079405,1.113432,0.496775,1.544524,1.203021,0.000000,0.000000
1.248779,1.080066,0.234324,0.088825,0.924965,0.265468,1.606947,1.279109,0.000000,0.000000
1.127930,1.084852,0.059830,0.087955,0.789659,0.124037,1.621498,1.281403,0.000000,0.000000
1.200562,1.096423,0.144637,0.089655,0.571189,-0.087974,1.622014,1.235119,0.000000,0.000000
1.176147,1.104396,0.099654,0.089955,0.301440,-0.334231,1.603531,1.209385,0.000000,0.000000
1.296997,1.123656,0.240752,0.094479,0.116794,-0.481123,1.568547,1.171014,0.000000,0.000000
1.212158,1.133989,0.108693,0.092755,0.069831,-0.447130,1.491659,1.136038,0.000000,0.000000
1.103516,1.130942,-0.038092,0.088830,0.071046,-0.408526,1.456612,1.130944,0.000000,0.000000
1.163940,1.134242,0.041248,0.087402,-0.027174,-0.468798,1.421087,1.093981,0.000000,0.000000
0.946655,1.121452,-0.242773,0.077366,-0.139506,-0.499897,1.343178,1.087375,0.000000,0.000000
1.067505,1.116057,-0.067308,0.073026,-0.101438,-0.423720,1.305832,1.015091,0.000000,0.000000
0.934448,1.097896,-0.227435,0.064012,-0.056801,-0.346305,1.274320,1.005762,0.000000,0.000000
0.910034,1.079110,-0.234827,0.055047,0.046033,-0.220802,1.253269,0.967559,0.000000,0.000000
0.958252,1.067024,-0.151072,0.048863,0.070157,-0.178112,1.236535,0.936853,0.000000,0.000000
0.789185,1.025111,-0.327681,0.030434,0.550138,0.296345,1.248191,0.944457,0.000000,0.000000
0.910034,1.013604,-0.143847,0.025206,0.717178,0.437624,1.279281,0.922831,0.000000,0.000000
0.886230,1.000866,-0.159216,0.019673,0.770041,0.459638,1.316157,0.948614,0.000000,0.000000
0.982666,0.989773,-0.009871,0.014466,0.830427,0.459854,1.387046,0.968493,0.000000,0.000000
0.970459,0.987841,-0.024119,0.013309,0.882046,0.478521,1.425482,1.003668,0.000000,0.000000
1.091309,0.998188,0.129457,0.016793,0.870601,0.435959,1.461916,1.022838,0.000000,0.000000
0.789185,0.977288,-0.261255,0.008452,0.852254,0.389496,1.495319,1.070209,0.000000,0.000000
1.055298,0.994307,0.084709,0.014219,0.614978,0.116637,1.538285,1.041323,0.000000,0.000000
1.067505,1.001627,0.091497,0.016538,0.417425,-0.079076,1.538098,1.045032,0.000000,0.000000
1.115723,1.013036,0.142621,0.020320,0.268360,-0.214780,1.524833,1.040915,0.000000,0.000000
0.861816,0.997914,-0.189025,0.014040,0.233519,-0.231895,1.506445,1.048691,0.000000,0.000000
0.897827,0.987632,-0.124729,0.009358,0.163953,-0.265322,1.467859,0.966431,0.000000,0.000000
0.874023,0.976271,-0.142010,0.004817,0.154802,-0.254569,1.446035,0.928254,0.000000,0.000000
0.982666,0.976911,0.007994,0.004912,0.200190,-0.193726,1.428683,0.898064,0.000000,0.000000
0.910034,0.970223,-0.083596,0.002257,0.216022,-0.165311,1.414733,0.912416,0.000000,0.000000
0.789185,0.953239,-0.227876,-0.004260,0.363895,-0.000819,1.395711,0.921260,0.000000,0.000000
1.030884,0.961003,0.097056,-0.001221,0.618342,0.242494,1.407052,0.890981,0.000000,0.000000
0.958252,0.960728,-0.003436,-0.001287,0.800970,0.400046,1.434735,0.955708,0.000000,0.000000
0.970459,0.961701,0.012176,-0.000884,0.889495,0.457079,1.470053,0.984937,0.000000,0.000000
0.897827,0.941985,-0.061330,-0.008058,0.900045,0.404402,1.541224,0.978305,0.000000,0.000000
0.982666,0.946053,0.050852,-0.006291,0.891226,0.368854,1.570988,0.977894,0.000000,0.000000
0.970459,0.948493,0.030508,-0.005187,0.860336,0.313381,1.598525,1.001338,0.000000,0.000000
1.079712,0.961615,0.164023,-0.000111,0.684409,0.122861,1.615362,1.005176,0.000000,0.000000
1.067505,1.003487,0.088914,0.015207,0.322738,-0.224733,1.601773,1.101216,0.000000,0.000000
1.140137,1.017152,0.170812,0.019875,0.231511,-0.295688,1.580325,1.073677,0.000000,0.000000
1.019287,1.017366,0.002669,0.019359,0.204502,-0.300044,1.556325,1.074426,0.000000,0.000000
0.970459,1.012675,-0.058633,0.017019,0.194861,-0.287320,1.532521,1.038700,0.000000,0.000000
1.030884,1.014496,0.022762,0.017191,0.205623,-0.256356,1.510869,1.000788,0.000000,0.000000
1.019287,1.016450,0.003941,0.016889,0.156835,-0.265728,1.469047,0.987614,0.000000,0.000000
1.188354,1.033640,0.214881,0.022829,0.179265,-0.224840,1.449343,0.981420,0.000000,0.000000
1.067505,1.037027,0.042332,0.023414,0.295575,-0.096646,1.437222,1.034352,0.000000,0.000000
1.043091,1.049056,-0.008284,0.026398,0.683339,0.280514,1.451872,1.093028,0.000000,0.000000
0.970459,1.041196,-0.098246,0.022659,0.823508,0.396565,1.480896,1.101454,0.000000,0.000000
1.067505,1.043827,0.032887,0.022966,0.882725,0.427452,1.514667,1.089111,0.000000,0.000000
1.103516,1.049796,0.074612,0.024515,0.907200,0.423279,1.548916,1.110113,0.000000,0.000000
0.958252,1.035698,-0.107564,0.017842,0.897314,0.360477,1.612729,1.117098,0.000000,0.000000
0.946655,1.026794,-0.111299,0.013967,0.799582,0.243260,1.636608,1.088148,0.000000,0.000000
1.236572,1.047772,0.262236,0.021415,0.639179,0.074274,1.648124,1.054390,0.000000,0.000000
1.272583,1.070253,0.281014,0.029203,0.482052,-0.079551,1.646637,1.107889,0.000000,0.000000
1.296997,1.114433,0.253561,0.043776,0.264312,-0.264095,1.615090,1.180683,0.000000,0.000000
1.188354,1.121825,0.092369,0.045234,0.206161,-0.298864,1.592245,1.197348,0.000000,0.000000
1.236572,1.133300,0.143486,0.048181,0.196097,-0.284640,1.568330,1.175454,0.000000,0.000000
1.127930,1.132763,-0.006713,0.046535,0.258626,-0.202019,1.549098,1.178613,0.000000,0.000000
1.043091,1.123796,-0.112090,0.041776,0.312050,-0.134050,1.536104,1.153009,0.000000,0.000000
1.188354,1.130624,0.080182,0.041863,0.555139,0.117848,1.531777,1.121140,0.000000,0.000000
1.019287,1.119490,-0.139171,0.036432,0.700026,0.250968,1.547932,1.154631,0.000000,0.000000
0.922241,1.099765,-0.246561,0.027942,0.778892,0.311597,1.571277,1.132657,0.000000,0.000000
1.176147,1.107403,0.095478,0.029968,0.826616,0.338165,1.597394,1.090203,0.000000,0.000000
1.321411,1.123016,0.275549,0.034124,0.860660,0.329098,1.650763,1.130441,0.000000,0.000000
1.309204,1.141635,0.232735,0.040082,0.849178,0.297535,1.676359,1.208535,0.000000,0.000000
1.103516,1.137823,-0.047649,0.037450,0.754266,0.188797,1.695602,1.254159,0.000000,0.000000
1.272583,1.157989,0.159158,0.042716,0.491380,-0.073541,1.702115,1.212492,0.000000,0.000000
1.260986,1.168289,0.128746,0.045297,0.408205,-0.145250,1.692797,1.223008,0.000000,0.000000
1.091309,1.160591,-0.096188,0.041052,0.364203,-0.174521,1.679819,1.223992,0.000000,0.000000
1.103516,1.154883,-0.071371,0.037679,0.312866,-0.208762,1.663883,1.171110,0.000000,0.000000
1.188354,1.149268,0.054288,0.033459,0.383975,-0.108001,1.635603,1.103400,0.000000,0.000000
1.224365,1.156777,0.093871,0.035271,0.537416,0.048818,1.633848,1.127927,0.000000,0.000000
1.296997,1.170799,0.175275,0.039471,0.686719,0.190746,1.644495,1.165831,0.000000,0.000000
1.200562,1.173776,0.037202,0.039403,0.784702,0.273935,1.664082,1.221282,0.000000,0.000000
1.163940,1.168666,-0.006564,0.035210,0.884375,0.333754,1.715060,1.223905,0.000000,0.000000
1.115723,1.163372,-0.066179,0.032168,0.902803,0.330530,1.742376,1.227744,0.000000,0.000000
1.163940,1.163428,0.000711,0.031225,0.824752,0.235132,1.764951,1.211898,0.000000,0.000000
1.127930,1.159878,-0.044374,0.028957,0.699369,0.100916,1.778017,1.207650,0.000000,0.000000
1.151733,1.173602,-0.030373,0.032210,0.421361,-0.164572,1.769866,1.217866,0.000000,0.000000
1.127930,1.169035,-0.050747,0.029721,0.368535,-0.200915,1.751913,1.183679,0.000000,0.000000
1.019287,1.154060,-0.187193,0.023214,0.338159,-0.213868,1.734613,1.152957,0.000000,0.000000
1.067505,1.145404,-0.108184,0.019272,0.349131,-0.186788,1.718132,1.099461,0.000000,0.000000
1.163940,1.147258,0.023172,0.019389,0.423786,-0.100885,1.706613,1.080743,0.000000,0.000000
1.067505,1.129908,-0.086598,0.011856,0.717770,0.187131,1.715016,1.094583,0.000000,0.000000
1.067505,1.123667,-0.078064,0.009158,0.804609,0.258040,1.733729,1.101567,0.000000,0.000000
1.188354,1.130136,0.080862,0.011309,0.838271,0.273181,1.755348,1.108688,0.000000,0.000000
0.970459,1.114168,-0.199597,0.004982,0.874612,0.290338,1.777893,1.150871,0.000000,0.000000
0.994873,1.100181,-0.146262,-0.000532,0.910598,0.284676,1.825760,1.127510,0.000000,0.000000
0.910034,1.081167,-0.237684,-0.007646,0.900308,0.255394,1.847337,1.104775,0.000000,0.000000
1.140137,1.087064,0.073713,-0.005205,0.840298,0.179683,1.864798,1.059899,0.000000,0.000000
1.188354,1.097193,0.126614,-0.001251,0.734068,0.065207,1.874146,1.091396,0.000000,0.000000
1.115723,1.111590,0.005740,0.004065,0.576991,-0.086849,1.869273,1.151361,0.000000,0.000000
1.140137,1.114445,0.035682,0.005014,0.558056,-0.098937,1.861850,1.134628,0.000000,0.000000
1.019287,1.104929,-0.118953,0.001295,0.518727,-0.129770,1.852820,1.128949,0.000000,0.000000
1.127930,1.107229,0.028746,0.002118,0.471117,-0.166328,1.840561,1.085950,0.000000,0.000000
0.970459,1.095415,-0.173549,-0.002460,0.494239,-0.122155,1.816978,1.091704,0.000000,0.000000
1.103516,1.096225,0.010125,-0.002083,0.520580,-0.088786,1.808716,1.048548,0.000000,0.000000
1.127930,1.099396,0.039631,-0.000831,0.584151,-0.021640,1.804250,1.061679,0.000000,0.000000
1.079712,1.097427,-0.024605,-0.001545,0.719695,0.109761,1.808378,1.085231,0.000000,0.000000
0.886230,1.056201,-0.236070,-0.016662,0.946669,0.302323,1.845699,1.046969,0.000000,0.000000
1.188354,1.069417,0.165183,-0.011206,0.985371,0.317783,1.870646,1.018542,0.000000,0.000000
1.248779,1.087353,0.224203,-0.004144,1.041853,0.349782,1.897312,1.091271,0.000000,0.000000
1.200562,1.098674,0.141517,0.000226,1.093047,0.374155,1.927252,1.162858,0.000000,0.000000
1.212158,1.126773,0.118591,0.010540,1.062142,0.296026,1.981590,1.244092,0.000000,0.000000
1.200562,1.134151,0.092237,0.012991,0.994053,0.210861,2.002077,1.250744,0.000000,0.000000
1.212158,1.141952,0.097509,0.015527,0.868920,0.077270,2.013164,1.244268,0.000000,0.000000
1.200562,1.147813,0.073262,0.017259,0.690078,-0.098278,2.011334,1.232782,0.000000,0.000000
1.284790,1.168401,0.161689,0.023873,0.400103,-0.347603,1.969208,1.193189,0.000000,0.000000
1.200562,1.171617,0.040200,0.024363,0.349867,-0.370316,1.940011,1.197343,0.000000,0.000000
1.224365,1.176892,0.065939,0.025610,0.295986,-0.395071,1.909096,1.173425,0.000000,0.000000
1.115723,1.170775,-0.076461,0.022548,0.307412,-0.355365,1.878949,1.164666,0.000000,0.000000
1.127930,1.166974,-0.054228,0.019784,0.395063,-0.223911,1.832452,1.126994,0.000000,0.000000
1.127930,1.163069,-0.048806,0.017727,0.402990,-0.199589,1.815425,1.113629,0.000000,0.000000
1.151733,1.161936,-0.014170,0.016770,0.496977,-0.093914,1.803218,1.108362,0.000000,0.000000
1.019287,1.147671,-0.178295,0.010918,0.698464,0.106945,1.804539,1.122887,0.000000,0.000000
0.934448,1.116936,-0.253455,-0.001136,1.135517,0.495299,1.859607,1.117071,0.000000,0.000000
0.934448,1.098688,-0.228099,-0.007944,1.212543,0.534925,1.901721,1.095870,0.000000,0.000000
0.958252,1.084644,-0.175553,-0.012973,1.342613,0.623320,1.947843,1.084445,0.000000,0.000000
0.934448,1.069625,-0.187744,-0.018216,1.441812,0.674824,2.000601,1.088853,0.000000,0.000000
1.151733,1.077645,0.102851,-0.014131,1.347158,0.492430,2.097775,1.114966,0.000000,0.000000
1.212158,1.091096,0.168224,-0.008660,1.192538,0.309637,2.129137,1.150927,0.000000,0.000000
1.224365,1.104423,0.166586,-0.003403,0.935164,0.041243,2.141957,1.179177,0.000000,0.000000
1.224365,1.116417,0.149928,0.001197,0.675654,-0.209680,2.132926,1.185100,0.000000,0.000000
1.236572,1.131611,0.145780,0.006784,0.314790,-0.511982,2.068051,1.137287,0.000000,0.000000
1.260986,1.144549,0.161711,0.011432,0.222873,-0.564346,2.024011,1.131768,0.000000,0.000000
1.200562,1.150150,0.070020,0.013190,0.180957,-0.565319,1.978658,1.134283,0.000000,0.000000
1.309204,1.166055,0.198817,0.018759,0.147805,-0.557819,1.933709,1.118162,0.000000,0.000000
1.079712,1.149650,-0.097136,0.011595,0.136609,-0.490687,1.847576,1.088521,0.000000,0.000000
1.103516,1.145037,-0.057667,0.009517,0.208461,-0.388170,1.813384,1.058579,0.000000,0.000000
1.091309,1.139664,-0.067160,0.007217,0.260594,-0.311532,1.786110,1.050358,0.000000,0.000000
1.103516,1.136049,-0.045185,0.005645,0.316648,-0.236611,1.765009,1.045898,0.000000,0.000000
1.030884,1.123703,-0.128916,0.000704,0.333074,-0.191294,1.732919,1.057383,0.000000,0.000000
0.946655,1.105998,-0.221007,-0.005947,0.369519,-0.143324,1.719689,1.038867,0.000000,0.000000
0.886230,1.084022,-0.275089,-0.014021,0.399145,-0.105509,1.709810,1.003188,0.000000,0.000000
0.825806,1.058200,-0.322770,-0.023284,0.379989,-0.117688,1.700882,0.960698,0.000000,0.000000
0.776978,1.009162,-0.322479,-0.040035,0.337424,-0.145492,1.679998,0.877029,0.000000,0.000000
0.704956,0.978742,-0.380258,-0.050242,0.352037,-0.124273,1.669241,0.838247,0.000000,0.000000
0.595703,0.940438,-0.478798,-0.063099,0.414101,-0.059330,1.661709,0.792128,0.000000,0.000000
0.776978,0.924092,-0.204325,-0.067335,0.490425,0.013274,1.660590,0.732106,0.000000,0.000000
0.571899,0.869150,-0.412849,-0.083712,0.645798,0.146516,1.673857,0.743271,0.000000,0.000000
0.607910,0.843026,-0.326534,-0.090997,0.717202,0.199062,1.688331,0.703284,0.000000,0.000000
0.583496,0.817073,-0.324429,-0.098000,0.774094,0.234043,1.705750,0.688571,0.000000,0.000000
0.607910,0.796157,-0.261454,-0.102904,0.852935,0.287090,1.726912,0.673973,0.000000,0.000000
0.607910,0.753853,-0.202698,-0.112392,0.880655,0.260835,1.771127,0.648048,0.000000,0.000000
0.511475,0.729615,-0.302973,-0.118110,0.891734,0.246124,1.791422,0.652202,0.000000,0.000000
0.595703,0.716224,-0.167206,-0.119583,0.886633,0.216758,1.809570,0.624283,0.000000,0.000000
0.765381,0.721140,0.061513,-0.114150,0.910543,0.216941,1.826885,0.629555,0.000000,0.000000
0.523071,0.693340,-0.236484,-0.117729,0.952040,0.211613,1.861621,0.682639,0.000000,0.000000
0.462646,0.670270,-0.288352,-0.122847,0.956051,0.193563,1.877265,0.647043,0.000000,0.000000
0.776978,0.680941,0.133391,-0.115160,0.947260,0.163286,1.891869,0.603086,0.000000,0.000000
0.692749,0.682122,0.014760,-0.111263,0.937785,0.135571,1.903406,0.664766,0.000000,0.000000
0.583496,0.671018,-0.121558,-0.108835,0.856460,0.027616,1.916451,0.679855,0.000000,0.000000
0.668335,0.670750,-0.003354,-0.105671,0.977643,0.130111,1.928505,0.660511,0.000000,0.000000
0.668335,0.670509,-0.003019,-0.102591,0.993672,0.128822,1.939623,0.671786,0.000000,0.000000
0.680542,0.671512,0.012542,-0.099137,1.000209,0.119346,1.949547,0.678707,0.000000,0.000000
0.523071,0.664017,-0.195729,-0.096180,1.009514,0.100084,1.966602,0.713070,0.000000,0.000000
0.571899,0.654806,-0.115159,-0.096749,1.015423,0.092795,1.973875,0.661596,0.000000,0.000000
0.595703,0.648895,-0.073881,-0.096063,1.014026,0.078992,1.980239,0.639634,0.000000,0.000000
0.523071,0.636313,-0.157100,-0.097894,1.007131,0.060665,1.985605,0.630650,0.000000,0.000000
0.668335,0.634762,0.046629,-0.092633,1.005106,0.037863,1.993677,0.599102,0.000000,0.000000
0.595703,0.630856,-0.048823,-0.091319,1.003625,0.027223,1.996650,0.622344,0.000000,0.000000
0.571899,0.624960,-0.073695,-0.090790,1.014499,0.028972,1.999655,0.616704,0.000000,0.000000
0.595703,0.622034,-0.036571,-0.089164,1.022554,0.028480,2.002028,0.605105,0.000000,0.000000
0.523071,0.611966,-0.123464,-0.087668,1.031519,0.022111,2.005373,0.609881,0.000000,0.000000
0.644531,0.615222,0.040705,-0.083817,1.028391,0.012117,2.006180,0.584336,0.000000,0.000000
0.607910,0.614491,-0.009140,-0.081576,1.024147,0.001816,2.006396,0.602650,0.000000,0.000000
0.571899,0.610232,-0.053240,-0.080726,1.020717,-0.007061,2.006098,0.603972,0.000000,0.000000
0.414429,0.581763,-0.232409,-0.086520,1.019470,-0.018304,2.004438,0.568112,0.000000,0.000000
0.595703,0.583157,0.017421,-0.083402,1.017874,-0.025331,2.003601,0.521078,0.000000,0.000000
0.511475,0.575989,-0.089623,-0.083588,1.044867,-0.003345,2.002246,0.542673,0.000000,0.000000
0.330200,0.551410,-0.307236,-0.090298,1.039047,-0.014378,2.001235,0.532517,0.000000,0.000000
0.499268,0.539306,-0.055609,-0.089414,1.053813,-0.011572,2.000268,0.471802,0.000000,0.000000
0.559692,0.541344,0.025482,-0.085967,1.055736,-0.015041,1.999228,0.479247,0.000000,0.000000
0.535278,0.540738,-0.007583,-0.083616,1.056503,-0.019190,1.997930,0.502461,0.000000,0.000000
0.632324,0.549896,0.114483,-0.077673,1.058557,-0.021639,1.996349,0.511082,0.000000,0.000000
0.547485,0.548340,-0.001187,-0.073650,1.057158,-0.030105,1.992121,0.540977,0.000000,0.000000
0.620117,0.555517,0.089722,-0.068748,1.057911,-0.032337,1.989627,0.540927,0.000000,0.000000
0.583496,0.558315,0.034973,-0.065637,1.056549,-0.036075,1.986853,0.562574,0.000000,0.000000
0.668335,0.569317,0.137524,-0.059542,1.053573,-0.040861,1.983681,0.566326,0.000000,0.000000
0.620117,0.590944,0.040477,-0.048121,1.051206,-0.044934,1.976797,0.639439,0.000000,0.000000
0.620117,0.593862,0.036501,-0.045582,1.046869,-0.049282,1.972974,0.630531,0.000000,0.000000
0.740967,0.608572,0.183851,-0.038699,1.046454,-0.049479,1.969074,0.624254,0.000000,0.000000
0.753174,0.623032,0.180790,-0.032115,1.047088,-0.048231,1.965271,0.656406,0.000000,0.000000
0.583496,0.629693,-0.064162,-0.027852,1.050464,-0.042594,1.957966,0.697346,0.000000,0.000000
0.559692,0.622693,-0.087500,-0.029641,1.052842,-0.039297,1.954677,0.660368,0.000000,0.000000
0.620117,0.622435,-0.003219,-0.028848,1.052648,-0.038842,1.951572,0.627503,0.000000,0.000000
0.451050,0.605297,-0.214232,-0.034410,1.052050,-0.038685,1.948408,0.622736,0.000000,0.000000
0.451050,0.583570,-0.184227,-0.040448,1.053417,-0.036840,1.942247,0.555981,0.000000,0.000000
0.716553,0.596869,0.166219,-0.034248,1.051018,-0.039308,1.939108,0.521798,0.000000,0.000000
0.765381,0.613720,0.210651,-0.026901,1.047870,-0.042026,1.935908,0.577965,0.000000,0.000000
0.632324,0.615580,0.023255,-0.025396,1.046948,-0.041927,1.932601,0.631841,0.000000,0.000000
0.487061,0.603137,-0.161216,-0.028567,1.048165,-0.038630,1.926234,0.624084,0.000000,0.000000
0.474854,0.590308,-0.160354,-0.032520,1.049612,-0.036564,1.923236,0.580346,0.000000,0.000000
0.499268,0.581204,-0.113801,-0.034959,1.048484,-0.037422,1.920332,0.546185,0.000000,0.000000
0.511475,0.574231,-0.077471,-0.036234,1.049270,-0.036615,1.917184,0.529532,0.000000,0.000000
0.571899,0.556375,0.021562,-0.040569,1.051006,-0.035462,1.911547,0.476295,0.000000,0.000000
0.583496,0.559087,0.033875,-0.038335,1.051316,-0.035529,1.908725,0.502866,0.000000,0.000000
0.668335,0.570012,0.136666,-0.033085,1.052376,-0.034762,1.905994,0.524991,0.000000,0.000000
0.535278,0.566539,-0.043417,-0.033395,1.053382,-0.033679,1.903255,0.566034,0.000000,0.000000
0.462646,0.556149,-0.129865,-0.036289,1.054053,-0.033032,1.900601,0.554626,0.000000,0.000000
0.668335,0.552471,0.160923,-0.035338,1.055879,-0.032203,1.895508,0.482301,0.000000,0.000000
0.438843,0.541108,-0.142035,-0.038539,1.057069,-0.031310,1.893014,0.536416,0.000000,0.000000
0.559692,0.542966,0.023231,-0.036686,1.057869,-0.031073,1.890566,0.505015,0.000000,0.000000
0.583496,0.550667,0.045640,-0.031676,1.052916,-0.036179,1.885088,0.536442,0.000000,0.000000
