0.010986,0.001099,0.018683,0.000560,-0.000355,-0.000347,-0.000007,-0.000006,0.000000,0.000000
-0.133667,-0.012378,-0.168455,-0.004510,0.001295,0.001357,-0.000025,0.000316,0.000000,0.000000
-0.182495,-0.029390,-0.211594,-0.010722,0.003090,0.002847,0.000017,-0.003496,0.000000,0.000000
-0.291138,-0.055564,-0.328821,-0.020265,0.001968,0.001115,-0.000160,-0.011443,0.000000,0.000000
-0.472412,-0.131525,-0.473461,-0.047125,0.009939,0.004961,0.000210,-0.045316,0.000000,0.000000
-0.581055,-0.176478,-0.561906,-0.062568,0.005917,-0.002264,0.000075,-0.071430,0.000000,0.000000
-0.460205,-0.204850,-0.354664,-0.071331,0.005863,-0.006488,-0.000230,-0.103361,0.000000,0.000000
-0.472412,-0.276341,-0.272321,-0.093365,0.014348,-0.008647,-0.000973,-0.170866,0.000000,0.000000
-0.653687,-0.314076,-0.471681,-0.104715,0.017120,-0.011898,-0.001591,-0.203202,0.000000,0.000000
-0.811157,-0.363784,-0.621352,-0.120214,0.032243,-0.003465,-0.002389,-0.237281,0.000000,0.000000
-0.883179,-0.415723,-0.649243,-0.136085,0.032402,-0.010927,-0.003355,-0.276215,0.000000,0.000000
-0.932007,-0.502941,-0.595925,-0.160304,0.036470,-0.024271,-0.006342,-0.361658,0.000000,0.000000
-0.726318,-0.525279,-0.279222,-0.163871,0.043187,-0.027297,-0.008100,-0.405718,0.000000,0.000000
-0.811157,-0.553866,-0.357349,-0.169676,0.045767,-0.034065,-0.010601,-0.443806,0.000000,0.000000
-0.847168,-0.583197,-0.366627,-0.175584,0.044550,-0.044391,-0.013835,-0.479624,0.000000,0.000000
-0.689697,-0.613265,-0.106552,-0.176223,0.047848,-0.058738,-0.022123,-0.544954,0.000000,0.000000
-0.629272,-0.614865,-0.020010,-0.171536,0.046940,-0.067546,-0.027250,-0.569696,0.000000,0.000000
-0.871582,-0.640537,-0.320892,-0.176017,0.048114,-0.073513,-0.032868,-0.587851,0.000000,0.000000
-0.822754,-0.658759,-0.227774,-0.177570,0.054710,-0.074001,-0.038897,-0.608600,0.000000,0.000000
-0.750122,-0.667895,-0.114203,-0.175669,0.052310,-0.083180,-0.045382,-0.628956,0.000000,0.000000
-0.895386,-0.693705,-0.280112,-0.174927,0.056037,-0.091781,-0.059243,-0.659421,0.000000,0.000000
-0.678101,-0.692144,0.019506,-0.169094,0.066975,-0.087001,-0.066200,-0.675378,0.000000,0.000000
-0.629272,-0.685857,0.078590,-0.161664,0.065939,-0.093301,-0.073759,-0.686501,0.000000,0.000000
-0.484619,-0.665035,0.250578,-0.144310,0.069133,-0.099006,-0.089163,-0.696471,0.000000,0.000000
-0.738525,-0.672384,-0.091863,-0.142736,0.073822,-0.097443,-0.097137,-0.693401,0.000000,0.000000
-0.701904,-0.675336,-0.036900,-0.139561,0.068721,-0.105228,-0.105497,-0.693784,0.000000,0.000000
-0.714111,-0.679214,-0.048469,-0.136828,0.075367,-0.101161,-0.113739,-0.694839,0.000000,0.000000
-0.738525,-0.688286,-0.069693,-0.132102,0.076341,-0.104713,-0.130344,-0.699187,0.000000,0.000000
-0.678101,-0.687267,0.012747,-0.127757,0.079017,-0.104098,-0.138564,-0.702515,0.000000,0.000000
-0.665894,-0.685130,0.026717,-0.123122,0.083841,-0.100823,-0.146998,-0.704693,0.000000,0.000000
-0.568848,-0.673502,0.145353,-0.115068,0.093232,-0.093534,-0.154483,-0.704794,0.000000,0.000000
-0.532837,-0.660893,0.177855,-0.103521,0.095483,-0.094375,-0.169212,-0.699286,0.000000,0.000000
-0.581055,-0.652909,0.099798,-0.097422,0.105435,-0.085440,-0.176321,-0.693421,0.000000,0.000000
-0.653687,-0.652987,-0.000972,-0.094528,0.103165,-0.088205,-0.183565,-0.687003,0.000000,0.000000
-0.617676,-0.649456,0.044139,-0.090368,0.104694,-0.087447,-0.190303,-0.682152,0.000000,0.000000
-0.496826,-0.634193,0.190787,-0.081933,0.114016,-0.078748,-0.196804,-0.677520,0.000000,0.000000
-0.678101,-0.638141,-0.055500,-0.078577,0.111016,-0.081468,-0.210028,-0.664157,0.000000,0.000000
-0.593262,-0.633653,0.056098,-0.074537,0.113772,-0.078653,-0.216375,-0.661414,0.000000,0.000000
-0.678101,-0.638098,-0.055549,-0.073967,0.113683,-0.078460,-0.222653,-0.658082,0.000000,0.000000
-0.701904,-0.643684,-0.080862,-0.071701,0.116186,-0.075669,-0.234657,-0.655743,0.000000,0.000000
-0.738525,-0.653168,-0.118004,-0.073090,0.122426,-0.069289,-0.240551,-0.656846,0.000000,0.000000
-0.568848,-0.644736,0.105891,-0.067720,0.120602,-0.071112,-0.246387,-0.660412,0.000000,0.000000
-0.617676,-0.642030,0.033826,-0.064674,0.120667,-0.070997,-0.251907,-0.660112,0.000000,0.000000
-0.617676,-0.621088,0.004739,-0.053230,0.127666,-0.063578,-0.261945,-0.651514,0.000000,0.000000
-0.617676,-0.620747,0.004266,-0.051505,0.129936,-0.060728,-0.266870,-0.646290,0.000000,0.000000
-0.701904,-0.628863,-0.101447,-0.053003,0.129076,-0.060896,-0.271780,-0.642527,0.000000,0.000000
-0.593262,-0.625302,0.044501,-0.050078,0.131504,-0.058036,-0.276512,-0.642205,0.000000,0.000000
-0.811157,-0.634467,-0.245403,-0.050673,0.132591,-0.055598,-0.285636,-0.636588,0.000000,0.000000
-0.605469,-0.631568,0.036249,-0.048065,0.133828,-0.054120,-0.289970,-0.639428,0.000000,0.000000
-0.532837,-0.621695,0.123414,-0.042921,0.134151,-0.053369,-0.294304,-0.640536,0.000000,0.000000
-0.375366,-0.597062,0.307910,-0.032396,0.134489,-0.052332,-0.298533,-0.638248,0.000000,0.000000
-0.291138,-0.560689,0.374414,-0.016913,0.135657,-0.048443,-0.306540,-0.620652,0.000000,0.000000
-0.641479,-0.568768,-0.100988,-0.019435,0.135394,-0.046563,-0.310324,-0.605601,0.000000,0.000000
-0.532837,-0.565175,0.044850,-0.017507,0.136287,-0.043895,-0.313902,-0.597362,0.000000,0.000000
-0.701904,-0.578848,-0.171158,-0.022116,0.136865,-0.041568,-0.317285,-0.590368,0.000000,0.000000
-0.424194,-0.563383,0.193317,-0.015653,0.137334,-0.039797,-0.320534,-0.589500,0.000000,0.000000
-0.484619,-0.540782,0.078004,-0.006437,0.137653,-0.035858,-0.326619,-0.575312,0.000000,0.000000
-0.447998,-0.531504,0.115980,-0.002765,0.138894,-0.032663,-0.329358,-0.567089,0.000000,0.000000
-0.411987,-0.519552,0.149395,0.001800,0.138787,-0.030723,-0.331905,-0.558396,0.000000,0.000000
-0.314941,-0.483972,0.234764,0.014847,0.140024,-0.024904,-0.336326,-0.536409,0.000000,0.000000
-0.363770,-0.471952,0.150253,0.018910,0.139805,-0.022410,-0.338221,-0.522107,0.000000,0.000000
-0.593262,-0.484083,-0.151638,0.013793,0.139562,-0.019842,-0.339899,-0.508320,0.000000,0.000000
-0.411987,-0.476873,0.090119,0.016083,0.138769,-0.018307,-0.341440,-0.502242,0.000000,0.000000
-0.339355,-0.455084,0.160703,0.023202,0.142018,-0.010720,-0.343574,-0.487959,0.000000,0.000000
-0.303345,-0.439910,0.189713,0.028197,0.142702,-0.007750,-0.344313,-0.478631,0.000000,0.000000
-0.218506,-0.417770,0.276756,0.035654,0.142664,-0.005321,-0.344857,-0.467382,0.000000,0.000000
-0.496826,-0.425676,-0.098364,0.031633,0.142976,-0.002242,-0.345150,-0.452645,0.000000,0.000000
-0.568848,-0.442002,-0.176177,0.023663,0.143719,0.002806,-0.345127,-0.439449,0.000000,0.000000
-0.266724,-0.424474,0.219098,0.029526,0.143287,0.003799,-0.344853,-0.439997,0.000000,0.000000
-0.314941,-0.413521,0.136916,0.032747,0.143362,0.005615,-0.344468,-0.435001,0.000000,0.000000
-0.411987,-0.413367,0.001917,0.031823,0.144132,0.008183,-0.343893,-0.428054,0.000000,0.000000
-0.351562,-0.413600,0.086163,0.029935,0.144882,0.011716,-0.342257,-0.421542,0.000000,0.000000
-0.327148,-0.404954,0.108064,0.032279,0.144846,0.012927,-0.341276,-0.418355,0.000000,0.000000
-0.351562,-0.399615,0.066740,0.033313,0.145111,0.014479,-0.340157,-0.413411,0.000000,0.000000
-0.327148,-0.392369,0.090582,0.035031,0.145700,0.016321,-0.338918,-0.408249,0.000000,0.000000
-0.278931,-0.377352,0.136697,0.038546,0.145316,0.018422,-0.336103,-0.396952,0.000000,0.000000
-0.266724,-0.366289,0.138272,0.041537,0.146487,0.020911,-0.334518,-0.389762,0.000000,0.000000
-0.303345,-0.359995,0.078689,0.042652,0.145135,0.021012,-0.332842,-0.381333,0.000000,0.000000
-0.266724,-0.350668,0.116589,0.044870,0.146293,0.023582,-0.331037,-0.373441,0.000000,0.000000
-0.291138,-0.344715,0.074413,0.045756,0.147336,0.026020,-0.329034,-0.364958,0.000000,0.000000
-0.314941,-0.342354,0.038073,0.043945,0.148525,0.029600,-0.324569,-0.351730,0.000000,0.000000
-0.375366,-0.345655,-0.041266,0.041389,0.148658,0.030697,-0.322151,-0.346955,0.000000,0.000000
-0.109863,-0.322076,0.294740,0.048989,0.149674,0.032408,-0.319632,-0.344535,0.000000,0.000000
-0.182495,-0.308574,0.175110,0.051163,0.152041,0.036631,-0.314041,-0.329341,0.000000,0.000000
-0.278931,-0.305610,0.037054,0.050740,0.152035,0.037597,-0.311053,-0.320673,0.000000,0.000000
-0.436401,-0.318689,-0.163491,0.044313,0.152625,0.039077,-0.308008,-0.313678,0.000000,0.000000
-0.460205,-0.332841,-0.176895,0.037677,0.152083,0.038917,-0.304895,-0.312688,0.000000,0.000000
-0.085449,-0.296713,0.293675,0.048859,0.151074,0.038021,-0.298704,-0.314978,0.000000,0.000000
-0.194092,-0.286451,0.128276,0.051242,0.152019,0.039644,-0.295568,-0.306945,0.000000,0.000000
-0.351562,-0.292962,-0.081382,0.047263,0.153128,0.041485,-0.292305,-0.298137,0.000000,0.000000
-0.351562,-0.298822,-0.073258,0.043647,0.153219,0.041964,-0.288966,-0.293892,0.000000,0.000000
-0.266724,-0.285143,0.025607,0.046063,0.154522,0.043612,-0.282134,-0.288234,0.000000,0.000000
-0.266724,-0.283301,0.023024,0.045372,0.154106,0.043388,-0.278665,-0.284514,0.000000,0.000000
-0.314941,-0.286465,-0.039551,0.042824,0.154491,0.043894,-0.275173,-0.281341,0.000000,0.000000
-0.278931,-0.285711,0.009418,0.041822,0.155581,0.044904,-0.271661,-0.280061,0.000000,0.000000
-0.049438,-0.262084,0.295341,0.049428,0.156481,0.045545,-0.268026,-0.278843,0.000000,0.000000
-0.182495,-0.239327,0.078933,0.054856,0.157099,0.046939,-0.260626,-0.260237,0.000000,0.000000
-0.254517,-0.240846,-0.018987,0.052640,0.157656,0.048019,-0.256835,-0.250881,0.000000,0.000000
-0.122070,-0.228968,0.148469,0.055515,0.157666,0.048349,-0.252985,-0.244759,0.000000,0.000000
-0.339355,-0.240007,-0.137984,0.049710,0.157896,0.049052,-0.249086,-0.236860,0.000000,0.000000
-0.000610,-0.196719,0.272373,0.062763,0.158528,0.050196,-0.241193,-0.226593,0.000000,0.000000
-0.133667,-0.190414,0.078815,0.063245,0.158935,0.051435,-0.237119,-0.214305,0.000000,0.000000
-0.122070,-0.183579,0.085421,0.063910,0.158938,0.052236,-0.232965,-0.203758,0.000000,0.000000
-0.037231,-0.150335,0.157088,0.072368,0.161112,0.056181,-0.224294,-0.181238,0.000000,0.000000
-0.145874,-0.149889,0.005576,0.070364,0.160794,0.056985,-0.219777,-0.168284,0.000000,0.000000
-0.170288,-0.151929,-0.025499,0.067488,0.161188,0.058290,-0.215186,-0.159042,0.000000,0.000000
-0.158081,-0.152544,-0.007690,0.065233,0.161541,0.059251,-0.210478,-0.153112,0.000000,0.000000
-0.314941,-0.168183,-0.203831,0.055505,0.162141,0.060463,-0.200872,-0.146061,0.000000,0.000000
-0.266724,-0.178037,-0.123175,0.050145,0.162343,0.060328,-0.196047,-0.148858,0.000000,0.000000
-0.278931,-0.188127,-0.126117,0.044857,0.162445,0.059717,-0.191228,-0.153788,0.000000,0.000000
-0.230713,-0.192385,-0.047317,0.042092,0.162783,0.059059,-0.185922,-0.159892,0.000000,0.000000
-0.278931,-0.201040,-0.108183,0.037584,0.164009,0.059084,-0.181195,-0.165896,0.000000,0.000000
-0.254517,-0.212299,-0.058635,0.031214,0.165114,0.057033,-0.171888,-0.179550,0.000000,0.000000
-0.206299,-0.211699,0.007500,0.030503,0.165667,0.055799,-0.167366,-0.185797,0.000000,0.000000
-0.218506,-0.212380,-0.008508,0.029332,0.164947,0.053399,-0.163017,-0.190120,0.000000,0.000000
-0.218506,-0.212992,-0.006807,0.028248,0.165145,0.051970,-0.158300,-0.193102,0.000000,0.000000
-0.339355,-0.223928,-0.160308,0.022457,0.165257,0.048968,-0.150254,-0.197252,0.000000,0.000000
-0.242920,-0.225827,-0.023739,0.021071,0.165047,0.046977,-0.146436,-0.202234,0.000000,0.000000
-0.218506,-0.225095,0.009152,0.020714,0.165551,0.045693,-0.142720,-0.206368,0.000000,0.000000
-0.097656,-0.212351,0.159298,0.024871,0.166008,0.044437,-0.139117,-0.209124,0.000000,0.000000
-0.182495,-0.209365,0.037320,0.025245,0.166130,0.043235,-0.135625,-0.207294,0.000000,0.000000
0.035400,-0.175934,0.293519,0.036178,0.166636,0.041554,-0.128866,-0.200754,0.000000,0.000000
-0.182495,-0.176590,-0.008202,0.034846,0.165769,0.040345,-0.125580,-0.190629,0.000000,0.000000
0.071411,-0.151790,0.310001,0.043101,0.166042,0.040231,-0.122357,-0.183804,0.000000,0.000000
0.108032,-0.125807,0.324777,0.051551,0.167238,0.041563,-0.119068,-0.171502,0.000000,0.000000
-0.085449,-0.109460,0.033350,0.054481,0.168332,0.044095,-0.112173,-0.139247,0.000000,0.000000
0.083618,-0.090152,0.241348,0.060087,0.168586,0.045040,-0.108599,-0.127388,0.000000,0.000000
0.010986,-0.080038,0.126423,0.062077,0.168251,0.045740,-0.104963,-0.113233,0.000000,0.000000
-0.109863,-0.072631,-0.051711,0.061056,0.168927,0.048599,-0.097314,-0.087512,0.000000,0.000000
-0.194092,-0.084778,-0.151825,0.054669,0.169427,0.049922,-0.093364,-0.079847,0.000000,0.000000
-0.061646,-0.082464,0.028912,0.053897,0.169958,0.050735,-0.089311,-0.078076,0.000000,0.000000
-0.085449,-0.082763,-0.003732,0.052168,0.169996,0.050987,-0.085242,-0.076130,0.000000,0.000000
-0.012817,-0.075768,0.087432,0.053226,0.168970,0.050073,-0.081192,-0.074878,0.000000,0.000000
-0.025024,-0.078102,0.073723,0.049298,0.168362,0.049585,-0.073186,-0.072362,0.000000,0.000000
0.252686,-0.045023,0.413484,0.060223,0.169220,0.050386,-0.069180,-0.070873,0.000000,0.000000
0.144043,-0.026117,0.236333,0.065507,0.169638,0.051433,-0.065078,-0.059777,0.000000,0.000000
-0.097656,-0.013617,-0.116722,0.066077,0.170520,0.054527,-0.056618,-0.030150,0.000000,0.000000
-0.037231,-0.015978,-0.029519,0.063209,0.170905,0.055675,-0.052196,-0.021608,0.000000,0.000000
0.131836,-0.001197,0.184768,0.066856,0.172066,0.057307,-0.047677,-0.016275,0.000000,0.000000
-0.254517,-0.026529,-0.316642,0.055351,0.171503,0.057432,-0.043108,-0.008054,0.000000,0.000000
0.010986,-0.009568,0.028546,0.058275,0.172770,0.058591,-0.033825,-0.006751,0.000000,0.000000
0.010986,-0.009568,0.028546,0.058275,0.172770,0.058591,-0.033825,-0.006751,0.000000,0.000000
-0.061646,-0.012926,-0.067666,0.053549,0.173228,0.058942,-0.024464,-0.001185,0.000000,0.000000
0.131836,0.001550,0.180898,0.057369,0.173009,0.058368,-0.019774,-0.000959,0.000000,0.000000
0.156250,0.017020,0.193433,0.061451,0.172931,0.058236,-0.015126,0.003534,0.000000,0.000000
-0.037231,0.025224,-0.086744,0.060725,0.174704,0.060517,-0.005577,0.021542,0.000000,0.000000
0.071411,0.029843,0.057733,0.060636,0.174376,0.060236,-0.000771,0.026516,0.000000,0.000000
0.216675,0.048526,0.233540,0.065823,0.174878,0.060740,0.004076,0.031415,0.000000,0.000000
0.131836,0.052435,0.110274,0.063454,0.177047,0.063113,0.014060,0.045524,0.000000,0.000000
-0.037231,0.043468,-0.112089,0.058187,0.177592,0.063637,0.019161,0.051708,0.000000,0.000000
-0.012817,0.037840,-0.070357,0.054331,0.178978,0.064595,0.024299,0.053352,0.000000,0.000000
0.131836,0.047239,0.117495,0.056226,0.178983,0.063917,0.029420,0.052787,0.000000,0.000000
-0.073242,0.045002,-0.164228,0.051941,0.177834,0.062010,0.039470,0.060081,0.000000,0.000000
0.108032,0.051305,0.078788,0.052747,0.178330,0.061783,0.044445,0.059529,0.000000,0.000000
0.108032,0.056978,0.070909,0.053292,0.178593,0.061422,0.049372,0.061006,0.000000,0.000000
0.083618,0.059642,0.033300,0.052692,0.178860,0.061112,0.054292,0.063743,0.000000,0.000000
-0.085449,0.044050,-0.179927,0.043742,0.177992,0.059135,0.063821,0.067773,0.000000,0.000000
0.252686,0.064913,0.260808,0.050254,0.178087,0.058187,0.068505,0.064379,0.000000,0.000000
0.010986,0.059521,-0.067409,0.046724,0.178595,0.058128,0.073169,0.068287,0.000000,0.000000
-0.073242,0.046244,-0.165953,0.040344,0.180316,0.058969,0.077909,0.069450,0.000000,0.000000
0.083618,0.049006,0.048073,0.039008,0.181141,0.057146,0.087237,0.063584,0.000000,0.000000
0.059814,0.050087,0.013511,0.038243,0.182016,0.056748,0.091799,0.062851,0.000000,0.000000
0.180664,0.063144,0.163222,0.041992,0.182133,0.055611,0.096286,0.062604,0.000000,0.000000
0.131836,0.070014,0.085864,0.043308,0.181782,0.054336,0.100696,0.066308,0.000000,0.000000
0.156250,0.078637,0.107796,0.045243,0.181182,0.053016,0.104981,0.070866,0.000000,0.000000
-0.037231,0.065356,-0.142490,0.037610,0.181418,0.052116,0.113349,0.079983,0.000000,0.000000
-0.025024,0.056318,-0.112976,0.033092,0.181861,0.051549,0.117501,0.078906,0.000000,0.000000
0.071411,0.057827,0.018866,0.032665,0.182014,0.050448,0.121573,0.075362,0.000000,0.000000
0.120239,0.066390,0.074707,0.033914,0.179878,0.046084,0.129340,0.072427,0.000000,0.000000
0.095825,0.069333,0.036836,0.034002,0.179115,0.044538,0.132942,0.073497,0.000000,0.000000
0.083618,0.070762,0.017856,0.033517,0.180482,0.045138,0.136528,0.075124,0.000000,0.000000
0.035400,0.067226,-0.044202,0.031186,0.180636,0.044553,0.140042,0.076634,0.000000,0.000000
-0.158081,0.039633,-0.274590,0.019059,0.181172,0.043166,0.146974,0.074845,0.000000,0.000000
0.047607,0.040431,0.009968,0.018787,0.181537,0.041852,0.150410,0.066979,0.000000,0.000000
-0.037231,0.032665,-0.097078,0.015311,0.181529,0.040276,0.153695,0.061606,0.000000,0.000000
0.216675,0.051066,0.230013,0.021752,0.181918,0.038948,0.156865,0.055420,0.000000,0.000000
0.047607,0.051507,-0.005416,0.020622,0.182315,0.037010,0.162973,0.057602,0.000000,0.000000
-0.000610,0.046295,-0.065147,0.018049,0.183477,0.037007,0.165942,0.058150,0.000000,0.000000
-0.037231,0.037943,-0.104409,0.014375,0.183131,0.035380,0.168837,0.056898,0.000000,0.000000
0.083618,0.042510,0.057091,0.015657,0.182398,0.033252,0.171574,0.053375,0.000000,0.000000
-0.049438,0.023941,-0.101911,0.007885,0.183623,0.031792,0.176770,0.048204,0.000000,0.000000
0.241089,0.045656,0.271156,0.015783,0.183235,0.029820,0.179198,0.042835,0.000000,0.000000
0.289307,0.070021,0.304891,0.024456,0.183721,0.029340,0.181552,0.045577,0.000000,0.000000
0.180664,0.081085,0.138304,0.027872,0.181939,0.027325,0.183782,0.054739,0.000000,0.000000
0.120239,0.105883,0.019939,0.035263,0.182244,0.028258,0.188159,0.078233,0.000000,0.000000
0.180664,0.113361,0.093476,0.037009,0.182391,0.028870,0.190449,0.088416,0.000000,0.000000
0.108032,0.112828,-0.006661,0.035699,0.181953,0.029022,0.192736,0.097782,0.000000,0.000000
0.095825,0.111128,-0.021254,0.033990,0.181807,0.029350,0.195053,0.104184,0.000000,0.000000
0.180664,0.134118,0.064645,0.040402,0.181927,0.030480,0.199794,0.116355,0.000000,0.000000
0.228882,0.143594,0.118461,0.042744,0.182203,0.031395,0.202300,0.123728,0.000000,0.000000
0.180664,0.147301,0.046337,0.042852,0.182164,0.032122,0.204847,0.131769,0.000000,0.000000
0.180664,0.150637,0.041704,0.042817,0.182432,0.033113,0.207456,0.138553,0.000000,0.000000
-0.037231,0.110603,-0.205366,0.025540,0.181310,0.032605,0.212810,0.141269,0.000000,0.000000
0.192261,0.118769,0.102073,0.027836,0.181710,0.032445,0.215494,0.134169,0.000000,0.000000
0.192261,0.126118,0.091805,0.029755,0.182922,0.033275,0.218158,0.131663,0.000000,0.000000
0.083618,0.121868,-0.053160,0.027267,0.184919,0.035111,0.220727,0.132059,0.000000,0.000000
0.204468,0.137562,0.092920,0.031448,0.183220,0.032898,0.225861,0.132831,0.000000,0.000000
0.131836,0.136989,-0.007158,0.030290,0.181690,0.031389,0.228344,0.136259,0.000000,0.000000
-0.037231,0.119567,-0.217776,0.022848,0.181765,0.031338,0.230903,0.138536,0.000000,0.000000
0.108032,0.118414,-0.014419,0.021730,0.182685,0.031565,0.233515,0.134910,0.000000,0.000000
0.192261,0.123765,0.095132,0.022478,0.183532,0.030915,0.238580,0.129226,0.000000,0.000000
0.168457,0.128235,0.055865,0.023480,0.183280,0.030101,0.241024,0.129539,0.000000,0.000000
0.059814,0.121393,-0.085525,0.020210,0.186598,0.033058,0.243328,0.130998,0.000000,0.000000
0.325317,0.141785,0.254906,0.027250,0.185846,0.031871,0.245473,0.129826,0.000000,0.000000
0.192261,0.154671,0.052200,0.030374,0.585463,0.412338,0.270296,0.158190,0.000000,0.000000
0.192261,0.158430,0.046994,0.030873,1.041236,0.821794,0.323582,0.200680,0.000000,0.000000
0.264893,0.169076,0.133078,0.033939,1.329729,1.044463,0.399706,0.249525,0.000000,0.000000
0.518799,0.204049,0.437153,0.046035,1.513081,1.151376,0.488594,0.296854,0.000000,0.000000
0.434570,0.240212,0.269942,0.056712,1.526766,1.015824,0.665750,0.373625,0.000000,0.000000
0.482788,0.264470,0.303220,0.064107,1.464965,0.891730,0.741145,0.393773,0.000000,0.000000
0.664062,0.304429,0.499491,0.077169,1.395487,0.769842,0.806060,0.406718,0.000000,0.000000
0.579224,0.331909,0.343493,0.085158,1.315068,0.645199,0.862775,0.421168,0.000000,0.000000
0.639648,0.362683,0.384675,0.094144,1.162513,0.460292,0.906940,0.429343,0.000000,0.000000
0.772705,0.437346,0.465800,0.116158,0.816319,0.095450,0.945408,0.430485,0.000000,0.000000
0.820923,0.475704,0.479471,0.127057,0.621041,-0.090153,0.944508,0.431465,0.000000,0.000000
0.881348,0.516268,0.507055,0.138457,0.457046,-0.232375,0.930594,0.433360,0.000000,0.000000
0.905762,0.595710,0.430627,0.159559,0.263072,-0.361056,0.880370,0.454271,0.000000,0.000000
0.905762,0.626715,0.387526,0.166398,0.226593,-0.360981,0.851787,0.473951,0.000000,0.000000
0.953979,0.659442,0.409121,0.173680,0.145592,-0.402630,0.820730,0.495013,0.000000,0.000000
0.845337,0.678031,0.232369,0.175441,0.031775,-0.472617,0.785281,0.516003,0.000000,0.000000
1.074829,0.739305,0.465982,0.187779,-0.224061,-0.622970,0.694830,0.543558,0.000000,0.000000
0.833130,0.748688,0.117286,0.185664,-0.269418,-0.611479,0.645466,0.562962,0.000000,0.000000
0.724487,0.746268,-0.030251,0.179187,-0.266654,-0.555112,0.599416,0.582099,0.000000,0.000000
1.014404,0.773081,0.335171,0.183866,-0.294954,-0.531801,0.555183,0.596178,0.000000,0.000000
0.748901,0.784802,-0.049862,0.177218,-0.390577,-0.528004,0.472137,0.634879,0.000000,0.000000
0.772705,0.783592,-0.015121,0.171448,-0.449045,-0.535459,0.428622,0.645147,0.000000,0.000000
0.833130,0.788546,0.061922,0.168162,-0.456119,-0.494483,0.387822,0.654188,0.000000,0.000000
0.784912,0.788183,-0.004543,0.162981,-0.418928,-0.414630,0.352726,0.666636,0.000000,0.000000
0.748901,0.784254,-0.049102,0.156619,-0.341763,-0.301193,0.324180,0.680632,0.000000,0.000000
0.700073,0.759581,-0.073413,0.138591,-0.007261,0.070940,0.303616,0.716933,0.000000,0.000000
0.651855,0.748808,-0.134759,0.130390,0.210230,0.283753,0.319211,0.742718,0.000000,0.000000
0.736694,0.747597,-0.015143,0.126024,0.434662,0.488089,0.351609,0.770966,0.000000,0.000000
0.591431,0.731980,-0.195207,0.116387,0.627763,0.647989,0.398657,0.802008,0.000000,0.000000
0.760498,0.739596,0.029062,0.112304,0.791609,0.726781,0.513183,0.846262,0.000000,0.000000
0.760498,0.741686,0.026128,0.109719,0.811368,0.704000,0.570459,0.860045,0.000000,0.000000
0.797119,0.747229,0.069291,0.108506,0.796216,0.649402,0.624099,0.867346,0.000000,0.000000
0.869751,0.759482,0.153152,0.109845,0.767955,0.585468,0.673415,0.870605,0.000000,0.000000
0.953979,0.779023,0.242996,0.110680,0.755035,0.511382,0.760227,0.872459,0.000000,0.000000
1.026611,0.803782,0.309486,0.116644,0.724854,0.455634,0.798240,0.874721,0.000000,0.000000
0.917969,0.815200,0.142734,0.117427,0.688284,0.397488,0.832205,0.880501,0.000000,0.000000
0.953979,0.829078,0.173474,0.119108,0.633471,0.325503,0.861303,0.884033,0.000000,0.000000
1.159668,0.878817,0.390071,0.130512,0.480565,0.155752,0.900348,0.886958,0.000000,0.000000
1.002197,0.891155,0.154226,0.131224,0.382744,0.060114,0.908715,0.891022,0.000000,0.000000
1.195679,0.921607,0.380579,0.138705,0.271849,-0.041324,0.908864,0.891006,0.000000,0.000000
1.232300,0.952676,0.388444,0.146197,0.122896,-0.171528,0.899223,0.892258,0.000000,0.000000
1.207886,0.985950,0.308040,0.149931,-0.117240,-0.351831,0.855489,0.894819,0.000000,0.000000
1.099243,0.997279,0.141710,0.149684,-0.212943,-0.409610,0.824812,0.897542,0.000000,0.000000
1.087036,1.006255,0.112195,0.148560,-0.318969,-0.473495,0.789318,0.898982,0.000000,0.000000
0.845337,0.990163,-0.201148,0.138069,-0.359493,-0.470013,0.751309,0.900845,0.000000,0.000000
0.809326,0.952508,-0.198864,0.116033,-0.470277,-0.489938,0.669714,0.884391,0.000000,0.000000
0.784912,0.935749,-0.209495,0.106267,-0.361010,-0.343679,0.636613,0.878615,0.000000,0.000000
0.857544,0.927928,-0.097756,0.100146,-0.181666,-0.142433,0.619558,0.882493,0.000000,0.000000
0.809326,0.916068,-0.148252,0.092694,-0.092731,-0.041533,0.613609,0.891601,0.000000,0.000000
0.724487,0.884007,-0.221556,0.075355,-0.074214,-0.008128,0.610799,0.898197,0.000000,0.000000
0.797119,0.875318,-0.108610,0.069836,-0.151657,-0.076211,0.606530,0.890362,0.000000,0.000000
0.797119,0.867498,-0.097749,0.064808,-0.222417,-0.133971,0.597668,0.878578,0.000000,0.000000
0.639648,0.844713,-0.284784,0.054320,-0.220566,-0.117836,0.586653,0.866442,0.000000,0.000000
0.687866,0.822548,-0.187060,0.042879,0.040771,0.148120,0.588750,0.856295,0.000000,0.000000
0.724487,0.812742,-0.122576,0.037915,0.157148,0.251714,0.606268,0.860355,0.000000,0.000000
0.736694,0.805137,-0.095060,0.033926,0.203850,0.281601,0.628236,0.863681,0.000000,0.000000
0.833130,0.807936,0.034991,0.033958,0.222946,0.283182,0.650815,0.864154,0.000000,0.000000
0.591431,0.767899,-0.245095,0.017167,0.454628,0.466144,0.709998,0.870885,0.000000,0.000000
0.615845,0.752693,-0.190068,0.010950,0.577902,0.553182,0.752088,0.873768,0.000000,0.000000
0.651855,0.742610,-0.126047,0.006840,0.674236,0.608271,0.799394,0.875360,0.000000,0.000000
0.664062,0.734755,-0.098184,0.003689,0.733032,0.623679,0.848985,0.875185,0.000000,0.000000
0.772705,0.746305,0.036667,0.007705,0.865341,0.665261,0.952379,0.876597,0.000000,0.000000
0.639648,0.735639,-0.133321,0.003474,0.926231,0.678833,1.006499,0.880795,0.000000,0.000000
0.797119,0.741787,0.076850,0.005676,0.986458,0.690222,1.062037,0.881628,0.000000,0.000000
0.820923,0.749701,0.098919,0.008473,1.021887,0.677285,1.117276,0.883792,0.000000,0.000000
1.123657,0.801142,0.447983,0.027088,0.875579,0.453120,1.208048,0.880194,0.000000,0.000000
1.026611,0.823689,0.281837,0.034730,0.836460,0.386903,1.241104,0.882799,0.000000,0.000000
1.147461,0.856066,0.404715,0.045830,0.773914,0.302479,1.268979,0.887180,0.000000,0.000000
1.026611,0.873121,0.213181,0.050850,0.651832,0.167453,1.287782,0.892638,0.000000,0.000000
1.099243,0.910646,0.261941,0.061731,0.003750,-0.454073,1.268556,0.870241,0.000000,0.000000
1.051025,0.924684,0.175475,0.065143,-0.360294,-0.767301,1.217168,0.840565,0.000000,0.000000
1.135254,0.945741,0.263213,0.071085,-0.655818,-0.993279,1.144512,0.807160,0.000000,0.000000
1.195679,0.970735,0.312422,0.078325,-0.905015,-1.158942,1.056299,0.777793,0.000000,0.000000
0.784912,0.938669,-0.213552,0.061840,-0.995129,-1.074842,0.870625,0.746117,0.000000,0.000000
0.857544,0.930557,-0.101407,0.056943,-0.890154,-0.897066,0.792481,0.741759,0.000000,0.000000
0.809326,0.918434,-0.151538,0.050688,-0.705817,-0.655483,0.731272,0.750015,0.000000,0.000000
0.724487,0.899039,-0.242433,0.041895,-0.511687,-0.421193,0.688993,0.767305,0.000000,0.000000
0.603638,0.841814,-0.330697,0.018309,0.120154,0.225938,0.674911,0.820116,0.000000,0.000000
0.543213,0.811954,-0.373368,0.006558,0.444437,0.521901,0.707275,0.853217,0.000000,0.000000
0.410156,0.771774,-0.502247,-0.008706,0.710925,0.742010,0.759484,0.883120,0.000000,0.000000
0.639648,0.758562,-0.165157,-0.013399,1.005839,0.972857,0.830418,0.906944,0.000000,0.000000
0.724487,0.745551,-0.029255,-0.017367,1.394956,1.199357,1.011361,0.952755,0.000000,0.000000
0.784912,0.749487,0.049201,-0.015370,1.522258,1.238523,1.109604,0.969251,0.000000,0.000000
0.736694,0.748208,-0.015990,-0.015388,1.596891,1.225075,1.208133,0.982094,0.000000,0.000000
0.833130,0.756700,0.106153,-0.011742,1.674011,1.214715,1.305970,0.990130,0.000000,0.000000
1.123657,0.823126,0.417405,0.013490,1.935907,1.297822,1.507141,1.018416,0.000000,0.000000
1.184082,0.859221,0.451190,0.026621,1.912160,1.186238,1.608062,1.040327,0.000000,0.000000
1.280518,0.901351,0.526627,0.041621,1.895085,1.089648,1.700577,1.059793,0.000000,0.000000
1.461792,0.957395,0.700551,0.061389,1.739258,0.868944,1.778086,1.073884,0.000000,0.000000
1.655273,1.066042,0.818378,0.098018,1.142275,0.213584,1.857603,1.077266,0.000000,0.000000
1.510010,1.110439,0.554454,0.111711,0.739415,-0.180825,1.857387,1.072937,0.000000,0.000000
1.449585,1.144353,0.424321,0.121089,0.262113,-0.617207,1.821734,1.054792,0.000000,0.000000
1.437378,1.173656,0.366281,0.128445,-0.135198,-0.947205,1.756492,1.028779,0.000000,0.000000
1.389160,1.228774,0.222759,0.141104,-0.622449,-1.252263,1.572629,0.986963,0.000000,0.000000
1.486206,1.254517,0.321791,0.146524,-0.780506,-1.308453,1.468828,0.976426,0.000000,0.000000
1.220093,1.251075,-0.043030,0.140838,-0.876564,-1.300507,1.362843,0.975199,0.000000,0.000000
1.171875,1.243155,-0.099000,0.133642,-0.865414,-1.191769,1.263266,0.978617,0.000000,0.000000
1.135254,1.220511,-0.118414,0.117401,-0.828762,-0.984165,1.089573,0.992935,0.000000,0.000000
1.038818,1.202342,-0.227116,0.107066,-0.786663,-0.868595,1.015364,1.002195,0.000000,0.000000
1.123657,1.194474,-0.098355,0.100903,-0.735873,-0.753781,0.951035,1.011101,0.000000,0.000000
0.990601,1.174086,-0.254841,0.090231,-0.586657,-0.552484,0.899313,1.025273,0.000000,0.000000
0.687866,1.088241,-0.556077,0.053171,-0.173261,-0.085084,0.849411,1.058062,0.000000,0.000000
0.664062,1.045823,-0.530224,0.035670,0.168089,0.251559,0.857731,1.074489,0.000000,0.000000
0.687866,1.010028,-0.447010,0.021189,0.600356,0.651501,0.895738,1.097144,0.000000,0.000000
0.615845,0.970609,-0.493209,0.005757,0.993497,0.984436,0.964342,1.126554,0.000000,0.000000
0.736694,0.927264,-0.264680,-0.010588,1.646739,1.455972,1.168417,1.182040,0.000000,0.000000
0.845337,0.919071,-0.102409,-0.013343,1.803092,1.506250,1.287447,1.200922,0.000000,0.000000
0.881348,0.915299,-0.047155,-0.014357,1.843196,1.441330,1.405550,1.210644,0.000000,0.000000
0.930176,0.916787,0.018596,-0.013369,1.911287,1.408159,1.519168,1.212778,0.000000,0.000000
1.268311,0.970557,0.413546,0.007353,2.042809,1.341232,1.742607,1.219322,0.000000,0.000000
1.389160,1.012418,0.523253,0.022830,2.002096,1.211724,1.844169,1.225650,0.000000,0.000000
1.376953,1.048871,0.455670,0.035815,1.772623,0.910561,1.928348,1.228345,0.000000,0.000000
1.353149,1.079299,0.380115,0.046144,1.447195,0.538721,1.985174,1.219140,0.000000,0.000000
1.365356,1.142329,0.309757,0.066630,0.700004,-0.210344,1.998481,1.163403,0.000000,0.000000
1.486206,1.176717,0.429889,0.077528,0.585467,-0.300661,1.976727,1.139421,0.000000,0.000000
1.594849,1.218530,0.522638,0.090881,0.552088,-0.307402,1.952786,1.131414,0.000000,0.000000
1.607056,1.257383,0.485166,0.102710,0.515671,-0.315254,1.927713,1.137544,0.000000,0.000000
1.607056,1.320525,0.397959,0.119978,0.550927,-0.226744,1.884238,1.179259,0.000000,0.000000
1.486206,1.337093,0.207102,0.122591,0.549515,-0.204570,1.867046,1.208106,0.000000,0.000000
1.449585,1.348342,0.140615,0.123132,0.539731,-0.191982,1.851471,1.234528,0.000000,0.000000
1.401367,1.353644,0.066282,0.121427,0.514568,-0.194493,1.835679,1.256183,0.000000,0.000000
1.594849,1.377720,0.301567,0.123279,0.393498,-0.266048,1.799019,1.280600,0.000000,0.000000
1.510010,1.390949,0.165070,0.124533,0.319024,-0.311092,1.775691,1.291064,0.000000,0.000000
1.619263,1.413781,0.285895,0.129374,0.217472,-0.378656,1.747492,1.298412,0.000000,0.000000
1.486206,1.421023,0.090532,0.128209,0.121865,-0.435921,1.714678,1.306738,0.000000,0.000000
1.365356,1.419126,-0.074680,0.119874,0.046279,-0.429850,1.642526,1.317486,0.000000,0.000000
1.498413,1.427054,0.099089,0.119251,0.043617,-0.394292,1.608717,1.321081,0.000000,0.000000
1.292725,1.413621,-0.167946,0.110635,0.028582,-0.373330,1.577468,1.327986,0.000000,0.000000
1.268311,1.399090,-0.181638,0.101867,0.020085,-0.348391,1.548405,1.330514,0.000000,0.000000
1.461792,1.406664,0.076568,0.098670,-0.066547,-0.369132,1.490039,1.326069,0.000000,0.000000
1.316528,1.397650,-0.112669,0.092330,-0.087011,-0.357195,1.461177,1.327220,0.000000,0.000000
1.304932,1.388379,-0.115898,0.086083,-0.124307,-0.362379,1.432243,1.325210,0.000000,0.000000
1.220093,1.371550,-0.210357,0.077190,-0.131177,-0.338078,1.403754,1.321439,0.000000,0.000000
1.147461,1.334411,-0.259653,0.058885,-0.102425,-0.257780,1.356762,1.310605,0.000000,0.000000
1.111450,1.312115,-0.278701,0.048757,-0.092207,-0.226375,1.337366,1.302269,0.000000,0.000000
0.941772,1.275081,-0.462928,0.033407,-0.072746,-0.188884,1.320729,1.291942,0.000000,0.000000
0.917969,1.239370,-0.446390,0.019013,-0.012749,-0.116215,1.308784,1.277393,0.000000,0.000000
0.905762,1.181422,-0.382863,-0.003534,0.103836,0.009183,1.300503,1.244844,0.000000,0.000000
0.857544,1.149035,-0.404848,-0.015573,0.196636,0.097304,1.305168,1.229638,0.000000,0.000000
0.772705,1.111402,-0.470341,-0.029216,0.277656,0.167181,1.316250,1.214365,0.000000,0.000000
0.736694,1.073931,-0.416397,-0.040832,0.404454,0.274773,1.337294,1.200181,0.000000,0.000000
0.712280,1.037766,-0.452087,-0.053169,0.526345,0.370220,1.363549,1.183388,0.000000,0.000000
0.700073,0.960585,-0.362230,-0.078419,0.791066,0.558140,1.439995,1.147655,0.000000,0.000000
0.712280,0.935755,-0.310382,-0.085378,0.921914,0.639960,1.488893,1.130655,0.000000,0.000000
0.869751,0.929155,-0.082505,-0.085292,1.041452,0.704739,1.543773,1.116066,0.000000,0.000000
0.687866,0.888803,-0.279093,-0.095180,1.174750,0.724184,1.658618,1.093387,0.000000,0.000000
0.881348,0.888057,-0.009319,-0.092605,1.270945,0.760441,1.718678,1.079995,0.000000,0.000000
0.905762,0.889828,0.022130,-0.089163,1.364959,0.792856,1.780916,1.072149,0.000000,0.000000
0.978394,0.898684,0.110707,-0.083166,1.398800,0.764886,1.843848,1.067639,0.000000,0.000000
1.026611,0.919750,0.148419,-0.070455,1.517956,0.763528,1.967435,1.068130,0.000000,0.000000
1.207886,0.948563,0.360170,-0.057537,1.588147,0.774252,2.029093,1.072923,0.000000,0.000000
1.244507,0.978158,0.369930,-0.044713,1.653277,0.779666,2.092066,1.085998,0.000000,0.000000
1.184082,0.998750,0.257406,-0.035649,1.662979,0.732839,2.152647,1.102046,0.000000,0.000000
1.570435,1.096494,0.658284,0.002605,1.617881,0.592147,2.257097,1.133108,0.000000,0.000000
1.655273,1.152372,0.697760,0.023459,1.605598,0.540606,2.301998,1.158049,0.000000,0.000000
1.740112,1.211146,0.735430,0.044818,1.564215,0.465820,2.341948,1.188284,0.000000,0.000000
1.607056,1.250737,0.494887,0.058321,1.507584,0.382498,2.376078,1.222418,0.000000,0.000000
1.619263,1.287589,0.460657,0.070391,1.435627,0.291415,2.402789,1.252232,0.000000,0.000000
1.643066,1.349692,0.407465,0.089187,1.250100,0.091212,2.432135,1.297945,0.000000,0.000000
1.510010,1.365724,0.200398,0.092523,1.120865,-0.033171,2.434236,1.315002,0.000000,0.000000
1.558838,1.385035,0.241393,0.096989,0.999074,-0.141770,2.427154,1.324385,0.000000,0.000000
1.860962,1.473264,0.538497,0.123835,0.787914,-0.302777,2.387667,1.341163,0.000000,0.000000
1.763916,1.502329,0.363316,0.131020,0.767509,-0.293111,2.363506,1.361626,0.000000,0.000000
1.691284,1.521225,0.236194,0.134175,0.762763,-0.268736,2.340938,1.385989,0.000000,0.000000
1.751709,1.544273,0.288105,0.138793,0.762117,-0.242150,2.320716,1.410593,0.000000,0.000000
1.836548,1.592170,0.339482,0.148319,0.754797,-0.199281,2.286226,1.462071,0.000000,0.000000
1.691284,1.602081,0.123893,0.147586,0.754553,-0.175731,2.271079,1.489196,0.000000,0.000000
1.788330,1.620706,0.232599,0.150136,0.747741,-0.160147,2.257430,1.512332,0.000000,0.000000
1.655273,1.624163,0.043248,0.146930,0.736005,-0.150435,2.245150,1.535166,0.000000,0.000000
1.860962,1.647843,0.295983,0.151401,0.746035,-0.120335,2.234073,1.553186,0.000000,0.000000
1.715698,1.662932,0.073285,0.148008,0.786745,-0.047156,2.221207,1.596126,0.000000,0.000000
1.643066,1.660946,-0.024833,0.142823,0.794858,-0.026278,2.218520,1.614156,0.000000,0.000000
1.812134,1.676065,0.188985,0.144208,0.806745,-0.003463,2.217490,1.627487,0.000000,0.000000
1.619263,1.670384,-0.071003,0.137752,0.804827,0.004663,2.217629,1.642268,0.000000,0.000000
1.594849,1.663668,-0.095582,0.127081,0.797649,0.015508,2.218948,1.657942,0.000000,0.000000
1.522217,1.649523,-0.176814,0.117965,0.802195,0.027436,2.220696,1.661104,0.000000,0.000000
1.667480,1.651319,0.022447,0.115099,0.806497,0.037507,2.223557,1.659925,0.000000,0.000000
1.715698,1.653773,0.086017,0.109267,0.799323,0.040637,2.229927,1.658531,0.000000,0.000000
1.619263,1.650322,-0.043142,0.104695,0.790941,0.037306,2.232975,1.659539,0.000000,0.000000
1.727905,1.658080,0.096978,0.104464,0.787151,0.038172,2.236080,1.659254,0.000000,0.000000
1.619263,1.654199,-0.048523,0.099874,0.779373,0.035235,2.238957,1.661212,0.000000,0.000000
1.594849,1.648264,-0.074187,0.094652,0.770359,0.031020,2.241528,1.661157,0.000000,0.000000
1.630859,1.643913,-0.018130,0.087459,0.752444,0.022598,2.245630,1.656441,0.000000,0.000000
1.619263,1.641448,-0.030808,0.083911,0.702044,-0.021468,2.245589,1.652554,0.000000,0.000000
1.570435,1.634347,-0.088778,0.078731,0.650446,-0.063683,2.241879,1.646132,0.000000,0.000000
1.619263,1.621648,-0.003313,0.069456,0.577328,-0.111865,2.225858,1.625151,0.000000,0.000000
1.534424,1.612926,-0.109030,0.064101,0.549957,-0.125735,2.216185,1.616297,0.000000,0.000000
1.534424,1.605075,-0.098127,0.059234,0.547280,-0.115561,2.206725,1.607697,0.000000,0.000000
1.534424,1.598010,-0.088315,0.054808,0.524794,-0.125027,2.196788,1.598899,0.000000,0.000000
1.715698,1.600815,0.159560,0.052733,0.516515,-0.109921,2.178587,1.583099,0.000000,0.000000
1.619263,1.602660,0.023057,0.051843,0.527461,-0.088648,2.171053,1.582420,0.000000,0.000000
1.703491,1.612743,0.126051,0.054069,0.515958,-0.090043,2.163765,1.582665,0.000000,0.000000
1.594849,1.610954,-0.022368,0.051776,0.527478,-0.068813,2.157023,1.586373,0.000000,0.000000
1.522217,1.590853,-0.095332,0.041318,0.727101,0.132726,2.161837,1.599878,0.000000,0.000000
1.220093,1.553777,-0.463450,0.026175,0.851215,0.245368,2.177705,1.610113,0.000000,0.000000
1.437378,1.542137,-0.145499,0.021025,0.956327,0.331186,2.201327,1.612251,0.000000,0.000000
1.582642,1.546187,0.050631,0.021913,1.031314,0.381320,2.230942,1.614963,0.000000,0.000000
1.582642,1.550971,0.043987,0.022398,1.117976,0.413796,2.295625,1.624378,0.000000,0.000000
1.594849,1.555359,0.054847,0.023371,1.147336,0.415524,2.328702,1.628814,0.000000,0.000000
1.486206,1.548444,-0.086442,0.020077,1.161559,0.402537,2.361432,1.632922,0.000000,0.000000
1.510010,1.544600,-0.048043,0.018033,1.173455,0.387670,2.393377,1.633072,0.000000,0.000000
1.534424,1.554642,-0.028083,0.020595,1.197312,0.361468,2.453373,1.632187,0.000000,0.000000
1.751709,1.574349,0.246334,0.027367,1.182397,0.323912,2.480757,1.630733,0.000000,0.000000
1.909180,1.607832,0.418309,0.039095,1.166670,0.288336,2.505594,1.633589,0.000000,0.000000
1.740112,1.621060,0.165442,0.042885,1.108738,0.216013,2.525286,1.641507,0.000000,0.000000
1.763916,1.651498,0.156136,0.051564,0.931986,0.030620,2.543046,1.647385,0.000000,0.000000
1.667480,1.653097,0.019978,0.050616,0.859735,-0.037194,2.542397,1.647984,0.000000,0.000000
1.751709,1.662958,0.123265,0.052795,0.771133,-0.116036,2.535686,1.643996,0.000000,0.000000
1.679688,1.664631,0.020912,0.051839,0.697520,-0.174669,2.523154,1.639557,0.000000,0.000000
1.619263,1.648375,-0.040436,0.042826,0.638819,-0.198712,2.491761,1.626937,0.000000,0.000000
1.582642,1.641802,-0.082166,0.039076,0.603355,-0.216025,2.474723,1.619686,0.000000,0.000000
1.607056,1.638327,-0.043432,0.036601,0.582679,-0.218678,2.457458,1.612476,0.000000,0.000000
1.667480,1.641243,0.036441,0.036596,0.595392,-0.189022,2.441081,1.607185,0.000000,0.000000
1.449585,1.619000,-0.235298,0.026131,0.595181,-0.160750,2.414399,1.605535,0.000000,0.000000
1.401367,1.597237,-0.272042,0.017186,0.590177,-0.152373,2.401295,1.599104,0.000000,0.000000
1.570435,1.594557,-0.033502,0.015665,0.581407,-0.149614,2.389607,1.589144,0.000000,0.000000
1.570435,1.592144,-0.030142,0.014291,0.561414,-0.157917,2.377626,1.581136,0.000000,0.000000
1.594849,1.582880,0.016623,0.010090,0.503043,-0.189190,2.348995,1.563847,0.000000,0.000000
1.619263,1.586519,0.045478,0.011152,0.527884,-0.151727,2.335377,1.558721,0.000000,0.000000
1.449585,1.572825,-0.171167,0.005682,0.566058,-0.104114,2.325420,1.559190,0.000000,0.000000
1.655273,1.581070,0.103061,0.008604,0.597792,-0.066234,2.318754,1.558024,0.000000,0.000000
1.413574,1.550345,-0.189959,-0.003252,0.771696,0.105071,2.321939,1.568490,0.000000,0.000000
1.401367,1.535447,-0.186221,-0.008741,0.854987,0.177239,2.333984,1.572823,0.000000,0.000000
1.510010,1.532903,-0.031796,-0.009433,0.926912,0.233388,2.350910,1.575258,0.000000,0.000000
1.594849,1.539098,0.077432,-0.006827,0.968584,0.256587,2.370970,1.578637,0.000000,0.000000
1.461792,1.517873,-0.077900,-0.014214,1.018037,0.267350,2.413240,1.582787,0.000000,0.000000
1.413574,1.507443,-0.130373,-0.017699,1.036358,0.265795,2.434608,1.580367,0.000000,0.000000
1.522217,1.508920,0.018467,-0.016614,1.060179,0.269241,2.456257,1.575755,0.000000,0.000000
1.546631,1.512691,0.047138,-0.014701,1.072508,0.261496,2.477692,1.572791,0.000000,0.000000
1.558838,1.514922,0.061071,-0.012962,1.089105,0.240538,2.517893,1.568493,0.000000,0.000000
1.727905,1.536221,0.266229,-0.004587,1.072885,0.207574,2.535960,1.566768,0.000000,0.000000
1.498413,1.532440,-0.047259,-0.005867,1.058160,0.178988,2.551409,1.569903,0.000000,0.000000
1.630859,1.542282,0.123024,-0.002000,1.024618,0.134070,2.563987,1.568612,0.000000,0.000000
1.582642,1.551049,0.043882,0.001347,0.938837,0.036400,2.577657,1.565368,0.000000,0.000000
1.691284,1.565072,0.175294,0.006565,0.876443,-0.025404,2.577362,1.560695,0.000000,0.000000
1.630859,1.571651,0.082234,0.008835,0.843483,-0.054901,2.574065,1.559314,0.000000,0.000000
1.691284,1.583614,0.149541,0.013056,0.802031,-0.090259,2.568042,1.558122,0.000000,0.000000
1.679688,1.601868,0.108083,0.019022,0.728678,-0.143036,2.547260,1.559626,0.000000,0.000000
1.522217,1.593903,-0.099565,0.015464,0.688072,-0.171020,2.534611,1.562148,0.000000,0.000000
1.691284,1.603641,0.121726,0.018652,0.636221,-0.208307,2.519507,1.559513,0.000000,0.000000
1.691284,1.612405,0.109553,0.021379,0.556131,-0.269753,2.500147,1.557142,0.000000,0.000000
1.667480,1.625012,0.058926,0.024752,0.477874,-0.301494,2.451157,1.554320,0.000000,0.000000
1.836548,1.646165,0.264691,0.031951,0.440587,-0.315142,2.426443,1.555764,0.000000,0.000000
1.643066,1.645856,-0.003874,0.030876,0.386652,-0.343196,2.399782,1.561579,0.000000,0.000000
1.715698,1.652840,0.087303,0.032569,0.330180,-0.371929,2.370922,1.563771,0.000000,0.000000
1.425781,1.616235,-0.264519,0.017091,0.217401,-0.422762,2.305628,1.559945,0.000000,0.000000
1.425781,1.597190,-0.238068,0.009436,0.242744,-0.367968,2.273427,1.551186,0.000000,0.000000
1.473999,1.584871,-0.153989,0.004533,0.375187,-0.215339,2.250770,1.547142,0.000000,0.000000
1.389160,1.565300,-0.244638,-0.002942,0.599306,0.014330,2.243974,1.553499,0.000000,0.000000
1.570435,1.554300,0.022409,-0.006748,1.036879,0.413946,2.284583,1.585885,0.000000,0.000000
1.486206,1.547491,-0.085118,-0.009100,1.155469,0.498297,2.322489,1.606944,0.000000,0.000000
1.619263,1.554668,0.089715,-0.006135,1.205814,0.511821,2.363399,1.621892,0.000000,0.000000
1.582642,1.557465,0.034960,-0.004902,1.220923,0.490951,2.403756,1.633985,0.000000,0.000000
1.582642,1.559983,0.031476,-0.003811,1.230801,0.466571,2.442218,1.641755,0.000000,0.000000
1.558838,1.576080,-0.021284,0.002328,1.195228,0.370447,2.515327,1.654623,0.000000,0.000000
1.570435,1.575516,-0.007058,0.002046,1.133891,0.286855,2.540942,1.651384,0.000000,0.000000
1.715698,1.589534,0.175229,0.007242,1.044596,0.182390,2.558634,1.642551,0.000000,0.000000
1.691284,1.599709,0.127187,0.010840,0.839012,-0.026531,2.563798,1.630305,0.000000,0.000000
1.727905,1.628406,0.138193,0.020762,0.535713,-0.295028,2.527707,1.593829,0.000000,0.000000
1.751709,1.640736,0.154129,0.024763,0.603988,-0.207838,2.507596,1.588291,0.000000,0.000000
1.619263,1.638589,-0.026841,0.023215,0.621480,-0.175428,2.492584,1.592102,0.000000,0.000000
1.534424,1.628172,-0.130206,0.018613,0.627873,-0.156050,2.479667,1.595778,0.000000,0.000000
1.582642,1.624960,-0.058775,0.016291,0.613519,-0.145994,2.454965,1.595987,0.000000,0.000000
1.570435,1.619507,-0.068156,0.013758,0.596833,-0.150967,2.443044,1.595135,0.000000,0.000000
1.655273,1.623084,0.044708,0.014686,0.565640,-0.169454,2.429854,1.591857,0.000000,0.000000
1.715698,1.632345,0.115769,0.017719,0.571684,-0.151015,2.416905,1.590921,0.000000,0.000000
1.594849,1.631758,-0.051263,0.016412,0.577818,-0.123909,2.395943,1.599102,0.000000,0.000000
1.546631,1.623245,-0.106383,0.012728,0.558877,-0.132449,2.385538,1.600573,0.000000,0.000000
1.655273,1.626448,0.040045,0.013547,0.532084,-0.147993,2.373899,1.598037,0.000000,0.000000
1.607056,1.624509,-0.024240,0.012414,0.541212,-0.128574,2.363283,1.598094,0.000000,0.000000
1.667480,1.615260,0.072528,0.008381,0.521659,-0.128903,2.343020,1.593263,0.000000,0.000000
1.691284,1.622862,0.095031,0.010981,0.528157,-0.113265,2.333277,1.592107,0.000000,0.000000
1.715698,1.632146,0.116044,0.014133,0.497754,-0.133717,2.322988,1.593079,0.000000,0.000000
1.655273,1.634459,0.028910,0.014576,0.488726,-0.132386,2.312380,1.596347,0.000000,0.000000
1.473999,1.609410,-0.188071,0.004434,0.487479,-0.113216,2.291221,1.598632,0.000000,0.000000
1.643066,1.612775,0.042070,0.005563,0.491634,-0.101227,2.282671,1.595034,0.000000,0.000000
1.449585,1.596456,-0.203988,-0.000724,0.558774,-0.028634,2.276612,1.595704,0.000000,0.000000
1.510010,1.587811,-0.108059,-0.003944,0.720138,0.127732,2.281605,1.600240,0.000000,0.000000
1.607056,1.575153,0.044309,-0.008275,0.927030,0.300011,2.319065,1.615580,0.000000,0.000000
1.594849,1.577123,0.024620,-0.007289,0.997113,0.346014,2.345464,1.624689,0.000000,0.000000
1.594849,1.578895,0.022131,-0.006406,1.035609,0.358691,2.374057,1.633348,0.000000,0.000000
1.703491,1.591355,0.155935,-0.001536,1.088069,0.383885,2.404288,1.641248,0.000000,0.000000
1.824341,1.612771,0.293848,0.006609,1.105926,0.349668,2.463044,1.654914,0.000000,0.000000
1.776123,1.629106,0.204191,0.012537,1.103029,0.323860,2.489579,1.663488,0.000000,0.000000
1.643066,1.630502,0.017451,0.012684,1.077977,0.278674,2.513537,1.672283,0.000000,0.000000
1.860962,1.653548,0.288075,0.020946,1.032948,0.217467,2.533093,1.675275,0.000000,0.000000
1.776123,1.669202,0.148502,0.025536,0.976854,0.139340,2.561732,1.684256,0.000000,0.000000
1.836548,1.685936,0.209183,0.031045,0.953222,0.108836,2.571657,1.687637,0.000000,0.000000
1.763916,1.693734,0.097474,0.033038,0.893971,0.047070,2.577182,1.691471,0.000000,0.000000
1.836548,1.708016,0.178517,0.037403,0.835181,-0.010089,2.578197,1.692868,0.000000,0.000000
1.933594,1.738901,0.270407,0.046670,0.751149,-0.080731,2.569479,1.697056,0.000000,0.000000
1.921387,1.757149,0.228108,0.052113,0.734387,-0.088014,2.562512,1.704074,0.000000,0.000000
1.594849,1.740919,-0.202876,0.044463,0.719737,-0.092248,2.554901,1.713974,0.000000,0.000000
1.860962,1.752923,0.149920,0.047627,0.715438,-0.087204,2.547874,1.716458,0.000000,0.000000
1.740112,1.756971,-0.023416,0.046265,0.707247,-0.077189,2.534899,1.728173,0.000000,0.000000
1.909180,1.772192,0.190261,0.050585,0.714236,-0.062063,2.529334,1.732419,0.000000,0.000000
1.824341,1.777407,0.065187,0.051023,0.728136,-0.041220,2.525463,1.741338,0.000000,0.000000
1.812134,1.780880,0.043409,0.050795,0.722957,-0.040066,2.522375,1.749734,0.000000,0.000000
1.776123,1.790852,-0.020458,0.051402,0.613109,-0.130509,2.509105,1.759534,0.000000,0.000000
1.679688,1.779736,-0.138956,0.045691,0.557975,-0.170883,2.496640,1.758906,0.000000,0.000000
1.727905,1.774553,-0.064789,0.042377,0.498379,-0.212906,2.480575,1.752208,0.000000,0.000000
1.824341,1.779531,0.062235,0.042973,0.437025,-0.254361,2.461622,1.743640,0.000000,0.000000
1.703491,1.772719,-0.096150,0.037868,0.328174,-0.315234,2.414322,1.729624,0.000000,0.000000
1.933594,1.788807,0.201073,0.042765,0.271129,-0.345665,2.387317,1.720888,0.000000,0.000000
1.498413,1.759767,-0.363029,0.030591,0.183135,-0.403307,2.356591,1.716594,0.000000,0.000000
1.703491,1.754140,-0.070345,0.027563,0.104573,-0.448928,2.321935,1.701686,0.000000,0.000000
1.522217,1.735123,-0.296025,0.018739,0.100375,-0.387835,2.252307,1.682891,0.000000,0.000000
1.522217,1.713833,-0.266133,0.010193,0.111663,-0.349741,2.223337,1.675426,0.000000,0.000000
1.413574,1.683807,-0.375323,-0.001373,0.127157,-0.310629,2.197273,1.666136,0.000000,0.000000
1.461792,1.661605,-0.277518,-0.009657,0.151787,-0.265932,2.174298,1.653094,0.000000,0.000000
1.425781,1.615700,-0.263776,-0.026022,0.226676,-0.163599,2.140565,1.627609,0.000000,0.000000
1.328735,1.587004,-0.358705,-0.036002,0.244085,-0.137852,2.128958,1.614727,0.000000,0.000000
1.268311,1.555134,-0.398366,-0.046873,0.277861,-0.098477,2.119593,1.598910,0.000000,0.000000
1.171875,1.516809,-0.479074,-0.059839,0.333607,-0.041766,2.114598,1.581760,0.000000,0.000000
1.087036,1.456905,-0.513707,-0.078555,0.482765,0.092642,2.120781,1.547826,0.000000,0.000000
1.207886,1.432003,-0.311273,-0.085537,0.562692,0.157088,2.131766,1.529337,0.000000,0.000000
1.074829,1.396285,-0.446378,-0.096362,0.585853,0.162741,2.144731,1.510393,0.000000,0.000000
1.232300,1.379887,-0.205023,-0.099622,0.614784,0.172851,2.158293,1.486881,0.000000,0.000000
1.099243,1.339638,-0.333854,-0.108674,0.729354,0.241621,2.193708,1.452590,0.000000,0.000000
1.147461,1.320421,-0.240243,-0.112621,0.773851,0.260066,2.214418,1.435178,0.000000,0.000000
1.292725,1.317651,-0.034620,-0.110281,0.833022,0.291167,2.237046,1.418792,0.000000,0.000000
1.207886,1.306674,-0.137207,-0.111089,0.811422,0.243807,2.257599,1.404708,0.000000,0.000000
1.195679,1.287782,-0.127922,-0.111511,0.807873,0.194147,2.292213,1.375030,0.000000,0.000000
1.135254,1.272530,-0.190660,-0.113885,0.912484,0.274666,2.310253,1.363389,0.000000,0.000000
1.147461,1.260023,-0.156336,-0.115159,0.912937,0.248225,2.331771,1.353165,0.000000,0.000000
1.123657,1.246386,-0.170457,-0.116818,0.952702,0.261215,2.352807,1.341982,0.000000,0.000000
1.123657,1.211092,-0.121439,-0.122861,0.959409,0.217844,2.390527,1.310741,0.000000,0.000000
1.184082,1.208391,-0.033763,-0.120188,0.962023,0.197426,2.406877,1.293772,0.000000,0.000000
1.147461,1.202298,-0.076163,-0.118867,0.959991,0.173798,2.421839,1.279969,0.000000,0.000000
1.099243,1.191993,-0.128800,-0.119165,0.959412,0.153182,2.435111,1.267146,0.000000,0.000000
1.171875,1.183831,-0.016606,-0.115107,0.956583,0.114492,2.456848,1.241148,0.000000,0.000000
1.232300,1.188678,0.060587,-0.109836,0.960047,0.101925,2.465799,1.231022,0.000000,0.000000
1.207886,1.190599,0.024010,-0.105821,0.969601,0.096279,2.474207,1.224982,0.000000,0.000000
1.111450,1.182684,-0.098936,-0.105614,0.978909,0.091046,2.482187,1.221004,0.000000,0.000000
1.062622,1.151193,-0.123015,-0.110938,0.987378,0.072173,2.495834,1.204037,0.000000,0.000000
1.087036,1.144777,-0.080197,-0.110016,0.987495,0.059663,2.501287,1.192448,0.000000,0.000000
1.051025,1.135402,-0.117190,-0.110231,0.988925,0.049295,2.505868,1.181720,0.000000,0.000000
1.111450,1.133007,-0.029939,-0.107822,0.990674,0.039797,2.509804,1.170879,0.000000,0.000000
1.062622,1.125127,-0.086813,-0.104394,0.996715,0.025454,2.515910,1.155225,0.000000,0.000000
1.051025,1.117717,-0.092627,-0.104041,0.998284,0.017904,2.517891,1.147716,0.000000,0.000000
1.220093,1.127954,0.127970,-0.097081,0.998935,0.010113,2.519145,1.139657,0.000000,0.000000
1.171875,1.132346,0.054900,-0.092522,1.006020,0.009355,2.520255,1.137008,0.000000,0.000000
1.026611,1.118793,-0.128071,-0.092099,1.012448,0.001686,2.521520,1.134438,0.000000,0.000000
1.051025,1.112017,-0.084710,-0.091878,1.017761,0.000319,2.521700,1.129866,0.000000,0.000000
1.014404,1.102255,-0.122015,-0.092782,1.019762,-0.004010,2.521502,1.124325,0.000000,0.000000
0.941772,1.086207,-0.200604,-0.096017,1.022018,-0.007951,2.521097,1.117336,0.000000,0.000000
1.207886,1.095209,0.156496,-0.086927,1.028404,-0.013379,2.519232,1.099042,0.000000,0.000000
1.147461,1.100434,0.065316,-0.082360,1.029408,-0.017335,2.517906,1.096820,0.000000,0.000000
1.147461,1.105137,0.058784,-0.078125,1.032065,-0.019129,2.516366,1.096671,0.000000,0.000000
1.051025,1.099725,-0.067639,-0.077811,1.034508,-0.020743,2.514697,1.097893,0.000000,0.000000
1.184082,1.110315,0.102454,-0.069268,1.038318,-0.024419,2.510978,1.097005,0.000000,0.000000
1.207886,1.120072,0.121963,-0.063531,1.040481,-0.025374,2.508965,1.099405,0.000000,0.000000
1.147461,1.122811,0.034237,-0.060598,1.043524,-0.024961,2.506858,1.103953,0.000000,0.000000
1.099243,1.120454,-0.029460,-0.059664,1.041301,-0.029410,2.504538,1.107778,0.000000,0.000000
1.304932,1.143530,0.224082,-0.047545,1.043339,-0.031144,2.499577,1.112432,0.000000,0.000000
1.038818,1.133059,-0.130940,-0.050047,1.042107,-0.033399,2.496941,1.119693,0.000000,0.000000
1.123657,1.132118,-0.011751,-0.048898,1.040597,-0.035924,2.494095,1.121436,0.000000,0.000000
1.123657,1.131272,-0.010577,-0.047748,1.041190,-0.036202,2.491166,1.122306,0.000000,0.000000
1.002197,1.107847,-0.146735,-0.053579,1.041315,-0.037786,2.485218,1.119329,0.000000,0.000000
1.159668,1.113029,0.064777,-0.050029,1.042932,-0.037387,2.482299,1.113521,0.000000,0.000000
1.232300,1.124956,0.149089,-0.044055,1.044585,-0.036758,2.479442,1.111077,0.000000,0.000000
1.171875,1.129648,0.058649,-0.040974,1.047244,-0.034872,2.476764,1.113116,0.000000,0.000000
1.184082,1.145429,0.053684,-0.032764,1.055736,-0.027707,2.472054,1.121881,0.000000,0.000000
1.207886,1.151674,0.078072,-0.029439,1.057329,-0.026658,2.470015,1.127350,0.000000,0.000000
