-0.755005,-0.593778,-0.223926,-0.035376,-0.012035,-0.017506,-0.011044,-0.478302,0.000000,0.000000
-0.621948,-0.605668,-0.022612,-0.035763,-0.011457,-0.017965,-0.013785,-0.513054,0.000000,0.000000
-0.634155,-0.608516,-0.035610,-0.035762,-0.009640,-0.016686,-0.015130,-0.521737,0.000000,0.000000
-0.646362,-0.612301,-0.047305,-0.035820,-0.004979,-0.012621,-0.016303,-0.530495,0.000000,0.000000
-0.670776,-0.618148,-0.073098,-0.036006,-0.008299,-0.016471,-0.017646,-0.539652,0.000000,0.000000
-0.815430,-0.646953,-0.233984,-0.037444,-0.003202,-0.012496,-0.020247,-0.562528,0.000000,0.000000
-0.718994,-0.654157,-0.090056,-0.037707,-0.005924,-0.015861,-0.021403,-0.580816,0.000000,0.000000
-0.803833,-0.669124,-0.187095,-0.038454,-0.006303,-0.016873,-0.022618,-0.591367,0.000000,0.000000
-0.767212,-0.678933,-0.122609,-0.038875,-0.006703,-0.017879,-0.023971,-0.607096,0.000000,0.000000
-0.755005,-0.705362,-0.068948,-0.040133,-0.008935,-0.021168,-0.027270,-0.639380,0.000000,0.000000
-0.827637,-0.717589,-0.152811,-0.040696,-0.012504,-0.025170,-0.029234,-0.649116,0.000000,0.000000
-0.912476,-0.737078,-0.243660,-0.041711,-0.015068,-0.028106,-0.031409,-0.663327,0.000000,0.000000
-0.791626,-0.742533,-0.068185,-0.041843,-0.014637,-0.028112,-0.033504,-0.682260,0.000000,0.000000
-0.658569,-0.750530,0.127717,-0.041920,-0.012032,-0.026429,-0.037671,-0.709507,0.000000,0.000000
-0.864258,-0.761903,-0.142167,-0.042421,-0.010765,-0.025583,-0.039824,-0.708108,0.000000,0.000000
-0.706787,-0.756391,0.068895,-0.041865,-0.013592,-0.028799,-0.042107,-0.720900,0.000000,0.000000
-0.573730,-0.738125,0.228326,-0.040514,-0.012318,-0.027939,-0.044284,-0.722026,0.000000,0.000000
-0.621948,-0.723687,0.141154,-0.039209,-0.011913,-0.028194,-0.048855,-0.715828,0.000000,0.000000
-0.658569,-0.717175,0.081483,-0.038605,-0.011169,-0.027783,-0.051036,-0.711539,0.000000,0.000000
-0.465088,-0.691966,0.315109,-0.036837,-0.011480,-0.028394,-0.053257,-0.710068,0.000000,0.000000
-0.682983,-0.691068,0.011229,-0.036596,-0.013039,-0.030143,-0.055653,-0.695720,0.000000,0.000000
-0.634155,-0.667236,0.045943,-0.034748,-0.012925,-0.030364,-0.060450,-0.685340,0.000000,0.000000
-0.549927,-0.655505,0.146644,-0.033841,-0.013194,-0.030752,-0.062888,-0.684197,0.000000,0.000000
-0.634155,-0.653370,0.026675,-0.033539,-0.013526,-0.031159,-0.065382,-0.677462,0.000000,0.000000
-0.658569,-0.653890,-0.006502,-0.033403,-0.015839,-0.033476,-0.068045,-0.677069,0.000000,0.000000
-0.682983,-0.653925,-0.040360,-0.033073,-0.016611,-0.034180,-0.073547,-0.677242,0.000000,0.000000
-0.585938,-0.647126,0.084984,-0.032483,-0.017106,-0.034646,-0.076284,-0.680252,0.000000,0.000000
-0.489502,-0.631364,0.197030,-0.031336,-0.018050,-0.035518,-0.079078,-0.676520,0.000000,0.000000
-0.682983,-0.636526,-0.064525,-0.031502,-0.019087,-0.036411,-0.081995,-0.666607,0.000000,0.000000
-0.634155,-0.631736,-0.003361,-0.030890,-0.018355,-0.035415,-0.087758,-0.667491,0.000000,0.000000
-0.670776,-0.635640,-0.048804,-0.030979,-0.019065,-0.035938,-0.090762,-0.668101,0.000000,0.000000
-0.452881,-0.617364,0.228448,-0.029682,-0.019341,-0.036040,-0.093731,-0.671123,0.000000,0.000000
-0.477295,-0.603357,0.175086,-0.028658,-0.020202,-0.036688,-0.096716,-0.659153,0.000000,0.000000
-0.537720,-0.600664,0.087421,-0.028203,-0.020568,-0.036543,-0.102758,-0.652354,0.000000,0.000000
-0.344238,-0.575021,0.320531,-0.026459,-0.020684,-0.036413,-0.105712,-0.647393,0.000000,0.000000
-0.440674,-0.561586,0.167934,-0.025487,-0.021774,-0.037193,-0.108715,-0.629673,0.000000,0.000000
-0.561523,-0.561580,0.000079,-0.025359,-0.020617,-0.035715,-0.111672,-0.619662,0.000000,0.000000
-0.452881,-0.537686,0.117780,-0.023617,-0.019535,-0.034008,-0.117437,-0.607527,0.000000,0.000000
-0.634155,-0.547333,-0.120592,-0.024102,-0.019163,-0.033332,-0.120187,-0.599653,0.000000,0.000000
-0.549927,-0.547593,-0.003242,-0.023997,-0.021528,-0.035357,-0.123074,-0.604761,0.000000,0.000000
-0.392456,-0.532079,0.193921,-0.022908,-0.021336,-0.034873,-0.125814,-0.603661,0.000000,0.000000
-0.549927,-0.534371,-0.021604,-0.022822,-0.022555,-0.035445,-0.131311,-0.590892,0.000000,0.000000
-0.404663,-0.521401,0.162135,-0.021898,-0.021872,-0.034431,-0.134078,-0.590757,0.000000,0.000000
-0.477295,-0.516990,0.055132,-0.021512,-0.024038,-0.036223,-0.136896,-0.580813,0.000000,0.000000
-0.585938,-0.523885,-0.086185,-0.021836,-0.017590,-0.029605,-0.139116,-0.575905,0.000000,0.000000
-0.465088,-0.512713,0.066143,-0.020922,-0.020914,-0.032359,-0.144193,-0.573708,0.000000,0.000000
-0.440674,-0.505509,0.090054,-0.020367,-0.022051,-0.033171,-0.146782,-0.568808,0.000000,0.000000
-0.332031,-0.488162,0.216848,-0.019181,-0.023260,-0.034005,-0.149478,-0.562683,0.000000,0.000000
-0.465088,-0.485854,0.028842,-0.018941,-0.022472,-0.032835,-0.152117,-0.549539,0.000000,0.000000
-0.344238,-0.460046,0.160981,-0.017143,-0.021735,-0.031404,-0.157050,-0.535639,0.000000,0.000000
-0.380249,-0.452066,0.099746,-0.016558,-0.020543,-0.029820,-0.159564,-0.525040,0.000000,0.000000
-0.368652,-0.443725,0.104267,-0.015954,-0.018234,-0.027172,-0.161860,-0.517400,0.000000,0.000000
-0.537720,-0.453124,-0.117494,-0.016462,-0.020215,-0.028773,-0.164208,-0.509542,0.000000,0.000000
-0.440674,-0.446419,0.007979,-0.015880,-0.024287,-0.032040,-0.169070,-0.507873,0.000000,0.000000
-0.598145,-0.461592,-0.189666,-0.016749,-0.021605,-0.029012,-0.171335,-0.505476,0.000000,0.000000
-0.452881,-0.460721,0.010888,-0.016611,-0.019565,-0.026712,-0.173433,-0.513778,0.000000,0.000000
-0.259399,-0.440588,0.251652,-0.015270,-0.017636,-0.024515,-0.175537,-0.511653,0.000000,0.000000
-0.247192,-0.423454,0.244807,-0.014046,-0.022805,-0.028988,-0.179937,-0.496590,0.000000,0.000000
-0.380249,-0.419133,0.053965,-0.013706,-0.021806,-0.027668,-0.181990,-0.481613,0.000000,0.000000
-0.452881,-0.422508,-0.042216,-0.013848,-0.016867,-0.022471,-0.183825,-0.476483,0.000000,0.000000
-0.138550,-0.394112,0.354948,-0.012004,-0.018021,-0.023333,-0.185774,-0.476744,0.000000,0.000000
-0.223389,-0.367113,0.199229,-0.010202,-0.018607,-0.023233,-0.189587,-0.445752,0.000000,0.000000
-0.344238,-0.364826,0.028649,-0.010008,-0.020511,-0.024709,-0.191606,-0.432579,0.000000,0.000000
-0.175171,-0.345860,0.237068,-0.008773,-0.022038,-0.025791,-0.193671,-0.428554,0.000000,0.000000
-0.198975,-0.331172,0.183607,-0.007811,-0.017504,-0.020904,-0.195400,-0.412994,0.000000,0.000000
-0.283813,-0.333050,0.068384,-0.007848,-0.012846,-0.015675,-0.198322,-0.401571,0.000000,0.000000
-0.259399,-0.325685,0.092063,-0.007349,-0.015854,-0.018405,-0.199726,-0.394917,0.000000,0.000000
-0.319824,-0.325099,0.007326,-0.007275,-0.017563,-0.019766,-0.201293,-0.387211,0.000000,0.000000
-0.380249,-0.330614,-0.068938,-0.007584,-0.018249,-0.020087,-0.202909,-0.384181,0.000000,0.000000
-0.332031,-0.328741,-0.004570,-0.007392,-0.016768,-0.017987,-0.205866,-0.381504,0.000000,0.000000
-0.332031,-0.329070,-0.004113,-0.007375,-0.018081,-0.019012,-0.207277,-0.379494,0.000000,0.000000
-0.247192,-0.320882,0.102347,-0.006827,-0.015155,-0.015895,-0.208426,-0.377369,0.000000,0.000000
-0.525513,-0.341345,-0.255788,-0.008071,-0.014226,-0.014691,-0.209766,-0.369806,0.000000,0.000000
-0.452881,-0.352759,-0.139058,-0.008704,-0.014847,-0.014947,-0.212092,-0.380078,0.000000,0.000000
-0.296021,-0.347085,0.070565,-0.008308,-0.011949,-0.011937,-0.213127,-0.386013,0.000000,0.000000
-0.344238,-0.346801,0.003577,-0.008248,-0.009455,-0.009383,-0.213955,-0.380691,0.000000,0.000000
-0.211182,-0.333239,0.169524,-0.007359,-0.010651,-0.010487,-0.214872,-0.379093,0.000000,0.000000
-0.271606,-0.301973,0.042173,-0.005341,-0.012795,-0.012296,-0.216852,-0.348231,0.000000,0.000000
-0.029907,-0.274766,0.340099,-0.003613,-0.012059,-0.011377,-0.217794,-0.343927,0.000000,0.000000
-0.319824,-0.279272,-0.056322,-0.003877,-0.014158,-0.013233,-0.218761,-0.323522,0.000000,0.000000
-0.296021,-0.280947,-0.020935,-0.003962,-0.011848,-0.010747,-0.219585,-0.324059,0.000000,0.000000
-0.114746,-0.255851,0.195979,-0.002357,-0.010010,-0.008621,-0.220997,-0.314263,0.000000,0.000000
-0.150757,-0.245341,0.131367,-0.001689,-0.009937,-0.008361,-0.221722,-0.301402,0.000000,0.000000
-0.235596,-0.244367,0.012182,-0.001619,-0.009934,-0.008165,-0.222406,-0.291823,0.000000,0.000000
-0.247192,-0.244649,-0.003532,-0.001629,-0.011279,-0.009291,-0.223159,-0.288723,0.000000,0.000000
-0.356445,-0.259354,-0.134843,-0.002503,-0.009113,-0.006707,-0.224717,-0.287197,0.000000,0.000000
-0.283813,-0.261800,-0.030576,-0.002644,-0.007297,-0.004783,-0.225216,-0.292380,0.000000,0.000000
-0.138550,-0.249475,0.154045,-0.001860,-0.004674,-0.002149,-0.225459,-0.292029,0.000000,0.000000
-0.271606,-0.251688,-0.027668,-0.001989,-0.006456,-0.003920,-0.225649,-0.281785,0.000000,0.000000
-0.078125,-0.233927,0.216392,-0.000859,-0.006616,-0.004007,-0.226181,-0.279286,0.000000,0.000000
0.054932,-0.205041,0.361073,0.000950,-0.005513,-0.002822,-0.226488,-0.265914,0.000000,0.000000
-0.198975,-0.204434,0.007583,0.000983,-0.006727,-0.003925,-0.226723,-0.244342,0.000000,0.000000
-0.368652,-0.220856,-0.205272,-0.000048,-0.005188,-0.002295,-0.226908,-0.241437,0.000000,0.000000
0.066528,-0.194488,0.362505,0.001601,-0.006403,-0.003360,-0.227347,-0.250290,0.000000,0.000000
-0.090332,-0.184072,0.130201,0.002244,-0.007174,-0.003986,-0.227634,-0.229041,0.000000,0.000000
-0.042114,-0.169877,0.177448,0.003120,-0.008351,-0.004985,-0.227958,-0.219929,0.000000,0.000000
-0.198975,-0.172786,-0.036372,0.002923,-0.007236,-0.003690,-0.228228,-0.208107,0.000000,0.000000
-0.005493,-0.138858,0.185229,0.005008,-0.008614,-0.004637,-0.228910,-0.192778,0.000000,0.000000
0.042725,-0.120700,0.226979,0.006118,-0.009844,-0.005569,-0.229356,-0.180482,0.000000,0.000000
-0.175171,-0.126147,-0.068088,0.005747,-0.010601,-0.005983,-0.229841,-0.165783,0.000000,0.000000
-0.259399,-0.139472,-0.148043,0.004978,-0.010865,-0.005861,-0.230576,-0.167121,0.000000,0.000000
-0.090332,-0.134558,0.061429,0.005260,-0.011993,-0.006641,-0.231165,-0.173952,0.000000,0.000000
-0.223389,-0.137264,-0.119555,0.005037,-0.013103,-0.007115,-0.232100,-0.162182,0.000000,0.000000
-0.005493,-0.124087,0.164810,0.005836,-0.012207,-0.005917,-0.232572,-0.166791,0.000000,0.000000
-0.042114,-0.115889,0.102466,0.006319,-0.011008,-0.004386,-0.233054,-0.156293,0.000000,0.000000
0.078735,-0.096427,0.243281,0.007504,-0.012206,-0.005232,-0.233547,-0.149008,0.000000,0.000000
-0.114746,-0.100951,-0.019159,0.007147,-0.012235,-0.004583,-0.234287,-0.133727,0.000000,0.000000
-0.090332,-0.099889,0.013274,0.007178,-0.011827,-0.003862,-0.234599,-0.132737,0.000000,0.000000
-0.042114,-0.094112,0.072219,0.007503,-0.012761,-0.004458,-0.234987,-0.130227,0.000000,0.000000
-0.175171,-0.102218,-0.101324,0.006959,-0.011711,-0.003084,-0.235312,-0.124551,0.000000,0.000000
0.006104,-0.085976,0.127897,0.007903,-0.010249,-0.001118,-0.235610,-0.122429,0.000000,0.000000
0.054932,-0.071886,0.176135,0.008744,-0.010259,-0.000885,-0.235666,-0.113751,0.000000,0.000000
0.103149,-0.054382,0.218794,0.009794,-0.010193,-0.000544,-0.235743,-0.102366,0.000000,0.000000
-0.017700,-0.050714,0.045853,0.009974,-0.008777,0.001152,-0.235767,-0.088426,0.000000,0.000000
-0.175171,-0.053651,-0.168617,0.009689,-0.010617,-0.000166,-0.235606,-0.074065,0.000000,0.000000
-0.138550,-0.062141,-0.106110,0.009110,-0.011124,-0.000376,-0.235661,-0.080987,0.000000,0.000000
-0.005493,-0.056476,0.070886,0.009419,-0.012518,-0.001497,-0.235702,-0.084938,0.000000,0.000000
-0.005493,-0.051378,0.063729,0.009690,-0.010962,0.000311,-0.235679,-0.079518,0.000000,0.000000
-0.102539,-0.068679,-0.047030,0.008516,-0.009795,0.001913,-0.235446,-0.081898,0.000000,0.000000
-0.090332,-0.070845,-0.027066,0.008339,-0.010049,0.001808,-0.235189,-0.083056,0.000000,0.000000
-0.090332,-0.070845,-0.027066,0.008339,-0.010049,0.001808,-0.235189,-0.083056,0.000000,0.000000
-0.065918,-0.074303,0.011646,0.008041,-0.010580,0.001707,-0.235120,-0.085604,0.000000,0.000000
0.078735,-0.047368,0.175144,0.009640,-0.015832,-0.003011,-0.235262,-0.074947,0.000000,0.000000
0.115356,-0.031096,0.203408,0.010609,-0.014924,-0.001833,-0.235274,-0.064518,0.000000,0.000000
0.090942,-0.018892,0.152546,0.011318,-0.011689,0.001691,-0.235268,-0.052290,0.000000,0.000000
0.163574,-0.000645,0.228083,0.012402,-0.012452,0.001275,-0.235346,-0.042633,0.000000,0.000000
-0.078125,-0.013224,-0.090146,0.011494,-0.014733,-0.000294,-0.235394,-0.030414,0.000000,0.000000
-0.065918,-0.018493,-0.065867,0.011107,-0.014043,0.000682,-0.235301,-0.033566,0.000000,0.000000
-0.138550,-0.030499,-0.149889,0.010302,-0.012100,0.002892,-0.235180,-0.035647,0.000000,0.000000
-0.042114,-0.031661,-0.014537,0.010178,-0.014417,0.000849,-0.235124,-0.042585,0.000000,0.000000
0.151367,-0.021879,0.240623,0.010691,-0.015856,-0.000104,-0.234924,-0.048060,0.000000,0.000000
0.139160,-0.005775,0.201297,0.011644,-0.014001,0.002026,-0.234858,-0.034448,0.000000,0.000000
-0.029907,-0.008188,-0.030165,0.011435,-0.016438,-0.000052,-0.234945,-0.022736,0.000000,0.000000
-0.162964,-0.023666,-0.193472,0.010410,-0.017717,-0.000994,-0.234980,-0.023258,0.000000,0.000000
0.163574,-0.010942,0.242399,0.011104,-0.020246,-0.002836,-0.235300,-0.036960,0.000000,0.000000
0.078735,-0.001974,0.112097,0.011609,-0.020767,-0.002985,-0.235477,-0.023506,0.000000,0.000000
0.030518,0.001275,0.040615,0.011754,-0.019199,-0.001051,-0.235595,-0.016673,0.000000,0.000000
0.211792,0.022327,0.263146,0.013011,-0.019258,-0.000754,-0.235675,-0.013543,0.000000,0.000000
0.078735,0.024365,0.075483,0.013009,-0.020525,-0.001216,-0.235910,0.000226,0.000000,0.000000
0.018311,0.023760,-0.007571,0.012907,-0.022364,-0.002624,-0.236091,0.005386,0.000000,0.000000
0.054932,0.026877,0.038965,0.013037,-0.022799,-0.002618,-0.236311,0.006053,0.000000,0.000000
0.042725,0.028462,0.019797,0.013071,-0.025185,-0.004516,-0.236648,0.009051,0.000000,0.000000
0.139160,0.058228,0.112411,0.014795,-0.027833,-0.006069,-0.237563,0.025769,0.000000,0.000000
0.090942,0.061500,0.040892,0.014925,-0.029220,-0.006853,-0.238088,0.032969,0.000000,0.000000
0.115356,0.066886,0.067321,0.015187,-0.029979,-0.007022,-0.238574,0.036442,0.000000,0.000000
0.030518,0.063249,-0.045460,0.014884,-0.032712,-0.009100,-0.239220,0.041183,0.000000,0.000000
0.078735,0.058611,0.027951,0.014448,-0.033985,-0.009042,-0.240671,0.035998,0.000000,0.000000
0.236206,0.076370,0.221994,0.015486,-0.033897,-0.008320,-0.241327,0.038274,0.000000,0.000000
0.151367,0.083870,0.093746,0.015877,-0.033069,-0.006855,-0.241903,0.051168,0.000000,0.000000
0.078735,0.083356,-0.006418,0.015766,-0.033681,-0.006828,-0.242452,0.057450,0.000000,0.000000
0.066528,0.091090,-0.034116,0.016088,-0.032369,-0.004285,-0.243400,0.066793,0.000000,0.000000
0.115356,0.093517,0.030329,0.016160,-0.031722,-0.003062,-0.243756,0.066435,0.000000,0.000000
0.054932,0.089659,-0.048238,0.015838,-0.034386,-0.005137,-0.244123,0.069406,0.000000,0.000000
0.090942,0.089787,0.001605,0.015766,-0.034946,-0.005134,-0.244457,0.068102,0.000000,0.000000
-0.005493,0.078166,-0.116194,0.014884,-0.032785,-0.001948,-0.244887,0.069047,0.000000,0.000000
0.211792,0.091528,0.167031,0.015644,-0.032399,-0.001040,-0.245174,0.063709,0.000000,0.000000
0.139160,0.096291,0.059540,0.015864,-0.034668,-0.002773,-0.245440,0.073514,0.000000,0.000000
-0.029907,0.083672,-0.157748,0.014996,-0.035637,-0.003214,-0.245663,0.077760,0.000000,0.000000
0.175781,0.087000,0.123316,0.015056,-0.033829,-0.000478,-0.245968,0.066629,0.000000,0.000000
0.223999,0.100700,0.171247,0.015837,-0.034451,-0.000663,-0.246013,0.074002,0.000000,0.000000
0.175781,0.108208,0.093852,0.016227,-0.032861,0.001376,-0.246036,0.084171,0.000000,0.000000
0.296631,0.127050,0.235528,0.017324,-0.036561,-0.001816,-0.246178,0.090258,0.000000,0.000000
0.151367,0.133868,0.024304,0.017576,-0.032658,0.002970,-0.245935,0.109368,0.000000,0.000000
0.223999,0.142881,0.112664,0.018051,-0.033488,0.002559,-0.245720,0.112427,0.000000,0.000000
0.090942,0.137687,-0.064916,0.017636,-0.032908,0.003528,-0.245390,0.120322,0.000000,0.000000
0.151367,0.139055,0.017102,0.017633,-0.033117,0.003700,-0.245069,0.118634,0.000000,0.000000
0.163574,0.146955,0.023084,0.017949,-0.033760,0.003845,-0.244481,0.126751,0.000000,0.000000
0.272217,0.159481,0.156578,0.018643,-0.033020,0.004963,-0.244122,0.129597,0.000000,0.000000
0.199585,0.163491,0.050131,0.018800,-0.033674,0.004726,-0.243813,0.139582,0.000000,0.000000
0.223999,0.169542,0.075634,0.019084,-0.035970,0.002865,-0.243534,0.143924,0.000000,0.000000
0.163574,0.164069,-0.000687,0.018553,-0.036543,0.003147,-0.242957,0.147588,0.000000,0.000000
0.223999,0.170062,0.074912,0.018835,-0.037614,0.002518,-0.242728,0.148893,0.000000,0.000000
0.260010,0.179056,0.112435,0.019303,-0.038228,0.002362,-0.242526,0.154187,0.000000,0.000000
0.236206,0.184771,0.071438,0.019564,-0.038659,0.002408,-0.242336,0.161558,0.000000,0.000000
0.248413,0.189228,0.082208,0.019648,-0.040416,0.001622,-0.241983,0.166745,0.000000,0.000000
0.211792,0.191484,0.028205,0.019691,-0.039579,0.002933,-0.241757,0.172510,0.000000,0.000000
0.357056,0.208041,0.206964,0.020627,-0.040304,0.002675,-0.241504,0.175420,0.000000,0.000000
0.223999,0.209637,0.019938,0.020624,-0.041083,0.002392,-0.241259,0.187993,0.000000,0.000000
0.477905,0.244293,0.324461,0.022581,-0.040597,0.003866,-0.240743,0.198130,0.000000,0.000000
0.405273,0.260391,0.201227,0.023475,-0.041270,0.003764,-0.240563,0.217309,0.000000,0.000000
0.369263,0.271279,0.136087,0.024038,-0.043591,0.002033,-0.240346,0.230284,0.000000,0.000000
0.369263,0.271279,0.136087,0.024038,-0.043591,0.002033,-0.240346,0.230284,0.000000,0.000000
0.320435,0.266846,0.074433,0.023406,-0.047487,0.000063,-0.240135,0.236943,0.000000,0.000000
0.211792,0.261340,-0.068817,0.022945,-0.046353,0.001812,-0.240021,0.242724,0.000000,0.000000
0.272217,0.262428,0.013595,0.022898,-0.046932,0.001823,-0.239859,0.240777,0.000000,0.000000
0.393066,0.275492,0.163298,0.023600,-0.048606,0.000742,-0.239709,0.243056,0.000000,0.000000
0.163574,0.279221,-0.160621,0.023593,-0.049564,0.001079,-0.239541,0.266176,0.000000,0.000000
0.272217,0.278521,-0.008756,0.023431,-0.050217,0.001043,-0.239397,0.259342,0.000000,0.000000
0.187988,0.269468,-0.113164,0.022748,-0.047617,0.004219,-0.239183,0.260423,0.000000,0.000000
0.357056,0.278227,0.109486,0.023182,-0.012722,0.039159,-0.237600,0.257035,0.000000,0.000000
0.357056,0.277988,0.109948,0.022940,0.258243,0.302406,-0.212977,0.281952,0.000000,0.000000
0.151367,0.265326,-0.158276,0.022033,0.397526,0.431589,-0.182861,0.315934,0.000000,0.000000
0.248413,0.263635,-0.021141,0.021818,0.588648,0.607934,-0.139723,0.346117,0.000000,0.000000
0.308838,0.268155,0.056504,0.021991,0.787477,0.787226,-0.083023,0.393827,0.000000,0.000000
0.369263,0.278631,0.125877,0.022426,1.156911,1.102118,0.074590,0.526452,0.000000,0.000000
0.405273,0.291296,0.158303,0.023106,1.180568,1.095245,0.163316,0.600689,0.000000,0.000000
0.598755,0.322041,0.384324,0.024912,1.148955,1.034631,0.247934,0.668382,0.000000,0.000000
0.477905,0.337628,0.194830,0.025761,1.100644,0.959242,0.327279,0.739564,0.000000,0.000000
0.610962,0.379783,0.321101,0.028134,0.955952,0.767881,0.465043,0.833945,0.000000,0.000000
0.610962,0.379783,0.321101,0.028134,0.955952,0.767881,0.465043,0.833945,0.000000,0.000000
0.755615,0.438173,0.440898,0.031496,0.729792,0.508714,0.564589,0.896247,0.000000,0.000000
0.900879,0.484443,0.578346,0.034230,0.621701,0.389435,0.599447,0.920005,0.000000,0.000000
0.888672,0.571079,0.441007,0.039284,0.413010,0.167729,0.643036,0.963991,0.000000,0.000000
1.130371,0.627009,0.699902,0.042587,0.296944,0.050206,0.650759,0.966217,0.000000,0.000000
1.082153,0.672523,0.568931,0.045219,0.186095,-0.058803,0.649347,0.975972,0.000000,0.000000
1.082153,0.713486,0.512037,0.047553,0.074945,-0.165129,0.639642,0.973849,0.000000,0.000000
0.804443,0.754663,0.069143,0.049641,0.012008,-0.213615,0.606465,0.956491,0.000000,0.000000
1.021729,0.781370,0.333831,0.051062,-0.003812,-0.221899,0.589018,0.929458,0.000000,0.000000
0.973511,0.800584,0.240176,0.052007,-0.009361,-0.219845,0.571457,0.918918,0.000000,0.000000
0.925293,0.813055,0.155886,0.052527,0.004923,-0.198213,0.554617,0.906520,0.000000,0.000000
1.009521,0.864556,0.201341,0.055210,-0.016098,-0.205779,0.524958,0.897926,0.000000,0.000000
1.021729,0.880273,0.196466,0.055917,-0.045217,-0.227186,0.507509,0.888796,0.000000,0.000000
1.094360,0.901682,0.267609,0.056975,-0.066493,-0.240254,0.488659,0.879780,0.000000,0.000000
1.130371,0.924551,0.285797,0.058119,-0.069029,-0.234486,0.469540,0.876062,0.000000,0.000000
1.118774,0.972330,0.180798,0.060403,-0.076758,-0.225707,0.429549,0.879875,0.000000,0.000000
0.925293,0.967626,-0.058785,0.059807,-0.047595,-0.189113,0.413079,0.880357,0.000000,0.000000
0.961304,0.966994,-0.007905,0.059469,-0.040671,-0.175401,0.398495,0.869457,0.000000,0.000000
0.985718,0.968866,0.023405,0.059288,-0.037709,-0.165970,0.384809,0.862602,0.000000,0.000000
0.949097,0.957529,-0.011712,0.057992,-0.056575,-0.171981,0.357649,0.845424,0.000000,0.000000
0.997925,0.961569,0.050495,0.057954,-0.060354,-0.169313,0.343918,0.839326,0.000000,0.000000
0.937500,0.959162,-0.030086,0.057514,-0.066738,-0.169317,0.330404,0.837165,0.000000,0.000000
1.058350,0.969081,0.123984,0.057846,-0.064508,-0.160832,0.317180,0.831327,0.000000,0.000000
1.203003,0.995069,0.288815,0.058893,-0.078995,-0.163004,0.291403,0.833179,0.000000,0.000000
0.900879,0.985650,-0.117738,0.058010,-0.087446,-0.165128,0.278115,0.845585,0.000000,0.000000
0.877075,0.974792,-0.135718,0.057041,-0.093881,-0.165272,0.264861,0.836654,0.000000,0.000000
0.949097,0.972223,-0.032119,0.056595,-0.089510,-0.154830,0.252102,0.827194,0.000000,0.000000
1.046143,0.990607,0.077131,0.057176,-0.090048,-0.143800,0.228242,0.831028,0.000000,0.000000
0.949097,0.986456,-0.051888,0.056631,-0.088333,-0.136582,0.217122,0.835002,0.000000,0.000000
0.852661,0.973077,-0.167150,0.055512,-0.087288,-0.130216,0.206465,0.832557,0.000000,0.000000
1.046143,0.980383,0.091384,0.055691,-0.085593,-0.123480,0.196512,0.824399,0.000000,0.000000
1.058350,1.009314,0.068109,0.056936,-0.119797,-0.147018,0.175235,0.845285,0.000000,0.000000
1.033936,1.011776,0.030777,0.056805,-0.165640,-0.186558,0.161990,0.847064,0.000000,0.000000
1.021729,1.012772,0.012439,0.056584,-0.252970,-0.265701,0.143515,0.842043,0.000000,0.000000
1.009521,1.012447,-0.004062,0.056280,-0.334991,-0.337390,0.118877,0.830639,0.000000,0.000000
0.804443,0.987043,-0.253614,0.054133,-0.570422,-0.544308,0.047476,0.784461,0.000000,0.000000
0.683594,0.956698,-0.379307,0.051966,-0.688458,-0.643875,-0.000411,0.739940,0.000000,0.000000
0.900879,0.951117,-0.069775,0.051357,-0.778665,-0.713260,-0.055285,0.683564,0.000000,0.000000
0.925293,0.948534,-0.032280,0.050939,-0.887731,-0.799098,-0.116981,0.639244,0.000000,0.000000
0.828247,0.936505,-0.150349,0.049932,-0.997706,-0.883517,-0.185305,0.593244,0.000000,0.000000
0.840454,0.906281,-0.091426,0.047552,-1.063302,-0.895807,-0.329103,0.482909,0.000000,0.000000
0.731812,0.888834,-0.218084,0.046224,-1.031861,-0.838755,-0.398443,0.440858,0.000000,0.000000
0.659180,0.865868,-0.286745,0.044559,-0.996107,-0.779054,-0.463172,0.398691,0.000000,0.000000
0.477905,0.811711,-0.463619,0.040734,-0.809069,-0.552148,-0.570460,0.336537,0.000000,0.000000
0.634766,0.794016,-0.221182,0.039425,-0.691520,-0.420276,-0.608458,0.309827,0.000000,0.000000
0.695190,0.784134,-0.123533,0.038610,-0.586357,-0.304255,-0.636620,0.304993,0.000000,0.000000
0.296631,0.735384,-0.609379,0.035370,-0.512277,-0.222039,-0.656971,0.312054,0.000000,0.000000
0.623169,0.691211,-0.094509,0.032268,-0.359241,-0.059825,-0.678241,0.295587,0.000000,0.000000
0.562744,0.678365,-0.160586,0.031304,-0.300840,0.000135,-0.680333,0.315867,0.000000,0.000000
0.393066,0.649835,-0.356618,0.029364,-0.257380,0.043693,-0.678300,0.334605,0.000000,0.000000
0.538330,0.638684,-0.139381,0.028520,-0.219840,0.080036,-0.672732,0.343923,0.000000,0.000000
0.236206,0.571991,-0.466368,0.024077,-0.159300,0.135806,-0.654986,0.372761,0.000000,0.000000
0.248413,0.539633,-0.404478,0.021934,-0.160725,0.131396,-0.644542,0.373479,0.000000,0.000000
0.357056,0.521376,-0.228220,0.020683,-0.134974,0.153673,-0.632986,0.376054,0.000000,0.000000
0.550537,0.524292,0.036449,0.020762,-0.145238,0.139902,-0.621310,0.385934,0.000000,0.000000
0.344849,0.490198,-0.202081,0.018429,-0.134629,0.143170,-0.597244,0.415856,0.000000,0.000000
0.127563,0.453934,-0.453293,0.016071,-0.084809,0.189055,-0.584720,0.423044,0.000000,0.000000
0.115356,0.420076,-0.423222,0.013874,-0.068450,0.200136,-0.568422,0.418568,0.000000,0.000000
0.127563,0.390825,-0.365641,0.011977,-0.064076,0.199126,-0.551981,0.413703,0.000000,0.000000
0.260010,0.377945,-0.163799,0.011052,-0.053517,0.199034,-0.519828,0.423910,0.000000,0.000000
0.320435,0.372194,-0.071888,0.010638,-0.051375,0.195977,-0.504136,0.427795,0.000000,0.000000
0.320435,0.372194,-0.071888,0.010638,-0.051375,0.195977,-0.504136,0.427795,0.000000,0.000000
0.272217,0.353198,-0.112476,0.009347,-0.054681,0.182606,-0.473814,0.438444,0.000000,0.000000
0.453491,0.365717,0.121916,0.010036,-0.054116,0.173656,-0.445194,0.450453,0.000000,0.000000
0.380859,0.367231,0.018928,0.010080,-0.052672,0.170537,-0.431395,0.463866,0.000000,0.000000
0.272217,0.357730,-0.118741,0.009436,-0.053802,0.164996,-0.418006,0.471039,0.000000,0.000000
0.369263,0.358883,0.014419,0.009461,-0.054429,0.160076,-0.405012,0.469967,0.000000,0.000000
0.502319,0.382840,0.165792,0.010860,-0.053837,0.152462,-0.380050,0.486370,0.000000,0.000000
0.199585,0.364515,-0.229278,0.009659,-0.052300,0.150045,-0.367929,0.499055,0.000000,0.000000
0.187988,0.346862,-0.220658,0.008508,-0.053410,0.145066,-0.356126,0.490005,0.000000,0.000000
0.199585,0.332134,-0.184099,0.007545,-0.053686,0.141014,-0.344683,0.480438,0.000000,0.000000
0.405273,0.343834,0.085339,0.008199,-0.053684,0.133745,-0.322733,0.476174,0.000000,0.000000
0.272217,0.336672,-0.089521,0.007710,-0.054208,0.129763,-0.312219,0.481419,0.000000,0.000000
0.320435,0.335048,-0.020297,0.007570,-0.054014,0.126572,-0.301959,0.477026,0.000000,0.000000
0.308838,0.332427,-0.032763,0.007369,-0.054970,0.122336,-0.291999,0.475919,0.000000,0.000000
0.260010,0.313230,-0.073916,0.006099,-0.054050,0.116944,-0.272904,0.464214,0.000000,0.000000
0.465698,0.328476,0.190586,0.007022,-0.054532,0.113401,-0.263691,0.459158,0.000000,0.000000
0.272217,0.322850,-0.070325,0.006635,-0.054576,0.110413,-0.254738,0.468170,0.000000,0.000000
0.344849,0.325050,0.027489,0.006739,-0.055272,0.106854,-0.246042,0.463180,0.000000,0.000000
0.284424,0.310794,-0.036628,0.005785,-0.055313,0.101328,-0.229390,0.453996,0.000000,0.000000
0.199585,0.299673,-0.139012,0.005061,-0.055355,0.098641,-0.221387,0.450135,0.000000,0.000000
0.490112,0.318717,0.238049,0.006226,-0.055864,0.095553,-0.213632,0.440536,0.000000,0.000000
0.272217,0.314067,-0.058126,0.005904,-0.056078,0.092873,-0.206105,0.451108,0.000000,0.000000
0.042725,0.259216,-0.300683,0.002426,-0.057583,0.086615,-0.191766,0.422798,0.000000,0.000000
0.248413,0.258136,-0.013504,0.002347,-0.057366,0.084493,-0.184909,0.403540,0.000000,0.000000
0.284424,0.260765,0.032860,0.002499,-0.058131,0.081464,-0.178266,0.399358,0.000000,0.000000
0.163574,0.251046,-0.121488,0.001879,-0.058442,0.078991,-0.171900,0.397642,0.000000,0.000000
0.357056,0.257015,0.138954,0.002235,-0.061458,0.071847,-0.159852,0.380497,0.000000,0.000000
0.393066,0.270620,0.170064,0.003074,-0.061915,0.069468,-0.154196,0.384317,0.000000,0.000000
0.393066,0.282865,0.153058,0.003824,-0.060703,0.068783,-0.148554,0.390311,0.000000,0.000000
0.320435,0.286622,0.046962,0.004040,-0.061897,0.065807,-0.143158,0.395661,0.000000,0.000000
0.405273,0.310264,0.131998,0.005473,-0.062748,0.061648,-0.133012,0.401750,0.000000,0.000000
0.308838,0.310122,-0.001783,0.005437,-0.060940,0.061872,-0.128068,0.406722,0.000000,0.000000
0.369263,0.316036,0.073926,0.005779,-0.050208,0.070875,-0.122735,0.405179,0.000000,0.000000
0.260010,0.310433,-0.070032,0.005400,-0.028630,0.090296,-0.116205,0.408999,0.000000,0.000000
0.357056,0.334508,0.031319,0.006844,0.059824,0.171909,-0.096045,0.426322,0.000000,0.000000
0.284424,0.329499,-0.062605,0.006497,0.171249,0.276905,-0.077594,0.439325,0.000000,0.000000
0.477905,0.344340,0.185510,0.007392,0.238668,0.335730,-0.052801,0.452555,0.000000,0.000000
0.284424,0.338348,-0.074894,0.006981,0.331516,0.417602,-0.021243,0.484508,0.000000,0.000000
0.344849,0.347219,-0.003292,0.007463,0.640571,0.693866,0.072094,0.554856,0.000000,0.000000
0.248413,0.337338,-0.123507,0.006808,0.740328,0.773460,0.129661,0.595743,0.000000,0.000000
0.695190,0.373123,0.447315,0.009010,0.796423,0.807473,0.192957,0.632745,0.000000,0.000000
0.562744,0.392085,0.237026,0.010150,0.845222,0.833234,0.259162,0.700362,0.000000,0.000000
0.877075,0.459185,0.580215,0.014235,0.912674,0.853385,0.395469,0.810787,0.000000,0.000000
0.937500,0.507016,0.598126,0.017155,0.922202,0.839438,0.463451,0.880351,0.000000,0.000000
0.900879,0.546403,0.492328,0.019531,0.893989,0.788815,0.528824,0.946780,0.000000,0.000000
0.828247,0.574587,0.352306,0.021195,0.834336,0.708861,0.588466,1.000712,0.000000,0.000000
1.021729,0.646525,0.521116,0.025470,0.751492,0.591058,0.691929,1.076838,0.000000,0.000000
1.094360,0.691309,0.559794,0.028141,0.693934,0.518740,0.736282,1.115510,0.000000,0.000000
1.106567,0.732835,0.519074,0.030596,0.593939,0.406864,0.772795,1.148971,0.000000,0.000000
1.142578,0.773809,0.512186,0.033004,0.501216,0.305198,0.801060,1.173099,0.000000,0.000000
1.456909,0.890579,0.786619,0.039956,0.326299,0.120565,0.834934,1.211655,0.000000,0.000000
1.481323,0.949654,0.738439,0.043449,0.178039,-0.027524,0.838196,1.231372,0.000000,0.000000
1.456909,1.000379,0.634061,0.046402,0.033047,-0.167979,0.829270,1.239751,0.000000,0.000000
1.372681,1.037609,0.465383,0.048497,-0.141730,-0.333835,0.808235,1.234297,0.000000,0.000000
1.336060,1.101950,0.325152,0.052022,-0.467576,-0.628191,0.727628,1.180702,0.000000,0.000000
1.384277,1.130183,0.352508,0.053525,-0.585109,-0.724941,0.672891,1.138823,0.000000,0.000000
1.433105,1.160475,0.379085,0.055152,-0.680467,-0.797202,0.611756,1.096950,0.000000,0.000000
1.300049,1.174433,0.174467,0.055749,-0.760521,-0.851988,0.544518,1.055408,0.000000,0.000000
1.118774,1.168867,-0.069568,0.055122,-0.851928,-0.916571,0.472905,1.003454,0.000000,0.000000
1.179199,1.174071,0.007123,0.054896,-0.908898,-0.918277,0.324409,0.887823,0.000000,0.000000
1.275635,1.184227,0.126955,0.055257,-0.891439,-0.874288,0.253142,0.839420,0.000000,0.000000
1.166992,1.182504,-0.021544,0.054873,-0.910287,-0.867320,0.184053,0.802927,0.000000,0.000000
1.082153,1.164536,-0.114420,0.053205,-0.891720,-0.799046,0.050972,0.722849,0.000000,0.000000
0.864868,1.134569,-0.374584,0.051066,-0.862631,-0.746880,-0.010635,0.688312,0.000000,0.000000
0.683594,1.089472,-0.563727,0.047992,-0.774471,-0.638214,-0.065342,0.647994,0.000000,0.000000
0.707397,1.051264,-0.477587,0.045364,-0.705545,-0.551254,-0.113155,0.604690,0.000000,0.000000
0.780029,0.994291,-0.297604,0.041361,-0.493680,-0.313479,-0.180657,0.556999,0.000000,0.000000
0.767822,0.971644,-0.283086,0.039739,-0.384688,-0.196584,-0.200275,0.553423,0.000000,0.000000
0.634766,0.937957,-0.420688,0.037437,-0.316534,-0.123013,-0.212787,0.556044,0.000000,0.000000
0.598755,0.904036,-0.377201,0.035364,-0.284299,-0.086873,-0.222099,0.552520,0.000000,0.000000
0.417480,0.855381,-0.608225,0.032146,-0.194783,0.004644,-0.225293,0.552646,0.000000,0.000000
0.490112,0.790319,-0.416955,0.027769,-0.039052,0.157094,-0.211499,0.556147,0.000000,0.000000
0.380859,0.749373,-0.511825,0.025071,0.084727,0.275310,-0.193872,0.568585,0.000000,0.000000
0.477905,0.722227,-0.339335,0.023249,0.203169,0.384898,-0.167053,0.581549,0.000000,0.000000
0.574341,0.707438,-0.184846,0.022208,0.360296,0.529064,-0.128854,0.611129,0.000000,0.000000
0.683594,0.686593,-0.004166,0.020690,0.612915,0.746103,-0.025008,0.697816,0.000000,0.000000
0.852661,0.703200,0.207585,0.021625,0.726091,0.837171,0.039217,0.758361,0.000000,0.000000
0.864868,0.719367,0.202086,0.022527,0.815699,0.902730,0.109156,0.831738,0.000000,0.000000
0.683594,0.715789,-0.044716,0.022191,0.875528,0.937215,0.182981,0.904663,0.000000,0.000000
1.142578,0.775126,0.510350,0.025672,1.032972,1.039483,0.343264,1.038757,0.000000,0.000000
0.973511,0.794965,0.247981,0.026784,1.083933,1.061625,0.427251,1.126210,0.000000,0.000000
1.033936,0.818862,0.298677,0.028143,1.109302,1.057964,0.512053,1.197004,0.000000,0.000000
1.179199,0.854896,0.450450,0.030255,1.061968,0.982893,0.593583,1.263925,0.000000,0.000000
1.251831,0.928116,0.449605,0.034518,1.084611,0.952971,0.748273,1.399092,0.000000,0.000000
1.396484,0.974953,0.585424,0.037272,1.002862,0.847142,0.819997,1.457690,0.000000,0.000000
1.420898,1.019547,0.557467,0.039873,0.895777,0.719433,0.882114,1.512934,0.000000,0.000000
1.469116,1.064504,0.561962,0.042484,0.785362,0.591982,0.934251,1.556529,0.000000,0.000000
1.312256,1.125695,0.259110,0.045872,0.388323,0.177256,0.993120,1.598766,0.000000,0.000000
1.553955,1.168521,0.535326,0.048319,0.204770,-0.006744,0.998760,1.584621,0.000000,0.000000
1.565552,1.208224,0.495818,0.050556,0.018104,-0.188727,0.989963,1.574038,0.000000,0.000000
1.553955,1.242797,0.432574,0.052467,-0.175082,-0.372003,0.966517,1.550941,0.000000,0.000000
1.565552,1.305219,0.361574,0.055834,-0.508293,-0.671325,0.879744,1.472212,0.000000,0.000000
1.553955,1.330093,0.310920,0.057110,-0.659216,-0.799578,0.820185,1.421488,0.000000,0.000000
1.602173,1.357301,0.340104,0.058524,-0.757559,-0.872778,0.753420,1.366552,0.000000,0.000000
1.529541,1.374525,0.215185,0.059308,-0.896883,-0.983620,0.677408,1.309762,0.000000,0.000000
1.517334,1.394078,0.171189,0.059937,-1.146976,-1.168880,0.503184,1.170642,0.000000,0.000000
1.275635,1.382234,-0.148053,0.058897,-1.197587,-1.184584,0.408775,1.103819,0.000000,0.000000
1.142578,1.358268,-0.299568,0.057104,-1.186410,-1.138932,0.315211,1.025959,0.000000,0.000000
1.021729,1.324614,-0.420648,0.054716,-1.097539,-1.018297,0.228873,0.951301,0.000000,0.000000
0.925293,1.259619,-0.464343,0.050116,-0.930883,-0.798411,0.085218,0.829737,0.000000,0.000000
0.877075,1.221365,-0.478180,0.047475,-0.826915,-0.672893,0.027411,0.780951,0.000000,0.000000
0.888672,1.188096,-0.415871,0.045158,-0.731427,-0.559112,-0.021308,0.740902,0.000000,0.000000
0.816040,1.150890,-0.465064,0.042607,-0.653334,-0.465873,-0.061163,0.712830,0.000000,0.000000
0.864868,1.071497,-0.286984,0.037237,-0.401066,-0.193631,-0.112497,0.663837,0.000000,0.000000
0.671387,1.031486,-0.500138,0.034551,-0.254250,-0.043236,-0.120263,0.670120,0.000000,0.000000
0.513916,0.979729,-0.646963,0.031143,-0.089169,0.121076,-0.115918,0.674434,0.000000,0.000000
0.610962,0.942852,-0.460930,0.028683,0.049182,0.254775,-0.100675,0.678179,0.000000,0.000000
0.562744,0.869533,-0.426640,0.023827,0.479815,0.659656,-0.024499,0.736383,0.000000,0.000000
0.707397,0.853320,-0.202670,0.022694,0.687352,0.845821,0.037516,0.784023,0.000000,0.000000
0.864868,0.854474,0.014435,0.022653,0.871936,1.004500,0.112442,0.850605,0.000000,0.000000
0.961304,0.865157,0.133537,0.023207,0.994577,1.097500,0.198303,0.933785,0.000000,0.000000
0.985718,0.867355,0.164404,0.023117,1.165734,1.203922,0.385871,1.097007,0.000000,0.000000
0.973511,0.877970,0.132695,0.023664,1.238089,1.241920,0.485410,1.184723,0.000000,0.000000
1.227417,0.912915,0.436814,0.025730,1.317669,1.286107,0.587788,1.268386,0.000000,0.000000
1.154785,0.937102,0.302319,0.027113,1.326499,1.259786,0.689996,1.363419,0.000000,0.000000
1.287842,0.972176,0.438447,0.029170,1.277173,1.177270,0.786955,1.442011,0.000000,0.000000
1.396484,1.037578,0.498481,0.032959,1.087985,0.931477,0.953735,1.571440,0.000000,0.000000
1.396484,1.073469,0.448632,0.035037,1.041338,0.861027,1.024370,1.627138,0.000000,0.000000
1.662598,1.132382,0.736411,0.038544,0.931740,0.730539,1.087144,1.671495,0.000000,0.000000
1.348267,1.181036,0.232011,0.041190,0.556225,0.327704,1.172778,1.733210,0.000000,0.000000
1.517334,1.214665,0.420837,0.043088,0.344667,0.111859,1.189059,1.722550,0.000000,0.000000
1.481323,1.241331,0.333323,0.044539,0.125195,-0.105839,1.188287,1.707772,0.000000,0.000000
1.541748,1.271373,0.375498,0.046194,-0.105034,-0.327946,1.169571,1.674378,0.000000,0.000000
1.589966,1.326467,0.365970,0.049168,-0.465464,-0.656029,1.086212,1.578517,0.000000,0.000000
1.493530,1.343174,0.208829,0.049967,-0.617498,-0.785905,1.027601,1.523135,0.000000,0.000000
1.360474,1.344904,0.021625,0.049825,-0.716607,-0.860387,0.961738,1.458050,0.000000,0.000000
1.408691,1.351282,0.079735,0.049975,-0.781961,-0.899386,0.890853,1.383560,0.000000,0.000000
1.130371,1.328920,-0.275762,0.048078,-0.900793,-0.961682,0.738072,1.241386,0.000000,0.000000
1.251831,1.321211,-0.096361,0.047356,-0.902181,-0.935087,0.662178,1.161215,0.000000,0.000000
1.215210,1.310611,-0.132501,0.046457,-0.885370,-0.891095,0.588419,1.096800,0.000000,0.000000
1.033936,1.282943,-0.345745,0.044496,-0.853283,-0.833545,0.519424,1.038833,0.000000,0.000000
1.009521,1.239727,-0.319730,0.041356,-0.726915,-0.662830,0.399600,0.932628,0.000000,0.000000
0.985718,1.214326,-0.317160,0.039564,-0.625604,-0.544013,0.352572,0.892887,0.000000,0.000000
0.937500,1.186644,-0.346419,0.037634,-0.537040,-0.440821,0.313741,0.862072,0.000000,0.000000
0.961304,1.164110,-0.281675,0.036037,-0.476478,-0.368089,0.281844,0.836696,0.000000,0.000000
0.695190,1.086990,-0.544173,0.030868,-0.372345,-0.245648,0.234831,0.800727,0.000000,0.000000
0.852661,1.063557,-0.292907,0.029249,-0.350553,-0.216327,0.215771,0.775331,0.000000,0.000000
0.852661,1.042468,-0.263619,0.027785,-0.339206,-0.198328,0.199184,0.764712,0.000000,0.000000
0.731812,1.011402,-0.388296,0.025705,-0.333715,-0.186722,0.184014,0.756166,0.000000,0.000000
0.719604,0.949424,-0.319189,0.021586,0.151396,0.289930,0.211188,0.773170,0.000000,0.000000
0.623169,0.916798,-0.407819,0.019439,0.212947,0.342757,0.237757,0.794962,0.000000,0.000000
0.610962,0.886214,-0.382295,0.017430,0.313547,0.432722,0.269307,0.813523,0.000000,0.000000
0.852661,0.882859,-0.041942,0.017133,0.463810,0.568795,0.310539,0.839288,0.000000,0.000000
0.816040,0.870164,-0.075196,0.016171,0.655721,0.724864,0.414655,0.935103,0.000000,0.000000
0.792236,0.862371,-0.097409,0.015603,0.768904,0.816502,0.476918,0.986651,0.000000,0.000000
0.804443,0.856578,-0.072409,0.015163,0.881816,0.905362,0.546266,1.039862,0.000000,0.000000
0.695190,0.840439,-0.201722,0.014079,0.985029,0.982435,0.621621,1.096032,0.000000,0.000000
1.106567,0.872492,0.325105,0.015940,1.128697,1.068260,0.788282,1.211627,0.000000,0.000000
1.094360,0.894679,0.277336,0.017247,1.197199,1.106498,0.875523,1.288011,0.000000,0.000000
0.997925,0.905003,0.129057,0.017806,1.221270,1.100006,0.963944,1.359482,0.000000,0.000000
1.118774,0.926380,0.267214,0.019053,1.246340,1.094485,1.052457,1.419633,0.000000,0.000000
1.203003,0.983333,0.305097,0.022412,1.192906,0.984071,1.218222,1.542238,0.000000,0.000000
1.275635,1.012563,0.324762,0.023924,1.119285,0.885174,1.301239,1.598883,0.000000,0.000000
1.215210,1.032828,0.253324,0.025071,1.031068,0.774798,1.366650,1.639485,0.000000,0.000000
1.263428,1.055888,0.288235,0.026387,0.929581,0.654307,1.423228,1.664762,0.000000,0.000000
1.420898,1.118703,0.419717,0.030040,0.786099,0.481047,1.512993,1.700558,0.000000,0.000000
1.674805,1.174313,0.695127,0.033366,0.648321,0.332986,1.545261,1.712375,0.000000,0.000000
1.626587,1.219541,0.565350,0.036026,0.439593,0.119562,1.562090,1.725839,0.000000,0.000000
1.638184,1.261405,0.522755,0.038459,0.172338,-0.145361,1.559334,1.716343,0.000000,0.000000
1.456909,1.280955,0.244637,0.039490,-0.072298,-0.380539,1.536425,1.689004,0.000000,0.000000
1.565552,1.345960,0.304992,0.043146,-0.434343,-0.707756,1.445015,1.589108,0.000000,0.000000
1.565552,1.367919,0.274490,0.044303,-0.491015,-0.742694,1.386703,1.531681,0.000000,0.000000
1.553955,1.386523,0.232527,0.045244,-0.540808,-0.769933,1.326160,1.476020,0.000000,0.000000
1.444702,1.392341,0.072728,0.045382,-0.581163,-0.786950,1.263444,1.421279,0.000000,0.000000
1.444702,1.385975,0.081565,0.044535,-0.668966,-0.826588,1.133652,1.291970,0.000000,0.000000
1.360474,1.383425,-0.031877,0.044153,-0.664110,-0.797675,1.068630,1.240123,0.000000,0.000000
1.300049,1.375087,-0.104220,0.043411,-0.621823,-0.732948,1.008038,1.190331,0.000000,0.000000
1.094360,1.313070,-0.303763,0.039114,-0.579327,-0.649461,0.897733,1.082346,0.000000,0.000000
0.997925,1.281555,-0.393932,0.036949,-0.539177,-0.590908,0.848244,1.035823,0.000000,0.000000
0.949097,1.248309,-0.415578,0.034686,-0.501130,-0.536111,0.803318,0.990273,0.000000,0.000000
0.925293,1.216008,-0.403746,0.032494,-0.502796,-0.521687,0.760282,0.946292,0.000000,0.000000
0.973511,1.191758,-0.302799,0.030817,-0.471502,-0.475744,0.720972,0.907254,0.000000,0.000000
0.719604,1.109684,-0.541778,0.025390,-0.417130,-0.395599,0.652099,0.840914,0.000000,0.000000
0.852661,1.083982,-0.321279,0.023656,-0.385912,-0.353665,0.623502,0.805309,0.000000,0.000000
0.695190,1.045103,-0.485989,0.021108,-0.349455,-0.307035,0.596253,0.782473,0.000000,0.000000
0.441284,0.958667,-0.718579,0.015504,0.456253,0.490728,0.620922,0.800182,0.000000,0.000000
0.598755,0.922676,-0.449890,0.013177,0.542040,0.560419,0.667592,0.820478,0.000000,0.000000
0.634766,0.893885,-0.359888,0.011312,0.574228,0.576452,0.714524,0.850335,0.000000,0.000000
0.671387,0.871635,-0.278105,0.009865,0.577237,0.563576,0.760693,0.879871,0.000000,0.000000
0.913086,0.876270,0.051133,0.010056,0.597326,0.552465,0.851092,0.950025,0.000000,0.000000
0.816040,0.870247,-0.075288,0.009629,0.604186,0.544163,0.895107,0.989638,0.000000,0.000000
0.767822,0.860004,-0.127976,0.008941,0.606162,0.531336,0.938072,1.018963,0.000000,0.000000
0.744019,0.848406,-0.145042,0.008171,0.603297,0.514065,0.979829,1.041864,0.000000,0.000000
0.683594,0.831924,-0.206015,0.007101,0.608380,0.505063,1.020618,1.060665,0.000000,0.000000
0.477905,0.784216,-0.425549,0.004146,0.614651,0.483996,1.104629,1.089321,0.000000,0.000000
0.634766,0.769271,-0.186816,0.003192,0.614345,0.470462,1.142672,1.084193,0.000000,0.000000
0.623169,0.754661,-0.182616,0.002262,0.615872,0.459068,1.179731,1.089129,0.000000,0.000000
0.731812,0.752376,-0.028563,0.002108,0.620477,0.450917,1.216249,1.092423,0.000000,0.000000
0.707397,0.743830,-0.050601,0.001555,0.630236,0.435845,1.287295,1.109098,0.000000,0.000000
0.646973,0.734144,-0.121072,0.000941,0.630173,0.423767,1.321666,1.114702,0.000000,0.000000
0.574341,0.718164,-0.199755,-0.000062,0.630865,0.412735,1.355148,1.114969,0.000000,0.000000
0.490112,0.695359,-0.285064,-0.001487,0.638781,0.409023,1.388263,1.109932,0.000000,0.000000
0.574341,0.663686,-0.124091,-0.003445,0.641034,0.388787,1.452012,1.086663,0.000000,0.000000
0.719604,0.669278,0.069898,-0.003078,0.643415,0.380262,1.482822,1.081342,0.000000,0.000000
0.864868,0.688837,0.244473,-0.001840,0.646199,0.372418,1.512876,1.085528,0.000000,0.000000
0.864868,0.706440,0.220050,-0.000731,0.649398,0.365269,1.542195,1.098598,0.000000,0.000000
0.659180,0.700702,-0.057639,-0.001082,0.656126,0.351815,1.599547,1.109406,0.000000,0.000000
0.695190,0.700151,-0.006892,-0.001111,0.661760,0.347534,1.627688,1.105751,0.000000,0.000000
0.683594,0.698495,-0.020696,-0.001209,0.666976,0.343060,1.655210,1.104200,0.000000,0.000000
0.683594,0.697005,-0.018626,-0.001296,0.669276,0.335808,1.682314,1.101569,0.000000,0.000000
0.852661,0.704827,0.205329,-0.000791,0.680316,0.327950,1.735826,1.091243,0.000000,0.000000
0.755615,0.709905,0.063486,-0.000470,0.687033,0.325430,1.762088,1.100168,0.000000,0.000000
0.513916,0.690306,-0.244972,-0.001693,0.687092,0.316485,1.787717,1.101288,0.000000,0.000000
0.623169,0.683593,-0.083926,-0.002104,0.691296,0.311804,1.812879,1.085467,0.000000,0.000000
0.719604,0.692632,0.037462,-0.001520,0.700605,0.303643,1.862344,1.078714,0.000000,0.000000
0.659180,0.689287,-0.041816,-0.001721,0.700393,0.295004,1.886236,1.077183,0.000000,0.000000
0.707397,0.691098,0.022638,-0.001599,0.702526,0.288856,1.909689,1.071231,0.000000,0.000000
0.828247,0.704813,0.171434,-0.000734,0.707501,0.285659,1.932857,1.068683,0.000000,0.000000
0.574341,0.676782,-0.142278,-0.002474,0.708164,0.270692,1.977211,1.058420,0.000000,0.000000
0.634766,0.672581,-0.052464,-0.002724,0.712318,0.267145,1.998964,1.046352,0.000000,0.000000
0.707397,0.676062,0.043566,-0.002492,0.718266,0.265532,2.020281,1.038792,0.000000,0.000000
0.574341,0.665890,-0.127160,-0.003115,0.719940,0.259805,2.041179,1.036278,0.000000,0.000000
0.671387,0.646225,0.034946,-0.004306,0.721686,0.247142,2.081610,1.003977,0.000000,0.000000
0.731812,0.654784,0.106983,-0.003750,0.722999,0.241464,2.101182,1.000114,0.000000,0.000000
0.465698,0.635875,-0.236360,-0.004913,0.734142,0.245694,2.120528,1.000408,0.000000,0.000000
0.477905,0.620078,-0.197463,-0.005876,0.805244,0.308978,2.142154,0.984812,0.000000,0.000000
0.731812,0.628234,0.143858,-0.005306,1.116501,0.593342,2.216628,0.994963,0.000000,0.000000
0.683594,0.633770,0.069200,-0.004934,1.310232,0.766907,2.272947,1.031061,0.000000,0.000000
0.683594,0.638752,0.062277,-0.004598,1.505371,0.937026,2.343126,1.074694,0.000000,0.000000
0.707397,0.645617,0.085810,-0.004146,1.692947,1.094904,2.426673,1.128155,0.000000,0.000000
0.973511,0.683966,0.402150,-0.001709,1.853678,1.189355,2.614312,1.246542,0.000000,0.000000
1.046143,0.720184,0.452715,0.000563,1.852583,1.155141,2.708571,1.318195,0.000000,0.000000
1.094360,0.757602,0.467271,0.002896,1.850745,1.121351,2.799762,1.386984,0.000000,0.000000
1.239624,0.805804,0.603116,0.005897,1.872928,1.112383,2.888588,1.452127,0.000000,0.000000
1.360474,0.910093,0.625529,0.012340,1.778740,0.960110,3.055747,1.585885,0.000000,0.000000
1.493530,0.968436,0.729297,0.015924,1.717736,0.873936,3.128677,1.640340,0.000000,0.000000
1.493530,1.020946,0.656334,0.019126,1.639436,0.773129,3.194416,1.693240,0.000000,0.000000
1.372681,1.056119,0.439691,0.021229,1.562860,0.676950,3.252090,1.734831,0.000000,0.000000
1.553955,1.143072,0.570670,0.026439,1.348487,0.433915,3.338214,1.773041,0.000000,0.000000
1.529541,1.181719,0.483085,0.028722,1.301465,0.376338,3.370567,1.789101,0.000000,0.000000
1.662598,1.229807,0.601098,0.031584,1.195807,0.262798,3.395717,1.795490,0.000000,0.000000
1.771240,1.283950,0.676791,0.034810,1.040604,0.103745,3.409825,1.799893,0.000000,0.000000
1.783447,1.333900,0.624363,0.037758,0.830198,-0.104764,3.408003,1.796115,0.000000,0.000000
1.747437,1.411373,0.466860,0.042211,0.417874,-0.496665,3.357625,1.743923,0.000000,0.000000
1.662598,1.436496,0.314014,0.043570,0.278234,-0.618981,3.312173,1.700603,0.000000,0.000000
1.577759,1.450622,0.176444,0.044234,0.137380,-0.738981,3.256680,1.644857,0.000000,0.000000
1.493530,1.485966,0.010507,0.045993,-0.005310,-0.833554,3.127351,1.531149,0.000000,0.000000
1.577759,1.495145,0.114739,0.046337,-0.026460,-0.829979,3.060651,1.464753,0.000000,0.000000
1.517334,1.497364,0.027736,0.046244,-0.048173,-0.826863,2.993678,1.408333,0.000000,0.000000
1.493530,1.496981,-0.004792,0.045989,-0.010186,-0.765089,2.929468,1.354309,0.000000,0.000000
1.384277,1.470129,-0.119238,0.043857,0.248476,-0.470165,2.832432,1.271815,0.000000,0.000000
1.263428,1.449459,-0.258379,0.042346,0.501073,-0.207398,2.806008,1.254282,0.000000,0.000000
1.300049,1.434518,-0.186751,0.041200,0.843991,0.136644,2.804878,1.253976,0.000000,0.000000
1.203003,1.411366,-0.289412,0.039547,1.200786,0.484480,2.832345,1.283544,0.000000,0.000000
1.154785,1.365857,-0.293151,0.036315,1.654837,0.898925,2.949769,1.381411,0.000000,0.000000
1.203003,1.349571,-0.203504,0.035116,1.799068,1.016535,3.028063,1.440997,0.000000,0.000000
1.372681,1.351882,0.028895,0.035085,1.889493,1.078187,3.112530,1.505701,0.000000,0.000000
1.589966,1.375691,0.297605,0.036398,1.886354,1.046088,3.197886,1.578347,0.000000,0.000000
1.577759,1.402108,0.243962,0.037684,1.844293,0.950772,3.355724,1.715782,0.000000,0.000000
1.481323,1.410030,0.099017,0.037990,1.780297,0.862527,3.428111,1.775651,0.000000,0.000000
1.698608,1.438888,0.360700,0.039604,1.566351,0.629230,3.487116,1.812027,0.000000,0.000000
1.589966,1.453995,0.188859,0.040350,1.308957,0.360080,3.524736,1.840217,0.000000,0.000000
1.771240,1.514272,0.356901,0.043705,0.689282,-0.258803,3.531389,1.824748,0.000000,0.000000
1.771240,1.514272,0.356901,0.043705,0.689282,-0.258803,3.531389,1.824748,0.000000,0.000000
1.710815,1.552714,0.219585,0.045665,0.246376,-0.670154,3.450179,1.738697,0.000000,0.000000
1.529541,1.550397,-0.028966,0.045292,0.113014,-0.781348,3.391128,1.680239,0.000000,0.000000
1.493530,1.542833,-0.068476,0.044368,-0.077752,-0.920073,3.250717,1.530385,0.000000,0.000000
1.323853,1.520935,-0.273725,0.042778,-0.042833,-0.858861,3.179136,1.459405,0.000000,0.000000
1.420898,1.510931,-0.124999,0.041939,-0.008330,-0.800043,3.113092,1.387008,0.000000,0.000000
1.275635,1.487402,-0.294231,0.040258,0.056715,-0.712539,3.052259,1.331124,0.000000,0.000000
1.372681,1.452531,-0.110903,0.037685,0.438658,-0.299392,2.968166,1.243539,0.000000,0.000000
1.227417,1.430019,-0.281392,0.036090,0.798455,0.063820,2.960074,1.244732,0.000000,0.000000
1.336060,1.420624,-0.117449,0.035322,1.149262,0.407691,2.981445,1.264154,0.000000,0.000000
1.179199,1.396481,-0.301784,0.033636,1.478737,0.720964,3.029210,1.314888,0.000000,0.000000
1.251831,1.368998,-0.162729,0.031588,2.004969,1.191845,3.190236,1.451671,0.000000,0.000000
1.348267,1.366925,-0.025915,0.031300,2.209507,1.360459,3.294303,1.537777,0.000000,0.000000
1.287842,1.359016,-0.098845,0.030650,2.255611,1.368647,3.404639,1.630513,0.000000,0.000000
1.469116,1.370026,0.137636,0.031184,2.170921,1.248398,3.508758,1.706839,0.000000,0.000000
1.577759,1.405156,0.239728,0.033064,1.814632,0.835313,3.677042,1.834645,0.000000,0.000000
1.614380,1.426078,0.261527,0.034206,1.545999,0.548898,3.731370,1.869065,0.000000,0.000000
1.481323,1.431603,0.069056,0.034381,1.199390,0.193956,3.759127,1.878179,0.000000,0.000000
1.698608,1.458303,0.333587,0.035877,0.863388,-0.140683,3.759287,1.851223,0.000000,0.000000
1.614380,1.503174,0.154450,0.038314,0.385829,-0.591985,3.692160,1.774163,0.000000,0.000000
1.614380,1.514295,0.139007,0.038818,0.331530,-0.627751,3.642580,1.715842,0.000000,0.000000
1.589966,1.521862,0.094584,0.039096,0.300790,-0.639107,3.590569,1.659169,0.000000,0.000000
1.505127,1.520188,-0.020920,0.038796,0.430364,-0.492745,3.545384,1.611286,0.000000,0.000000
1.493530,1.515123,-0.029990,0.038094,1.208346,0.291342,3.531208,1.584891,0.000000,0.000000
1.493530,1.512964,-0.026990,0.037768,1.581292,0.650703,3.571559,1.617461,0.000000,0.000000
1.541748,1.515842,0.035952,0.037759,1.852645,0.899893,3.636797,1.671583,0.000000,0.000000
1.565552,1.520813,0.062185,0.037881,1.972056,0.992970,3.714280,1.736966,0.000000,0.000000
1.577759,1.528392,0.068566,0.037976,1.584920,0.562202,3.846135,1.833962,0.000000,0.000000
1.710815,1.546634,0.228027,0.038927,1.188978,0.158747,3.872083,1.841220,0.000000,0.000000
1.698608,1.561832,0.189956,0.039682,0.839710,-0.187626,3.868277,1.828570,0.000000,0.000000
1.723022,1.577951,0.201504,0.040491,0.591383,-0.425248,3.841854,1.794352,0.000000,0.000000
1.517334,1.581705,-0.089495,0.040317,0.424769,-0.558192,3.753039,1.700251,0.000000,0.000000
1.589966,1.582531,0.010327,0.040167,0.516014,-0.451781,3.712721,1.649282,0.000000,0.000000
1.602173,1.584495,0.024553,0.040089,0.699230,-0.257887,3.684817,1.618632,0.000000,0.000000
1.433105,1.569356,-0.189237,0.038942,1.021773,0.067611,3.678355,1.611478,0.000000,0.000000
1.529541,1.560693,-0.043266,0.038014,1.700220,0.722101,3.750231,1.661367,0.000000,0.000000
1.589966,1.563620,0.036592,0.038007,1.891527,0.891055,3.816247,1.715670,0.000000,0.000000
1.541748,1.561433,-0.027337,0.037680,1.901311,0.876633,3.888240,1.776026,0.000000,0.000000
1.481323,1.553422,-0.100142,0.036991,1.711536,0.666466,3.950124,1.819241,0.000000,0.000000
1.650391,1.568605,0.113593,0.037569,1.017073,-0.040955,3.995630,1.824777,0.000000,0.000000
1.723022,1.584047,0.193020,0.038346,0.735276,-0.315586,3.979277,1.797161,0.000000,0.000000
1.687012,1.594343,0.128706,0.038798,0.548432,-0.489126,3.945141,1.759381,0.000000,0.000000
1.831665,1.618075,0.296656,0.040088,0.444385,-0.576550,3.901271,1.712439,0.000000,0.000000
1.456909,1.619039,-0.224967,0.039743,0.624603,-0.365865,3.820231,1.651966,0.000000,0.000000
1.444702,1.601606,-0.218129,0.038454,0.853907,-0.129107,3.801335,1.620733,0.000000,0.000000
1.529541,1.594399,-0.080068,0.037861,1.167156,0.183020,3.806284,1.613640,0.000000,0.000000
1.469116,1.581871,-0.156612,0.036889,1.465265,0.471988,3.834189,1.634766,0.000000,0.000000
1.360474,1.531071,-0.236942,0.033356,1.777230,0.748548,3.939671,1.697017,0.000000,0.000000
1.505127,1.528477,-0.032431,0.033027,1.796579,0.747657,3.999894,1.731798,0.000000,0.000000
1.662598,1.541889,0.167651,0.033700,1.642455,0.575986,4.053186,1.767319,0.000000,0.000000
1.687012,1.556401,0.181365,0.034438,1.386727,0.309451,4.087658,1.793079,0.000000,0.000000
1.638184,1.582816,0.076947,0.035739,0.857909,-0.217672,4.090411,1.785668,0.000000,0.000000
1.650391,1.589574,0.084466,0.035983,0.701269,-0.364640,4.066284,1.752492,0.000000,0.000000
1.529541,1.583570,-0.075037,0.035428,0.611038,-0.442008,4.032805,1.713486,0.000000,0.000000
1.565552,1.581769,-0.022524,0.035138,0.572440,-0.466179,3.994692,1.664508,0.000000,0.000000
1.638184,1.575074,0.087652,0.034373,0.905395,-0.115219,3.947634,1.600408,0.000000,0.000000
1.638184,1.581385,0.078878,0.034596,1.176273,0.155278,3.950438,1.605779,0.000000,0.000000
1.698608,1.593107,0.146546,0.035155,1.462853,0.433472,3.976012,1.632579,0.000000,0.000000
1.541748,1.587971,-0.064199,0.034659,1.642539,0.598801,4.019081,1.678354,0.000000,0.000000
1.710815,1.608071,0.142703,0.035566,1.730717,0.652010,4.124007,1.766546,0.000000,0.000000
1.735229,1.620787,0.158946,0.036183,1.631976,0.537847,4.171205,1.807882,0.000000,0.000000
1.517334,1.610441,-0.129309,0.035356,1.509464,0.403472,4.208387,1.838474,0.000000,0.000000
1.735229,1.622920,0.155993,0.035959,1.407103,0.292651,4.235720,1.842767,0.000000,0.000000
1.819458,1.648342,0.237660,0.037187,1.245692,0.122880,4.265895,1.852993,0.000000,0.000000
1.807861,1.664294,0.199398,0.037998,1.206818,0.082344,4.273746,1.858212,0.000000,0.000000
1.589966,1.656861,-0.092910,0.037344,1.186081,0.060816,4.279130,1.859935,0.000000,0.000000
1.771240,1.668299,0.142974,0.037872,1.152366,0.027140,4.282153,1.844474,0.000000,0.000000
1.879883,1.700920,0.248560,0.039529,0.911650,-0.206473,4.268987,1.823902,0.000000,0.000000
1.747437,1.705571,0.058147,0.039622,0.888782,-0.221857,4.250905,1.810396,0.000000,0.000000
1.687012,1.703715,-0.023187,0.039308,1.076628,-0.029595,4.240771,1.796511,0.000000,0.000000
1.710815,1.704425,0.008880,0.039156,1.320861,0.212179,4.249989,1.797998,0.000000,0.000000
1.650391,1.694159,-0.060789,0.038125,1.374686,0.251318,4.297879,1.826757,0.000000,0.000000
1.783447,1.703088,0.111611,0.038493,1.168713,0.042757,4.309154,1.825469,0.000000,0.000000
1.868286,1.719607,0.206499,0.039333,0.980311,-0.142297,4.303391,1.817022,0.000000,0.000000
1.698608,1.717508,-0.026248,0.039005,0.898411,-0.217415,4.287519,1.805286,0.000000,0.000000
1.662598,1.723389,-0.084433,0.038979,1.078309,-0.027254,4.263872,1.779638,0.000000,0.000000
1.771240,1.728174,0.059813,0.039084,1.291798,0.184387,4.271450,1.779033,0.000000,0.000000
1.795654,1.734922,0.084344,0.039310,1.429321,0.315036,4.293631,1.799783,0.000000,0.000000
1.650391,1.726469,-0.105671,0.038585,1.392558,0.271006,4.317620,1.822439,0.000000,0.000000
1.687012,1.715677,-0.039811,0.037528,1.105960,-0.020598,4.339075,1.819169,0.000000,0.000000
1.614380,1.705547,-0.126621,0.036707,0.961205,-0.161019,4.330263,1.801698,0.000000,0.000000
1.771240,1.712116,0.082117,0.036934,0.971149,-0.145565,4.317494,1.776757,0.000000,0.000000
1.650391,1.705944,-0.077074,0.036364,1.089703,-0.023960,4.311308,1.770515,0.000000,0.000000
1.723022,1.701553,0.029819,0.035729,1.489390,0.366585,4.341625,1.782638,0.000000,0.000000
1.747437,1.706142,0.057354,0.035837,1.536200,0.402830,4.374361,1.809932,0.000000,0.000000
1.819458,1.717473,0.141639,0.036366,1.392021,0.250730,4.400363,1.830503,0.000000,0.000000
1.662598,1.711986,-0.068599,0.035841,1.156762,0.013614,4.409454,1.838351,0.000000,0.000000
1.698608,1.711641,-0.018100,0.035462,0.986071,-0.148112,4.390254,1.801400,0.000000,0.000000
1.674805,1.707958,-0.046046,0.035054,1.106590,-0.024404,4.383580,1.788082,0.000000,0.000000
1.687012,1.705863,-0.026183,0.034748,1.312463,0.179597,4.390944,1.787525,0.000000,0.000000
1.650391,1.700316,-0.069334,0.034228,1.497047,0.356740,4.414242,1.803069,0.000000,0.000000
1.650391,1.698465,-0.066770,0.033769,1.370126,0.213176,4.467675,1.837900,0.000000,0.000000
1.879883,1.716607,0.226772,0.034734,1.164980,0.006608,4.475207,1.832281,0.000000,0.000000
1.747437,1.719690,0.038533,0.034753,1.029873,-0.125068,4.468706,1.829241,0.000000,0.000000
1.879883,1.735709,0.200253,0.035581,1.011093,-0.138940,4.457568,1.813021,0.000000,0.000000
1.710815,1.745152,-0.047736,0.035811,1.354088,0.204907,4.459562,1.823500,0.000000,0.000000
1.747437,1.745380,0.002857,0.035646,1.500338,0.343493,4.483728,1.839026,0.000000,0.000000
1.759033,1.746746,0.017066,0.035553,1.500054,0.334509,4.511364,1.859251,0.000000,0.000000
1.735229,1.745594,-0.014395,0.035304,1.437524,0.264678,4.535222,1.875247,0.000000,0.000000
1.687012,1.739902,-0.073459,0.034596,1.307859,0.126968,4.564254,1.884319,0.000000,0.000000
1.735229,1.739434,-0.005840,0.034393,1.273150,0.090378,4.572515,1.878807,0.000000,0.000000
1.735229,1.739014,-0.005255,0.034195,1.231123,0.047347,4.578283,1.874553,0.000000,0.000000
1.723022,1.737415,-0.019991,0.033924,1.146388,-0.036224,4.578007,1.864789,0.000000,0.000000
1.698608,1.732239,-0.046709,0.033263,1.350886,0.167801,4.583951,1.852111,0.000000,0.000000
1.868286,1.745844,0.170060,0.033947,1.439476,0.250833,4.602150,1.859131,0.000000,0.000000
1.589966,1.730256,-0.194801,0.032803,1.348869,0.155412,4.618933,1.875769,0.000000,0.000000
1.626587,1.719889,-0.129617,0.031991,1.209450,0.015156,4.624512,1.861629,0.000000,0.000000
1.735229,1.718464,0.023286,0.031584,1.357674,0.161866,4.633337,1.843357,0.000000,0.000000
1.698608,1.716479,-0.024845,0.031302,1.439216,0.238177,4.650438,1.852411,0.000000,0.000000
1.879883,1.732819,0.204244,0.032167,1.383067,0.176918,4.667805,1.858547,0.000000,0.000000
1.747437,1.734281,0.018272,0.032097,1.228720,0.021390,4.674323,1.866169,0.000000,0.000000
1.626587,1.720301,-0.130165,0.030904,1.342004,0.134710,4.678892,1.851744,0.000000,0.000000
1.698608,1.718132,-0.027116,0.030614,1.462292,0.249590,4.696354,1.853203,0.000000,0.000000
1.819458,1.728264,0.126658,0.031094,1.421383,0.203029,4.715069,1.860588,0.000000,0.000000
1.674805,1.722918,-0.066824,0.030605,1.278926,0.058398,4.724356,1.866617,0.000000,0.000000
1.735229,1.725257,0.013851,0.030445,1.384601,0.162228,4.734053,1.854764,0.000000,0.000000
1.904297,1.743161,0.223802,0.031412,1.485452,0.257369,4.752425,1.864261,0.000000,0.000000
1.759033,1.744748,0.019838,0.031354,1.425340,0.191751,4.770867,1.884599,0.000000,0.000000
1.819458,1.752219,0.093358,0.031664,1.279155,0.043783,4.779061,1.883844,0.000000,0.000000
1.638184,1.743626,-0.146447,0.030810,1.411490,0.174508,4.788191,1.881713,0.000000,0.000000
1.795654,1.748829,0.065033,0.030982,1.505543,0.262616,4.807239,1.883433,0.000000,0.000000
1.698608,1.743807,-0.062778,0.030513,1.414992,0.166885,4.824822,1.894253,0.000000,0.000000
1.856079,1.755034,0.140339,0.031062,1.253932,0.004965,4.830346,1.886179,0.000000,0.000000
1.710815,1.753170,-0.058825,0.030635,1.386791,0.137662,4.835242,1.882097,0.000000,0.000000
1.650391,1.742892,-0.128472,0.029839,1.523612,0.268741,4.853560,1.888042,0.000000,0.000000
1.771240,1.745727,0.035433,0.029867,1.474949,0.214144,4.873044,1.890521,0.000000,0.000000
1.928711,1.764025,0.228744,0.030861,1.404470,0.139799,4.886755,1.895504,0.000000,0.000000
1.505127,1.737686,-0.323003,0.028908,1.376592,0.107156,4.905373,1.905499,0.000000,0.000000
1.698608,1.733778,-0.048847,0.028519,1.355016,0.083725,4.913039,1.885627,0.000000,0.000000
1.710815,1.731482,-0.028704,0.028233,1.285097,0.013352,4.916893,1.876577,0.000000,0.000000
1.723022,1.730636,-0.010574,0.028039,1.110418,-0.158282,4.911128,1.859718,0.000000,0.000000
1.674805,1.745022,-0.097554,0.028651,0.622228,-0.620648,4.843977,1.794488,0.000000,0.000000
1.807861,1.751306,0.078550,0.028900,0.455691,-0.766251,4.787227,1.731977,0.000000,0.000000
1.783447,1.754520,0.040175,0.028956,0.347151,-0.850732,4.721426,1.674113,0.000000,0.000000
1.614380,1.740506,-0.175184,0.027936,0.370358,-0.803369,4.654827,1.617818,0.000000,0.000000
1.577759,1.708485,-0.181565,0.025661,0.499483,-0.632874,4.540857,1.508950,0.000000,0.000000
1.493530,1.686990,-0.268697,0.024189,0.591191,-0.524654,4.495499,1.470255,0.000000,0.000000
1.300049,1.648296,-0.483671,0.021650,0.659355,-0.442579,4.457537,1.435534,0.000000,0.000000
1.336060,1.617072,-0.390296,0.019590,0.710374,-0.379642,4.425093,1.395306,0.000000,0.000000
1.287842,1.565395,-0.385490,0.016172,0.913390,-0.160035,4.379928,1.351089,0.000000,0.000000
1.287842,1.537640,-0.346941,0.014356,1.096558,0.025055,4.375058,1.342215,0.000000,0.000000
1.239624,1.507838,-0.372501,0.012422,1.210177,0.136244,4.382736,1.345913,0.000000,0.000000
1.166992,1.473753,-0.426078,0.010229,1.288028,0.209335,4.397019,1.352393,0.000000,0.000000
1.251831,1.451561,-0.277406,0.008791,1.328141,0.243084,4.415812,1.357798,0.000000,0.000000
1.179199,1.400856,-0.307976,0.005543,1.357469,0.258413,4.456841,1.377705,0.000000,0.000000
1.190796,1.379850,-0.262575,0.004202,1.381310,0.274626,4.478869,1.385312,0.000000,0.000000
1.118774,1.353743,-0.326340,0.002549,1.522396,0.405634,4.507224,1.399309,0.000000,0.000000
1.058350,1.303056,-0.339870,-0.000637,1.515040,0.377092,4.567893,1.418591,0.000000,0.000000
1.021729,1.274923,-0.351664,-0.002392,1.514472,0.366114,4.597496,1.422450,0.000000,0.000000
1.154785,1.262910,-0.150163,-0.003131,1.514724,0.356187,4.626324,1.422815,0.000000,0.000000
1.154785,1.252097,-0.135162,-0.003791,1.515514,0.347032,4.654412,1.431488,0.000000,0.000000
1.166992,1.227193,-0.083613,-0.005304,1.517975,0.330218,4.708607,1.439493,0.000000,0.000000
1.166992,1.221173,-0.075250,-0.005654,1.519410,0.322299,4.734819,1.446065,0.000000,0.000000
1.179199,1.216976,-0.052467,-0.005888,1.528031,0.321648,4.760806,1.451975,0.000000,0.000000
1.033936,1.198672,-0.228803,-0.007002,1.525777,0.310428,4.785881,1.457442,0.000000,0.000000
1.082153,1.176533,-0.131084,-0.008312,1.534653,0.301708,4.834813,1.450363,0.000000,0.000000
1.046143,1.163494,-0.162820,-0.009085,1.532699,0.291223,4.858503,1.448020,0.000000,0.000000
1.058350,1.152980,-0.131558,-0.009697,1.534566,0.284718,4.881615,1.442836,0.000000,0.000000
1.069946,1.144676,-0.103799,-0.010168,1.540490,0.282427,4.904277,1.438402,0.000000,0.000000
1.082153,1.138424,-0.078153,-0.010508,1.538474,0.272402,4.926264,1.434416,0.000000,0.000000
1.046143,1.124132,-0.108323,-0.011256,1.547760,0.265709,4.972901,1.431118,0.000000,0.000000
1.046143,1.116333,-0.097486,-0.011687,1.550968,0.261184,4.994030,1.425186,0.000000,0.000000
0.985718,1.103271,-0.163271,-0.012445,1.550153,0.252869,5.014467,1.418994,0.000000,0.000000
1.154785,1.108423,0.064392,-0.012060,1.552248,0.247531,5.034628,1.408856,0.000000,0.000000
1.130371,1.105012,0.035221,-0.012151,1.556366,0.237242,5.073730,1.404256,0.000000,0.000000
0.961304,1.090641,-0.179622,-0.012989,1.557192,0.231161,5.092441,1.403556,0.000000,0.000000
1.251831,1.106760,0.201500,-0.011916,1.557284,0.224503,5.110634,1.390924,0.000000,0.000000
1.275635,1.123648,0.211095,-0.010801,1.557889,0.218558,5.128344,1.398422,0.000000,0.000000
0.985718,1.122435,-0.189886,-0.010774,1.559536,0.207674,5.162397,1.412946,0.000000,0.000000
1.021729,1.112364,-0.125722,-0.011348,1.560140,0.202220,5.178824,1.399643,0.000000,0.000000
