-58.942360,-61.170231,0.074724,9.674872,9.968383,-0.008090,-3.124762,0.000000,-0.296603,-0.298002
-58.180763,-61.884583,0.040706,9.956222,9.968383,-0.012373,-3.120578,0.000000,-0.296404,-0.298601
-57.551105,-63.965912,0.312662,10.013164,9.968383,-0.035845,-3.118485,0.000000,-0.296004,-0.298402
-56.772442,-65.393814,0.321884,9.969919,9.968383,-0.088577,-3.120578,0.000000,-0.295604,-0.298202
-56.273098,-68.512848,0.353783,9.893188,9.968383,-0.130356,-3.116393,0.000000,-0.296204,-0.298402
-55.655033,-70.451454,0.877851,9.887320,9.968383,-0.190640,-3.120578,0.000000,-0.295604,-0.298601
-54.800636,-72.809731,0.874931,9.954040,9.968383,-0.262131,-3.120578,0.000000,-0.296404,-0.298601
-54.643124,-72.765923,0.810508,10.121727,9.968383,-0.330869,-3.120578,0.000000,-0.296404,-0.298601
-54.158123,-74.137566,0.644308,10.193729,9.968383,-0.381756,-3.120578,0.000000,-0.296004,-0.298402
-53.908463,-75.966850,0.829638,10.104803,9.968383,-0.435539,-3.120578,0.000000,-0.295804,-0.298402
-53.979557,-78.260696,0.816856,9.891665,9.968383,-0.502777,-3.118485,0.000000,-0.296204,-0.298801
-53.306908,-79.034592,0.741283,9.956827,9.968383,-0.563774,-3.124762,0.000000,-0.296004,-0.298601
-52.930660,-80.853363,0.516712,10.002385,9.968383,-0.608572,-3.120578,0.000000,-0.296204,-0.298601
-53.154163,-82.452873,0.274640,9.872770,9.968383,-0.645845,-3.118485,0.000000,-0.296004,-0.298402
-53.056343,-83.037636,0.267920,9.806460,9.968383,-0.683154,-3.120578,0.000000,-0.296004,-0.298402
-52.994770,-84.494164,0.239357,9.977027,9.968383,-0.715983,-3.120578,0.000000,-0.296204,-0.298402
-52.834099,-85.900497,0.210750,9.932351,9.968383,-0.744976,-3.120578,0.000000,-0.296204,-0.298402
-51.888718,-86.157219,0.332681,9.895097,9.968383,-0.791451,-3.122670,0.000000,-0.296004,-0.298202
-51.024689,-86.145828,0.313464,9.988268,9.968383,-0.834369,-3.120578,0.000000,-0.296204,-0.298601
-51.274670,-86.741295,0.221355,9.956243,9.968383,-0.873470,-3.122670,0.000000,-0.296204,-0.299001
-51.510883,-86.663147,0.436649,10.101688,9.968383,-0.905204,-3.120578,0.000000,-0.296204,-0.298402
-51.399815,-87.555122,0.455963,9.831497,9.968383,-0.941058,-3.120578,0.000000,-0.295804,-0.298402
-51.240211,-87.424316,0.462156,9.862638,9.968383,-0.974147,-3.122670,0.000000,-0.296404,-0.298601
-51.715767,-88.139496,0.127025,10.184243,9.968383,-1.002492,-3.120578,0.000000,-0.296004,-0.298402
-51.164215,-87.284386,-0.005861,9.809160,9.968383,-1.007987,-3.120578,0.000000,-0.296204,-0.298202
-51.084423,-87.595840,0.246804,10.020823,9.968383,-1.022807,-3.120578,0.000000,-0.296204,-0.298402
-51.204662,-86.823425,0.238372,9.910356,9.968383,-1.042893,-3.120578,0.000000,-0.296204,-0.298402
-50.880917,-88.571396,0.137132,9.920496,9.968383,-1.052491,-3.124762,0.000000,-0.296204,-0.298402
-51.349472,-89.865395,-0.013423,9.854541,9.968383,-1.053111,-3.120578,0.000000,-0.295604,-0.298601
-51.425709,-88.678101,0.087622,9.968680,9.968383,-1.064233,-3.122670,0.000000,-0.296404,-0.298402
-51.543087,-88.477692,0.139272,9.920072,9.968383,-1.088162,-3.118485,0.000000,-0.296404,-0.298601
-51.681034,-89.325645,0.055702,9.973192,9.968383,-1.103020,-3.120578,0.000000,-0.296204,-0.298402
-51.142227,-87.644753,0.055011,10.134223,9.968383,-1.107324,-3.120578,0.000000,-0.296204,-0.298601
-50.823246,-87.690987,0.014105,10.389558,9.968383,-1.109776,-3.120578,0.000000,-0.296404,-0.298202
-50.270782,-86.543549,0.019020,9.751930,9.968383,-1.110598,-3.124762,0.000000,-0.296204,-0.298402
-49.639046,-86.406364,0.259194,10.000574,9.968383,-1.122176,-3.120578,0.000000,-0.296204,-0.298402
-49.731968,-86.395370,0.204802,9.681055,9.968383,-1.142255,-3.120578,0.000000,-0.296204,-0.298601
-49.954956,-85.387253,-0.016551,10.095471,9.968383,-1.143439,-3.118485,0.000000,-0.296004,-0.298601
-50.023685,-85.666451,-0.031381,10.045527,9.968383,-1.142151,-3.120578,0.000000,-0.295804,-0.298601
-49.915321,-85.988251,0.042667,9.831002,9.968383,-1.151654,-3.122670,0.000000,-0.295804,-0.298601
-49.977329,-85.735703,0.021297,10.175470,9.968383,-1.155121,-3.120578,0.000000,-0.296204,-0.298402
-50.181656,-86.609673,-0.016602,9.926819,9.968383,-1.155303,-3.118485,0.000000,-0.296004,-0.298402
-49.921261,-85.454819,-0.002927,10.275270,9.968383,-1.155397,-3.120578,0.000000,-0.296004,-0.298002
-50.469368,-87.091553,0.159096,10.182378,9.968383,-1.163664,-3.116393,0.000000,-0.296204,-0.298202
-50.373928,-87.108353,-0.068121,10.180122,9.968383,-1.162670,-3.118485,0.000000,-0.295804,-0.298202
-51.006420,-87.080231,0.063668,10.230376,9.968383,-1.166200,-3.118485,0.000000,-0.295804,-0.298202
-51.217754,-86.317535,-0.109344,10.232530,9.968383,-1.159069,-3.120578,0.000000,-0.296204,-0.298002
-51.105000,-87.568390,0.053797,10.294130,9.968383,-1.167260,-3.116393,0.000000,-0.295604,-0.298202
-51.181339,-86.917641,-0.002920,10.199108,9.968383,-1.166869,-3.120578,0.000000,-0.295804,-0.298202
-51.240128,-89.101540,0.036985,10.095498,9.968383,-1.163689,-3.118485,0.000000,-0.295804,-0.298202
-50.899975,-88.680031,-0.077268,9.987494,9.968383,-1.170235,-3.120578,0.000000,-0.296204,-0.298202
-51.447468,-89.091217,-0.001276,9.914189,9.968383,-1.165865,-3.118485,0.000000,-0.296204,-0.298402
-51.445572,-89.839195,0.070036,10.365072,9.968383,-1.170601,-3.120578,0.000000,-0.296204,-0.298402
-51.894199,-88.532158,-0.031701,10.373656,9.968383,-1.174188,-3.120578,0.000000,-0.296404,-0.298402
-51.457989,-88.241791,-0.296012,10.141717,9.968383,-1.160128,-3.120578,0.000000,-0.296204,-0.298202
-51.412033,-86.875572,-0.134382,9.798117,9.968383,-1.144737,-3.118485,0.000000,-0.296204,-0.298801
-51.586376,-87.979713,0.075886,9.925371,9.968383,-1.143962,-3.120578,0.000000,-0.295804,-0.297802
-51.622147,-87.216164,0.021089,9.853502,9.968383,-1.147151,-3.120578,0.000000,-0.296204,-0.298402
-52.601700,-87.193871,0.001442,9.852211,9.968383,-1.147108,-3.120578,0.000000,-0.296204,-0.298002
-52.765827,-87.909546,-0.172099,9.938586,9.968383,-1.136710,-3.120578,0.000000,-0.296204,-0.298202
-52.554722,-87.339584,0.065739,9.957610,9.968383,-1.138917,-3.120578,0.000000,-0.296204,-0.298202
-51.986511,-86.626038,-0.099079,10.075696,9.968383,-1.132215,-3.118485,0.000000,-0.295804,-0.298402
-52.268761,-86.441803,0.004349,9.721955,9.968383,-1.132656,-3.118485,0.000000,-0.296204,-0.298402
-52.148975,-88.322159,-0.013411,10.113252,9.968383,-1.127162,-3.120578,0.000000,-0.296204,-0.298601
-51.861130,-89.570824,-0.123173,10.071417,9.968383,-1.123707,-3.120578,0.000000,-0.296204,-0.298601
-51.432396,-88.893692,-0.120414,10.206553,9.968383,-1.113140,-3.120578,0.000000,-0.295804,-0.298402
-51.369446,-90.262047,-0.029042,9.863940,9.968383,-1.106267,-3.122670,0.000000,-0.296204,-0.298601
-51.096272,-90.340485,-0.244509,10.447081,9.968383,-1.092083,-3.120578,0.000000,-0.296004,-0.298601
-50.598759,-91.776192,0.115375,10.403158,9.968383,-1.093382,-3.120578,0.000000,-0.295804,-0.298402
-51.533890,-90.043472,0.048126,10.175306,9.968383,-1.096012,-3.120578,0.000000,-0.296204,-0.298402
-51.766933,-93.285309,-0.132980,9.942159,9.968383,-1.085783,-3.120578,0.000000,-0.295604,-0.298402
-52.326138,-90.268967,-0.145978,10.558795,9.968383,-1.068308,-3.120578,0.000000,-0.296204,-0.298402
-52.413387,-91.112045,-0.233044,10.202854,9.968383,-1.045831,-3.120578,0.000000,-0.296004,-0.298202
-52.435608,-86.857582,-0.240100,10.014351,9.968383,-1.026429,-3.120578,0.000000,-0.295804,-0.298801
-52.825726,-87.332489,-0.250424,10.113375,9.968383,-1.005903,-3.120578,0.000000,-0.295804,-0.298601
-53.217941,-86.133057,0.006558,9.715004,9.968383,-0.998076,-3.120578,0.000000,-0.296404,-0.298402
-53.162174,-87.479317,0.034994,10.370204,9.968383,-1.000506,-3.120578,0.000000,-0.296404,-0.298402
-52.458389,-87.244102,-0.148062,10.046665,9.968383,-0.989186,-3.120578,0.000000,-0.295804,-0.298601
-52.404766,-84.978516,-0.120585,10.669891,9.968383,-0.976166,-3.118485,0.000000,-0.296004,-0.298402
-52.239426,-86.121941,-0.171894,9.981510,9.968383,-0.954081,-3.120578,0.000000,-0.296204,-0.298601
-52.836155,-86.394730,-0.163680,9.728174,9.968383,-0.931557,-3.120578,0.000000,-0.295804,-0.298601
-52.188080,-85.222244,-0.008384,9.903889,9.968383,-0.921176,-3.122670,0.000000,-0.296204,-0.298601
-52.143848,-85.009392,-0.062863,10.210670,9.968383,-0.923483,-3.120578,0.000000,-0.295804,-0.298402
-52.096146,-85.456696,-0.043563,10.865175,9.968383,-0.918184,-3.120578,0.000000,-0.296204,-0.298202
-52.137600,-86.589828,-0.002694,9.894580,9.968383,-0.915590,-3.118485,0.000000,-0.295604,-0.298402
-52.845692,-86.745979,-0.120700,10.347822,9.968383,-0.904517,-3.120578,0.000000,-0.296204,-0.298402
-52.205151,-86.957130,-0.020777,10.321423,9.968383,-0.898587,-3.120578,0.000000,-0.296204,-0.298601
-51.913506,-86.843513,0.193253,9.572783,9.968383,-0.909050,-3.120578,0.000000,-0.295804,-0.298402
-52.177368,-87.842361,0.089703,9.305439,9.968383,-0.915625,-3.118485,0.000000,-0.296204,-0.298601
-52.655350,-86.326096,0.216343,9.512304,9.968383,-0.932381,-3.118485,0.000000,-0.295804,-0.298202
-52.873909,-88.595978,0.199190,9.996468,9.968383,-0.947643,-3.120578,0.000000,-0.296404,-0.298601
-52.886921,-90.665321,0.101241,9.650461,9.968383,-0.959138,-3.116393,0.000000,-0.296204,-0.298202
-52.500237,-89.709709,-0.026913,9.755182,9.968383,-0.945236,-3.120578,0.000000,-0.296204,-0.298402
-53.475262,-88.337799,0.020536,10.742340,9.968383,-0.945389,-3.118485,0.000000,-0.295804,-0.298601
-53.185047,-89.001785,-0.064610,9.729669,9.968383,-0.942982,-3.118485,0.000000,-0.295604,-0.298601
-54.183094,-88.857224,0.073995,10.592802,9.968383,-0.943683,-3.120578,0.000000,-0.296204,-0.298601
-54.030407,-88.466522,-0.092611,9.433558,9.968383,-0.940047,-3.124762,0.000000,-0.295804,-0.298402
-54.048210,-87.872520,-0.123035,10.279823,9.968383,-0.930431,-3.118485,0.000000,-0.296404,-0.298402
-54.307247,-89.936653,-0.004609,10.657515,9.968383,-0.929395,-3.120578,0.000000,-0.295804,-0.298402
-54.504627,-91.440880,-0.121105,11.212519,9.968383,-0.917707,-3.120578,0.000000,-0.296204,-0.298601
-54.888546,-89.964287,-0.109852,10.122818,9.968383,-0.908748,-3.120578,0.000000,-0.296204,-0.298402
-55.229580,-85.478661,-0.151775,10.264503,9.968383,-0.891611,-3.120578,0.000000,-0.296204,-0.298202
-55.438572,-88.217567,-0.088038,10.490764,9.968383,-0.882867,-3.120578,0.000000,-0.296603,-0.298202
-55.106449,-85.168228,-0.054983,9.612909,9.968383,-0.878327,-3.120578,0.000000,-0.296004,-0.298402
-55.226212,-88.283333,-0.148777,9.391555,9.968383,-0.869093,-3.120578,0.000000,-0.296004,-0.298202
-55.164696,-87.583481,-0.229339,9.882050,9.968383,-0.852170,-3.120578,0.000000,-0.296204,-0.298402
-54.860054,-88.631546,-0.073105,9.702011,9.968383,-0.837576,-3.120578,0.000000,-0.296204,-0.298402
-54.783886,-88.958366,0.097793,9.697714,9.968383,-0.837060,-3.120578,0.000000,-0.296204,-0.298601
-54.361427,-88.747726,-0.152368,9.886060,9.968383,-0.830808,-3.120578,0.000000,-0.296404,-0.298202
-54.962570,-86.717522,0.058048,10.065148,9.968383,-0.826528,-3.120578,0.000000,-0.296603,-0.298402
-55.280964,-86.965218,0.046293,10.736734,9.968383,-0.828135,-3.120578,0.000000,-0.296004,-0.298002
-55.510799,-88.255905,0.246928,9.851579,9.968383,-0.841161,-3.120578,0.000000,-0.295804,-0.298801
-55.618412,-86.977852,0.166804,9.857152,9.968383,-0.855049,-3.120578,0.000000,-0.295604,-0.298402
-55.521427,-88.035133,0.197648,10.200451,9.968383,-0.867913,-3.120578,0.000000,-0.296404,-0.298601
-54.995655,-86.733719,0.008419,9.452761,9.968383,-0.867745,-3.120578,-0.002092,-0.295804,-0.298202
-54.978317,-87.241974,-0.060125,8.907688,9.968383,-0.861664,-3.120578,0.000000,-0.295804,-0.298402
-55.050724,-89.199776,0.351547,10.208578,9.968383,-0.884704,-3.120578,0.000000,-0.296004,-0.298202
-55.411346,-91.007881,0.113961,9.711801,9.968383,-0.898578,-3.120578,0.000000,-0.296204,-0.298402
-55.214924,-88.792564,0.116405,9.982244,9.968383,-0.915459,-3.120578,0.000000,-0.295804,-0.298202
-55.671371,-90.543953,0.079865,11.548704,9.968383,-0.930228,-3.120578,0.000000,-0.295804,-0.298202
-55.676758,-88.049461,-0.095618,9.192536,9.968383,-0.927432,-3.118485,0.000000,-0.296404,-0.298002
-55.617935,-86.838654,0.087007,10.720348,9.968383,-0.924341,-3.118485,0.000000,-0.295604,-0.298202
-55.734909,-88.794724,0.030689,10.089922,9.968383,-0.930533,-3.120578,0.000000,-0.296204,-0.298601
-56.114792,-89.605774,-0.052811,10.665339,9.968383,-0.930812,-3.120578,0.000000,-0.296204,-0.298402
-56.533791,-87.567558,-0.053336,9.799451,9.968383,-0.924790,-3.118485,0.000000,-0.296204,-0.298402
-56.619324,-87.042969,-0.079910,11.242742,9.968383,-0.917584,-3.120578,0.000000,-0.295804,-0.298202
-56.480686,-89.622246,0.028787,9.674696,9.968383,-0.912222,-3.120578,0.000000,-0.296004,-0.298202
-56.042282,-86.407898,-0.160578,9.268430,9.968383,-0.905906,-3.120578,0.000000,-0.296004,-0.298601
-56.555260,-87.581192,-0.050829,12.364360,9.968383,-0.894132,-3.118485,0.000000,-0.296404,-0.298002
-57.160221,-87.058083,-0.263169,11.282880,9.968383,-0.876556,-3.120578,0.000000,-0.296204,-0.298601
-57.517044,-85.240723,-0.380249,10.990973,9.968383,-0.841221,-3.120578,0.000000,-0.296204,-0.298402
-57.515038,-84.015045,-0.296308,9.299206,9.968383,-0.810953,-3.116393,0.000000,-0.295804,-0.298002
-57.020061,-84.342957,-0.088230,10.174660,9.968383,-0.794064,-3.118485,0.000000,-0.295804,-0.298402
-56.835194,-86.649605,-0.165011,11.257006,9.968383,-0.777708,-3.120578,0.000000,-0.295804,-0.298601
-56.723740,-83.623123,0.020809,11.554814,9.968383,-0.771914,-3.120578,0.000000,-0.296204,-0.298601
-56.599472,-84.759537,-0.093165,10.226199,9.968383,-0.760046,-3.120578,0.000000,-0.296004,-0.298202
-56.605011,-82.159485,-0.182208,11.843041,9.968383,-0.743730,-3.118485,0.002092,-0.296004,-0.298402
-56.609459,-81.533852,-0.227131,12.156516,9.968383,-0.729587,-3.118485,0.000000,-0.295604,-0.298202
-56.714832,-83.721832,-0.342604,10.584277,9.968383,-0.685433,-3.120578,0.000000,-0.295405,-0.298202
-57.334049,-85.201950,-0.367178,9.908780,9.968383,-0.660108,-3.118485,0.000000,-0.296204,-0.298202
-57.534100,-83.507629,-0.462895,10.212214,9.968383,-0.627343,-3.118485,0.000000,-0.295804,-0.298002
-57.124432,-83.663963,-0.236571,10.323086,9.968383,-0.594652,-3.120578,0.000000,-0.296204,-0.298402
-57.533157,-86.555359,0.118009,9.633265,9.968383,-0.588654,-3.120578,0.000000,-0.296004,-0.298402
-57.200146,-87.314377,0.263507,9.268528,9.968383,-0.594330,-3.120578,0.000000,-0.295804,-0.298601
-56.608246,-86.843216,0.369701,9.805545,9.968383,-0.614659,-3.118485,0.000000,-0.295604,-0.298402
-56.114166,-87.164246,0.205961,10.153667,9.968383,-0.643733,-3.120578,0.000000,-0.295804,-0.298202
-55.920158,-90.266922,0.212541,9.260244,9.968383,-0.676603,-3.118485,0.000000,-0.296004,-0.298601
-56.245758,-88.633682,0.166628,8.727603,9.968383,-0.699774,-3.118485,0.000000,-0.296404,-0.298601
-56.524231,-90.405251,0.138211,10.679337,9.968383,-0.716941,-3.118485,0.000000,-0.295005,-0.298202
-55.856102,-91.077927,0.295072,9.170292,9.968383,-0.736261,-3.116393,0.000000,-0.296004,-0.298402
-55.713665,-88.641907,0.223623,11.398921,9.968383,-0.754951,-3.118485,0.000000,-0.295804,-0.298402
-55.657787,-88.275513,0.041721,12.540796,9.968383,-0.761350,-3.120578,0.000000,-0.295205,-0.298402
-56.178963,-89.213898,-0.266484,11.485697,9.968383,-0.739667,-3.118485,0.000000,-0.296204,-0.298601
-56.987560,-87.398117,-0.134753,8.276544,9.968383,-0.722995,-3.116393,0.000000,-0.295804,-0.298402
-56.045223,-84.468407,-0.076138,11.048057,9.968383,-0.719138,-3.124762,0.000000,-0.296204,-0.298601
-56.615044,-89.157364,-0.320285,10.612507,9.968383,-0.699398,-3.120578,0.000000,-0.296204,-0.298402
-56.491573,-89.356247,-0.237664,8.353822,9.968383,-0.670917,-3.120578,0.000000,-0.295804,-0.298601
-56.735844,-89.144699,-0.364418,10.170225,9.968383,-0.640758,-3.118485,0.000000,-0.296204,-0.298202
-56.373848,-84.207428,-0.148414,10.974324,9.968383,-0.618293,-3.120578,0.000000,-0.296004,-0.298002
-56.566914,-87.063148,0.118495,9.056157,9.968383,-0.614461,-3.118485,0.000000,-0.295804,-0.298202
-56.170105,-82.306252,-0.124701,8.910148,9.968383,-0.602439,-3.120578,0.000000,-0.296204,-0.298801
-56.537373,-83.351768,0.109295,10.701545,9.968383,-0.606019,-3.120578,0.000000,-0.295804,-0.298402
-56.831532,-84.780190,-0.315708,12.242334,9.968383,-0.588697,-3.120578,0.000000,-0.295804,-0.298202
-56.346470,-81.885880,-0.263269,9.381797,9.968383,-0.563526,-3.120578,0.000000,-0.295804,-0.298202
-56.655853,-81.133888,-0.209105,10.993880,9.968383,-0.547027,-3.120578,0.000000,-0.296204,-0.298801
-56.555653,-83.752106,-0.183043,10.201873,9.968383,-0.516366,-3.122670,0.000000,-0.296204,-0.298601
-56.419743,-81.667503,-0.205175,10.687421,9.968383,-0.505260,-3.118485,0.000000,-0.296404,-0.298601
-56.989075,-82.639740,-0.264089,10.454408,9.968383,-0.487781,-3.118485,0.000000,-0.296204,-0.298801
-56.280552,-82.848648,-0.116822,8.820830,9.968383,-0.465866,-3.118485,0.000000,-0.295804,-0.298202
-56.992668,-84.561447,0.110725,8.764191,9.968383,-0.457164,-3.118485,0.000000,-0.296204,-0.298202
-58.192539,-85.746658,0.068575,9.235999,9.968383,-0.458737,-3.122670,0.000000,-0.296204,-0.298402
-57.901638,-82.889435,0.285427,10.581425,9.968383,-0.473886,-3.120578,0.000000,-0.295804,-0.298202
-58.438133,-84.748581,-0.128345,11.272909,9.968383,-0.470152,-3.118485,0.000000,-0.296204,-0.298202
-58.966572,-86.303749,0.067115,8.006045,9.968383,-0.463573,-3.120578,0.000000,-0.296004,-0.298402
-58.707779,-81.593552,0.225974,9.294107,9.968383,-0.492394,-3.118485,0.000000,-0.296204,-0.298202
-58.074146,-81.272820,0.155419,9.209493,9.968383,-0.509637,-3.118485,0.000000,-0.296204,-0.298402
-57.685177,-80.441986,0.254312,10.543492,9.968383,-0.531343,-3.120578,0.000000,-0.296404,-0.298202
-56.712658,-75.517815,0.074385,10.708144,9.968383,-0.546189,-3.118485,0.000000,-0.295804,-0.298402
-54.899532,-72.819305,0.296571,9.586480,9.968383,-0.582268,-3.118485,0.000000,-0.296204,-0.298402
-52.409397,-71.800758,0.153779,11.449756,9.968383,-0.600221,-3.118485,0.000000,-0.295604,-0.298402
-50.141811,-76.352867,0.057316,10.184235,9.968383,-0.603216,-3.116393,0.000000,-0.296204,-0.298402
-47.186451,-74.144623,0.019231,10.405982,9.968383,-0.602374,-3.122670,0.000000,-0.296004,-0.298402
-44.422741,-76.804878,0.190032,9.225648,9.968383,-0.610612,-3.118485,0.000000,-0.296204,-0.298601
-40.977638,-76.846245,0.043011,11.780045,9.968383,-0.615998,-3.118485,0.000000,-0.296004,-0.298202
-36.462242,-77.106323,0.085055,10.025692,9.968383,-0.619938,-3.118485,0.000000,-0.295804,-0.298202
-32.953091,-74.622231,-0.022314,10.899210,9.968383,-0.616898,-3.120578,0.000000,-0.296404,-0.298402
-29.435011,-72.219536,-0.047101,9.962720,9.968383,-0.612380,-3.120578,0.000000,-0.296204,-0.298402
-26.504406,-67.667915,-0.064152,11.664663,9.968383,-0.604454,-3.118485,0.000000,-0.296004,-0.298202
-24.325281,-66.550743,-0.347022,10.498477,9.968383,-0.566623,-3.120578,0.000000,-0.295804,-0.298402
-23.227770,-67.532547,-0.319361,9.931385,9.968383,-0.529858,-3.118485,0.000000,-0.296404,-0.298402
-22.222445,-66.255058,-0.277364,11.029521,9.968383,-0.503618,-3.118485,0.000000,-0.295804,-0.298202
-22.246780,-64.419952,-0.295870,10.882393,9.968383,-0.475334,-3.120578,0.000000,-0.296004,-0.298202
-22.135645,-61.032139,-0.171186,10.333416,9.968383,-0.444428,-3.120578,0.000000,-0.296204,-0.298202
-22.623867,-59.796131,-0.137688,9.406955,9.968383,-0.425108,-3.118485,0.000000,-0.296404,-0.298402
-23.075682,-58.791836,-0.258506,10.261450,9.968383,-0.401284,-3.120578,0.000000,-0.295604,-0.298402
-24.228817,-58.645111,-0.175112,10.794803,9.968383,-0.382312,-3.118485,0.000000,-0.296404,-0.298601
-24.825932,-58.086693,0.027455,9.591814,9.968383,-0.373964,-3.120578,0.000000,-0.295804,-0.298202
-25.498331,-57.754837,-0.041329,9.890209,9.968383,-0.362313,-3.120578,0.000000,-0.296004,-0.298202
-25.512764,-55.490391,-0.077964,12.437946,9.968383,-0.357487,-3.118485,0.000000,-0.296204,-0.298402
-25.522789,-54.926807,-0.220506,11.039240,9.968383,-0.343417,-3.120578,0.000000,-0.295804,-0.298402
-26.054674,-57.712807,-0.227806,10.149415,9.968383,-0.321850,-3.116393,0.000000,-0.296204,-0.298202
-26.459658,-57.448586,-0.263262,10.901865,9.968383,-0.301590,-3.120578,0.000000,-0.295804,-0.297802
-27.388500,-58.395664,-0.558542,9.776106,9.968383,-0.252037,-3.120578,0.000000,-0.295804,-0.298202
-27.711395,-58.502739,-0.370867,11.142230,9.968383,-0.212885,-3.120578,0.000000,-0.296204,-0.298402
-27.397793,-60.282726,-0.328299,9.229802,9.968383,-0.179647,-3.120578,0.000000,-0.295804,-0.298402
-27.135567,-58.827557,-0.475122,11.643784,9.968383,-0.145488,-3.118485,0.000000,-0.295804,-0.298002
-26.981726,-57.279884,-0.593511,10.742417,9.968383,-0.093229,-3.120578,0.000000,-0.296204,-0.298402
-25.847923,-57.883316,-0.349382,10.167016,9.968383,-0.048022,-3.120578,0.000000,-0.296204,-0.298402
-24.737925,-58.548630,-0.418477,9.692843,9.968383,-0.003883,-3.120578,0.000000,-0.295804,-0.298402
-24.654833,-61.501949,-0.310999,11.296602,9.968383,0.030983,-3.118485,0.000000,-0.296004,-0.297802
-24.218460,-60.305805,-0.257771,8.544239,9.968383,0.069045,-3.118485,0.000000,-0.296004,-0.298202
-24.772633,-60.071667,-0.103893,11.015104,9.968383,0.085318,-3.118485,0.000000,-0.295604,-0.298202
-23.495644,-60.918724,-0.207430,11.444387,9.968383,0.102294,-3.118485,0.000000,-0.296204,-0.298601
-22.190630,-62.135662,0.190212,8.300010,9.968383,0.100154,-3.118485,0.000000,-0.296204,-0.298402
-20.548054,-63.355141,0.208319,9.513414,9.968383,0.087951,-3.120578,0.000000,-0.295804,-0.298601
-19.262100,-68.642448,0.060934,8.475329,9.968383,0.082524,-3.120578,0.000000,-0.296004,-0.298601
-18.717197,-73.281548,-0.105355,10.727943,9.968383,0.080808,-3.120578,0.000000,-0.296204,-0.298402
-19.815222,-79.613777,-0.014838,10.738424,9.968383,0.094765,-3.118485,0.000000,-0.296204,-0.298402
-22.734928,-82.775589,-0.140426,9.415184,9.968383,0.108576,-3.120578,0.000000,-0.296004,-0.298202
-26.526344,-81.696129,-0.079829,11.748254,9.968383,0.121938,-3.120578,0.000000,-0.295604,-0.298601
-30.070057,-80.145935,-0.470176,12.647511,9.968383,0.158805,-3.120578,0.000000,-0.295804,-0.298601
-31.640669,-79.330437,-0.430638,9.693448,9.968383,0.207597,-3.118485,0.000000,-0.296204,-0.298202
-32.791889,-82.666145,-0.190107,9.872386,9.968383,0.229646,-3.120578,0.000000,-0.295804,-0.298601
-33.095505,-85.630486,-0.278825,11.811548,9.968383,0.256352,-3.120578,0.000000,-0.296004,-0.298402
-32.836021,-85.630096,-0.315967,9.666090,9.968383,0.276989,-3.118485,0.000000,-0.295604,-0.298402
-33.365288,-80.311111,-0.360669,11.956752,9.968383,0.310430,-3.118485,0.000000,-0.296603,-0.298202
-33.913197,-75.242058,-0.340365,9.923872,9.968383,0.348920,-3.120578,0.000000,-0.296004,-0.298601
-35.528606,-72.165009,-0.144259,10.682436,9.968383,0.371432,-3.120578,0.000000,-0.296004,-0.298202
-37.229790,-71.819862,-0.344057,10.547958,9.968383,0.400096,-3.118485,0.000000,-0.296204,-0.298601
-37.788654,-73.712029,-0.166185,9.630626,9.968383,0.420533,-3.118485,0.000000,-0.296004,-0.298202
-38.347168,-69.749237,-0.048466,10.458124,9.968383,0.428062,-3.120578,0.000000,-0.296603,-0.298402
-38.651348,-67.352745,0.190606,10.245402,9.968383,0.419979,-3.118485,0.000000,-0.295804,-0.298601
-38.813671,-64.796928,-0.102261,10.329826,9.968383,0.427388,-3.118485,0.000000,-0.295804,-0.298601
-38.556469,-64.621643,-0.100776,9.470565,9.968383,0.428586,-3.120578,0.000000,-0.296204,-0.298601
-37.713684,-63.734615,0.162284,10.107989,9.968383,0.425392,-3.120578,0.000000,-0.296204,-0.298801
-35.564442,-66.010155,-0.065405,9.198074,9.968383,0.419724,-3.116393,0.000000,-0.296004,-0.298601
-33.359360,-65.962326,0.475495,8.907845,9.968383,0.400771,-3.120578,0.000000,-0.296204,-0.298402
-31.639385,-65.144333,0.556590,9.368224,9.968383,0.361720,-3.118485,0.000000,-0.295804,-0.298601
-30.937746,-65.763000,0.425666,9.831271,9.968383,0.330600,-3.118485,0.000000,-0.296004,-0.298402
-31.029499,-71.880020,0.542619,8.589912,9.968383,0.297759,-3.118485,0.000000,-0.296204,-0.298202
-30.595280,-77.928421,0.562223,10.274121,9.968383,0.252812,-3.120578,0.000000,-0.296404,-0.298402
-31.354921,-83.692207,0.814661,9.393693,9.968383,0.201709,-3.120578,0.000000,-0.295804,-0.298801
-32.537003,-81.909821,0.721151,10.815797,9.968383,0.145728,-3.120578,0.000000,-0.296204,-0.298402
-33.262886,-82.000328,0.393938,11.399366,9.968383,0.105610,-3.120578,0.000000,-0.296204,-0.298202
-32.783249,-84.221863,0.384535,11.552216,9.968383,0.072485,-3.118485,0.000000,-0.296004,-0.298202
-32.591827,-84.400322,-0.013817,13.273005,9.968383,0.053032,-3.120578,0.000000,-0.296204,-0.298202
-31.456453,-84.978447,-0.161936,10.557399,9.968383,0.061279,-3.120578,0.000000,-0.296004,-0.298202
-30.022150,-78.055168,-0.143136,10.679759,9.968383,0.068649,-3.120578,0.000000,-0.296004,-0.298402
-30.230373,-72.924889,0.036123,11.286187,9.968383,0.076130,-3.118485,0.000000,-0.296204,-0.298601
-32.730125,-75.630928,-0.069248,11.323543,9.968383,0.075804,-3.118485,0.000000,-0.296204,-0.298601
-43.557236,-83.210434,0.030868,9.907577,9.968383,0.060696,-3.120578,0.000000,-0.296204,-0.298402
-53.461845,-89.491180,-0.067179,11.307938,9.968383,0.056690,-3.118485,0.000000,-0.296204,-0.298002
-57.312286,-89.413239,-0.056139,12.308167,9.968383,0.045112,-3.120578,0.000000,-0.296204,-0.298402
-56.375694,-78.473404,-0.332037,12.427817,9.968383,0.073302,-3.120578,0.000000,-0.296404,-0.298402
-54.275322,-70.610382,-0.101893,10.943118,9.968383,0.094494,-3.120578,0.000000,-0.295804,-0.298402
-54.796970,-66.164032,-0.168557,9.798621,9.968383,0.093856,-3.120578,0.000000,-0.296404,-0.298402
-54.845703,-65.275368,0.154858,9.551273,9.968383,0.077757,-3.120578,0.000000,-0.296204,-0.298402
-54.849045,-63.358288,0.141636,10.060955,9.968383,0.070094,-3.120578,0.000000,-0.296204,-0.298402
-54.565968,-63.710285,0.175379,9.866926,9.968383,0.068464,-3.120578,0.000000,-0.296004,-0.298202
-54.296665,-67.790459,0.172379,10.043388,9.968383,0.070501,-3.120578,0.000000,-0.296004,-0.298202
-54.423088,-64.297569,0.295611,10.531229,9.968383,0.064981,-3.120578,0.000000,-0.296204,-0.298601
-54.272640,-63.755627,0.291649,10.740261,9.968383,0.052969,-3.120578,0.000000,-0.295804,-0.298402
-54.739212,-65.966080,0.370257,11.044353,9.968383,0.031785,-3.120578,0.000000,-0.296404,-0.298601
-54.503941,-63.144188,0.177326,10.411752,9.968383,0.027493,-3.120578,0.000000,-0.296004,-0.298601
-54.760712,-63.755371,-0.058845,10.862054,9.968383,0.029594,-3.120578,0.000000,-0.296204,-0.298402
-54.683640,-64.409470,0.006621,10.554585,9.968383,0.041041,-3.120578,0.000000,-0.296204,-0.298402
-54.811405,-67.798019,0.142246,9.634250,9.968383,0.034835,-3.118485,0.000000,-0.296004,-0.298202
-54.127293,-68.606331,0.374231,10.074627,9.968383,0.011626,-3.120578,0.000000,-0.295804,-0.298601
-53.879250,-68.122307,0.061903,10.014518,9.968383,-0.004800,-3.120578,0.000000,-0.295604,-0.298202
-53.520565,-67.836227,0.280832,10.208894,9.968383,-0.029004,-3.120578,0.000000,-0.295604,-0.298402
-54.129242,-70.701889,0.407476,10.052233,9.968383,-0.054029,-3.118485,0.000000,-0.296004,-0.297802
-54.065369,-73.780861,0.227609,10.496473,9.968383,-0.073036,-3.118485,0.000000,-0.295804,-0.298202
-53.870190,-73.086189,0.001090,11.018784,9.968383,-0.072370,-3.118485,0.000000,-0.295804,-0.298002
-53.587418,-71.538857,0.151177,10.134958,9.968383,-0.074285,-3.120578,0.000000,-0.295804,-0.298601
-54.328251,-73.483620,-0.047237,10.490629,9.968383,-0.074101,-3.120578,0.000000,-0.296204,-0.298801
-54.364388,-70.837677,0.355422,9.654099,9.968383,-0.097010,-3.118485,0.000000,-0.295804,-0.297802
-54.627079,-69.212692,0.416273,10.069889,9.968383,-0.124806,-3.122670,0.000000,-0.296004,-0.298402
-53.827065,-73.821449,0.508428,10.677439,9.968383,-0.146729,-3.118485,0.000000,-0.295804,-0.298202
-53.579437,-73.540657,0.867346,10.334232,9.968383,-0.170407,-3.120578,0.000000,-0.296204,-0.298002
-53.425129,-81.494972,0.278844,10.440320,9.968383,-0.213935,-3.116393,0.000000,-0.295804,-0.298402
-53.700619,-79.982010,0.250235,10.944208,9.968383,-0.238492,-3.118485,0.000000,-0.295804,-0.298002
-55.201775,-85.661919,-0.011074,12.843224,9.968383,-0.239976,-3.114301,0.000000,-0.296204,-0.298402
-56.199295,-83.036018,-0.245000,11.588054,9.968383,-0.215135,-3.118485,0.000000,-0.295804,-0.298402
-55.513691,-85.163727,-0.170206,9.197264,9.968383,-0.193899,-3.120578,0.000000,-0.296004,-0.298202
-56.170124,-88.385597,0.156762,8.009917,9.968383,-0.184095,-3.118485,0.000000,-0.296204,-0.298002
-56.504684,-86.040573,-0.071430,11.172733,9.968383,-0.169991,-3.120578,0.000000,-0.296004,-0.298202
-56.575565,-87.830696,-0.068613,9.600572,9.968383,-0.158381,-3.120578,0.000000,-0.296204,-0.298402
-56.766083,-84.760406,-0.228632,10.632876,9.968383,-0.150970,-3.118485,0.000000,-0.295804,-0.298202
-56.737625,-86.741722,0.001095,11.708489,9.968383,-0.137151,-3.120578,0.000000,-0.296204,-0.298202
-56.794609,-85.526131,-0.163789,9.870469,9.968383,-0.119214,-3.120578,0.000000,-0.295604,-0.298202
-56.500435,-85.836212,-0.302385,11.302279,9.968383,-0.091930,-3.120578,0.000000,-0.295804,-0.298202
-56.741543,-88.268028,-0.077480,11.447875,9.968383,-0.075818,-3.120578,0.000000,-0.295804,-0.298601
-55.873756,-86.294167,0.019649,9.933204,9.968383,-0.066431,-3.116393,0.000000,-0.295604,-0.298202
-55.951614,-87.200974,0.336173,11.264033,9.968383,-0.057711,-3.120578,0.000000,-0.295804,-0.298601
-54.765057,-84.489059,0.028485,12.572680,9.968383,-0.047873,-3.120578,0.000000,-0.296204,-0.298402
-54.948490,-88.589813,-0.108741,12.946680,9.968383,-0.026887,-3.120578,0.000000,-0.295804,-0.298402
-55.909245,-89.284424,-0.437545,13.151227,9.968383,0.009349,-3.120578,0.000000,-0.295604,-0.298202
-57.597477,-90.146545,-0.474472,12.410101,9.968383,0.068750,-3.118485,0.000000,-0.295804,-0.298202
-56.378304,-91.637154,-0.590850,11.509051,9.968383,0.141544,-3.120578,0.000000,-0.295604,-0.298601
-55.981094,-93.039444,-0.357803,10.142799,9.968383,0.182015,-3.120578,0.000000,-0.296004,-0.298601
-55.915009,-93.064209,-0.195516,10.790051,9.968383,0.199600,-3.120578,0.000000,-0.296204,-0.298601
-56.214279,-92.037125,0.247169,10.473008,9.968383,0.186990,-3.120578,0.000000,-0.295604,-0.298402
-55.490559,-95.201439,-0.011299,11.353955,9.968383,0.189321,-3.116393,0.000000,-0.296004,-0.298402
-55.633514,-97.608551,0.226384,11.813219,9.968383,0.193581,-3.118485,0.000000,-0.296204,-0.298402
-55.837418,-97.148010,-0.259665,13.623577,9.968383,0.214394,-3.118485,0.000000,-0.295604,-0.298601
-55.461140,-101.261330,-0.115905,12.912590,9.968383,0.244964,-3.118485,0.000000,-0.296204,-0.298202
-55.724163,-98.145996,-0.450172,12.550831,9.968383,0.295030,-3.118485,0.000000,-0.296204,-0.298202
-55.554081,-98.526787,-0.490018,10.238269,9.968383,0.352574,-3.120578,0.000000,-0.296603,-0.298601
-55.304886,-98.589813,-0.258844,9.771199,9.968383,0.392283,-3.118485,0.000000,-0.296004,-0.298402
-55.321514,-96.645264,-0.383589,10.650923,9.968383,0.437339,-3.120578,0.000000,-0.295804,-0.298202
-54.968906,-99.704811,0.260811,10.971714,9.968383,0.433486,-3.120578,0.000000,-0.296404,-0.298002
-54.386330,-96.666512,-0.071321,9.354050,9.968383,0.461511,-3.120578,0.000000,-0.296004,-0.298002
-54.607986,-97.856079,-0.196908,9.944261,9.968383,0.478490,-3.120578,0.000000,-0.295804,-0.298601
-54.616295,-98.664429,0.395874,10.707318,9.968383,0.448439,-3.118485,0.000000,-0.296204,-0.298402
-54.634602,-96.085999,0.133571,11.863290,9.968383,0.441206,-3.118485,0.000000,-0.295804,-0.297802
-55.242622,-95.972969,-0.055721,14.605344,9.968383,0.459405,-3.116393,0.000000,-0.296004,-0.297802
-54.742092,-97.630272,-0.514929,13.516014,9.968383,0.503051,-3.120578,0.000000,-0.296004,-0.298402
-55.777637,-97.781441,-0.213724,12.810914,9.968383,0.539857,-3.118485,0.000000,-0.295604,-0.298202
-55.151909,-93.860146,0.093189,11.969670,9.968383,0.579131,-3.120578,0.000000,-0.295804,-0.298202
-54.661900,-93.398758,0.180235,9.052288,9.968383,0.594652,-3.118485,0.000000,-0.295604,-0.298402
-54.451065,-93.735107,-0.207916,9.954736,9.968383,0.613131,-3.120578,0.000000,-0.295205,-0.298402
-54.417725,-90.809219,-0.263900,10.890074,9.968383,0.624129,-3.120578,0.000000,-0.296204,-0.298402
-54.882473,-92.979301,-0.091099,10.959720,9.968383,0.635129,-3.118485,0.000000,-0.295604,-0.298402
-54.467236,-91.428497,0.054248,9.033545,9.968383,0.643043,-3.116393,0.000000,-0.295804,-0.298402
-54.226677,-94.272804,0.369027,10.605591,9.968383,0.622052,-3.120578,0.000000,-0.296204,-0.298601
-54.002167,-91.985634,0.208156,12.459473,9.968383,0.615507,-3.116393,0.000000,-0.295804,-0.298601
-53.003216,-92.431664,0.305868,10.850410,9.968383,0.601175,-3.118485,0.000000,-0.295604,-0.298202
-53.244556,-90.743195,-0.028760,8.398083,9.968383,0.597057,-3.116393,0.000000,-0.296004,-0.298601
-52.586960,-93.086372,0.472792,10.400661,9.968383,0.557696,-3.120578,0.000000,-0.295604,-0.298202
-51.511597,-90.876282,0.426166,10.162181,9.968383,0.528495,-3.120578,0.000000,-0.296004,-0.298202
-49.640388,-94.084885,0.409298,8.849741,9.968383,0.501116,-3.118485,0.000000,-0.295604,-0.298202
-48.320267,-94.890717,0.337724,9.812791,9.968383,0.487352,-3.118485,0.000000,-0.296004,-0.298202
-46.498516,-87.642273,0.142404,9.694712,9.968383,0.465625,-3.120578,0.000000,-0.296404,-0.298402
-44.245018,-86.531136,0.539472,10.408448,9.968383,0.403021,-3.118485,0.000000,-0.295604,-0.298202
-39.991451,-84.665092,0.606907,11.862782,9.968383,0.364619,-3.116393,0.000000,-0.295604,-0.298002
-34.918625,-82.531105,0.475335,10.400720,9.968383,0.332191,-3.120578,0.000000,-0.295804,-0.298601
-30.137617,-81.757462,-0.327758,10.332832,9.968383,0.315932,-3.120578,0.000000,-0.295804,-0.298002
-25.277657,-81.655518,-0.021564,8.803455,9.968383,0.289008,-3.120578,0.000000,-0.296204,-0.298202
-21.692844,-80.418373,0.527989,9.708392,9.968383,0.261651,-3.120578,0.000000,-0.295804,-0.298601
-19.315914,-84.944572,0.579700,8.729239,9.968383,0.222624,-3.118485,0.000000,-0.295804,-0.298402
-19.541138,-90.113724,0.284307,10.223052,9.968383,0.188431,-3.118485,0.000000,-0.296204,-0.298601
-21.565065,-89.379631,0.612540,10.607808,9.968383,0.138430,-3.118485,0.000000,-0.296603,-0.298601
-24.207705,-84.308914,0.329236,10.407453,9.968383,0.082114,-3.120578,0.000000,-0.296204,-0.298402
-27.108288,-82.244492,0.338175,10.706887,9.968383,0.033291,-3.120578,0.000000,-0.295804,-0.298402
-29.632366,-81.464302,0.246381,12.199181,9.968383,-0.008455,-3.118485,0.000000,-0.296004,-0.298402
-31.014065,-85.676819,0.532536,11.521339,9.968383,-0.045676,-3.122670,0.000000,-0.296204,-0.298402
-31.971914,-87.821449,0.126633,11.335537,9.968383,-0.087677,-3.122670,0.000000,-0.296404,-0.298402
-32.426395,-84.754082,0.361913,11.769076,9.968383,-0.117324,-3.120578,0.000000,-0.296204,-0.298601
-31.117483,-79.899147,0.434041,10.257626,9.968383,-0.143736,-3.120578,0.000000,-0.294805,-0.298402
-30.365818,-75.555779,0.383516,10.555378,9.968383,-0.168297,-3.120578,0.000000,-0.295804,-0.298402
-29.014524,-74.056618,-0.049538,10.348611,9.968383,-0.175268,-3.118485,0.000000,-0.295604,-0.298202
-28.639927,-75.918869,0.095544,10.010733,9.968383,-0.183862,-3.118485,0.000000,-0.295804,-0.298601
-28.006342,-74.136803,0.149102,9.535342,9.968383,-0.186814,-3.120578,0.000000,-0.296204,-0.298402
-27.178637,-74.723579,0.414745,9.298196,9.968383,-0.209357,-3.116393,0.000000,-0.296204,-0.298601
-26.180435,-71.591560,0.289434,9.852702,9.968383,-0.232750,-3.120578,0.000000,-0.296004,-0.298402
-26.706409,-70.873528,0.119494,9.706729,9.968383,-0.252951,-3.120578,0.000000,-0.296404,-0.298402
-27.877501,-72.514030,0.268658,9.954622,9.968383,-0.278841,-3.118485,0.000000,-0.295804,-0.298402
-29.694166,-71.522346,0.370006,10.897486,9.968383,-0.301789,-3.120578,0.000000,-0.296204,-0.298202
-30.190580,-69.253830,0.161276,11.393481,9.968383,-0.318155,-3.118485,0.000000,-0.295804,-0.298202
-29.473955,-67.891182,0.200357,9.985421,9.968383,-0.324453,-3.118485,0.000000,-0.296004,-0.298601
-28.420029,-68.992119,0.132704,9.521311,9.968383,-0.331350,-3.116393,0.000000,-0.296204,-0.298202
-27.850433,-67.936592,0.359560,9.537244,9.968383,-0.347007,-3.118485,0.000000,-0.296004,-0.298002
-27.185595,-64.859116,0.541072,9.076828,9.968383,-0.377241,-3.118485,0.000000,-0.295804,-0.298202
-26.471636,-61.078156,0.297615,9.763991,9.968383,-0.405271,-3.120578,0.000000,-0.295604,-0.298402
-25.558659,-57.328690,0.490386,10.396252,9.968383,-0.434235,-3.120578,0.000000,-0.295804,-0.298402
-25.912354,-58.340065,0.382383,9.857806,9.968383,-0.464668,-3.120578,0.000000,-0.296004,-0.298002
-24.967659,-57.557411,0.276834,10.151906,9.968383,-0.486116,-3.116393,0.000000,-0.295604,-0.298402
-24.204948,-55.724804,0.310268,10.719625,9.968383,-0.510599,-3.118485,0.000000,-0.295804,-0.298402
-23.190308,-53.938560,0.065009,11.048821,9.968383,-0.528792,-3.118485,0.000000,-0.295804,-0.298202
-21.851486,-54.761612,-0.009757,9.992587,9.968383,-0.535080,-3.118485,0.000000,-0.296204,-0.298402
-21.242189,-49.443352,0.028587,9.904881,9.968383,-0.539706,-3.118485,0.000000,-0.295804,-0.298202
-20.939850,-44.502281,-0.048318,9.678708,9.968383,-0.540825,-3.120578,0.000000,-0.295804,-0.298601
-21.367819,-41.854111,-0.183131,11.481320,9.968383,-0.530029,-3.116393,0.000000,-0.295604,-0.298402
-21.884676,-43.909485,-0.082789,8.701522,9.968383,-0.519892,-3.120578,0.000000,-0.296204,-0.298202
-20.986704,-42.985733,-0.186750,9.626316,9.968383,-0.506694,-3.118485,0.000000,-0.295604,-0.298202
-20.392540,-43.100391,-0.125177,11.056168,9.968383,-0.494794,-3.118485,0.000000,-0.296204,-0.298601
-19.835806,-48.705463,-0.086653,8.779672,9.968383,-0.484366,-3.118485,0.000000,-0.295804,-0.298202
-19.238186,-53.936958,0.082190,9.280099,9.968383,-0.488505,-3.120578,0.000000,-0.295804,-0.298202
-19.609636,-54.604149,-0.119441,10.759022,9.968383,-0.480138,-3.118485,0.000000,-0.296204,-0.298601
-20.631397,-53.090275,-0.038871,9.897472,9.968383,-0.476069,-3.118485,0.000000,-0.295604,-0.298002
-21.140951,-52.767586,-0.115580,9.928668,9.968383,-0.458188,-3.116393,0.000000,-0.295604,-0.298202
-21.103722,-51.183056,0.018239,8.840404,9.968383,-0.448912,-3.120578,0.000000,-0.296004,-0.298202
-20.648682,-48.961147,0.069890,8.714647,9.968383,-0.455914,-3.120578,0.000000,-0.295804,-0.298402
-18.646395,-45.948452,0.124815,9.234936,9.968383,-0.465467,-3.118485,0.000000,-0.295604,-0.298402
-17.694151,-47.194408,0.078443,9.066152,9.968383,-0.475116,-3.120578,0.000000,-0.295804,-0.298202
-18.289846,-49.969917,0.022525,10.270224,9.968383,-0.480989,-3.116393,0.000000,-0.296204,-0.298202
-18.617683,-53.920479,-0.093195,9.560768,9.968383,-0.485681,-3.120578,0.000000,-0.295804,-0.298202
-19.806639,-58.990532,0.103762,8.699372,9.968383,-0.491415,-3.118485,0.000000,-0.295804,-0.298202
-20.302048,-61.991512,0.007822,9.282115,9.968383,-0.502660,-3.120578,0.000000,-0.296204,-0.298002
-21.313036,-62.009369,0.318934,9.371915,9.968383,-0.525576,-3.116393,0.000000,-0.295804,-0.298002
-22.839073,-59.301872,0.227979,9.199923,9.968383,-0.556455,-3.120578,0.000000,-0.296004,-0.298202
-24.508629,-61.143536,0.106033,8.376153,9.968383,-0.569372,-3.120578,0.000000,-0.295604,-0.298601
-26.945396,-60.528667,0.015753,9.207477,9.968383,-0.584538,-3.118485,0.000000,-0.295804,-0.298202
-29.368561,-61.945461,0.186033,9.096045,9.968383,-0.605056,-3.118485,0.000000,-0.295804,-0.298202
-29.268833,-64.665947,0.230888,10.291066,9.968383,-0.629753,-3.120578,0.000000,-0.296004,-0.298601
-27.544355,-65.832359,-0.105646,9.099438,9.968383,-0.638078,-3.120578,0.000000,-0.295604,-0.298202
-25.357422,-63.389484,0.047421,9.056950,9.968383,-0.644866,-3.118485,0.000000,-0.295604,-0.298601
-23.496941,-61.825867,0.005265,9.308815,9.968383,-0.645006,-3.116393,0.000000,-0.295804,-0.298402
-25.481308,-63.734352,-0.252464,9.439379,9.968383,-0.639163,-3.118485,0.000000,-0.295604,-0.298402
-29.493612,-61.628883,-0.095141,9.641216,9.968383,-0.624247,-3.116393,0.000000,-0.295804,-0.298002
-34.978683,-64.164642,-0.024153,9.863215,9.968383,-0.606955,-3.118485,0.000000,-0.295804,-0.298402
-39.036720,-64.963799,-0.115205,9.219244,9.968383,-0.595408,-3.118485,0.000000,-0.296004,-0.298002
-39.262592,-63.418079,-0.169827,10.165778,9.968383,-0.591955,-3.118485,0.000000,-0.296204,-0.298202
-36.108284,-65.355209,-0.314254,10.951609,9.968383,-0.577297,-3.120578,0.000000,-0.295804,-0.298402
-31.824604,-67.643623,-0.067417,9.474446,9.968383,-0.566291,-3.118485,0.000000,-0.295804,-0.298202
-27.359146,-67.610641,-0.122973,9.864400,9.968383,-0.558166,-3.118485,0.000000,-0.296204,-0.298402
-24.933170,-63.841999,-0.155560,9.593934,9.968383,-0.549200,-3.116393,0.000000,-0.295604,-0.298402
-26.294840,-61.179901,0.035239,9.797729,9.968383,-0.552404,-3.118485,0.000000,-0.295804,-0.298402
-29.852459,-59.248741,0.016711,10.149370,9.968383,-0.553225,-3.118485,0.000000,-0.296004,-0.298202
-34.828373,-59.303085,-0.041196,10.371297,9.968383,-0.533241,-3.118485,0.000000,-0.295804,-0.298402
-38.549210,-60.515587,0.026050,9.232628,9.968383,-0.527721,-3.118485,0.000000,-0.295604,-0.298402
-41.323681,-61.040791,0.059523,9.566842,9.968383,-0.532434,-3.120578,0.000000,-0.296004,-0.298402
-42.557125,-60.015434,-0.164750,10.059476,9.968383,-0.525042,-3.120578,0.000000,-0.295804,-0.298002
-41.742420,-59.620655,-0.318752,10.223701,9.968383,-0.501183,-3.120578,0.000000,-0.295604,-0.298402
-39.993263,-58.730976,-0.121154,9.013748,9.968383,-0.475956,-3.116393,0.000000,-0.295804,-0.298202
-37.070171,-60.200691,-0.060148,9.653535,9.968383,-0.461366,-3.118485,0.000000,-0.295804,-0.298601
-35.516136,-61.376541,-0.033672,9.701169,9.968383,-0.455105,-3.118485,0.000000,-0.295804,-0.298402
-33.842533,-60.726028,-0.203045,10.476532,9.968383,-0.442021,-3.120578,0.000000,-0.295804,-0.298402
-32.837734,-60.831749,-0.097780,10.357221,9.968383,-0.432897,-3.120578,0.000000,-0.296004,-0.298002
-32.683491,-59.876709,-0.058055,9.676910,9.968383,-0.426122,-3.118485,0.000000,-0.295604,-0.298202
-35.866821,-60.468967,-0.065224,9.982425,9.968383,-0.421414,-3.120578,0.000000,-0.296204,-0.298202
-39.044212,-61.423122,-0.113042,9.068164,9.968383,-0.410057,-3.120578,0.000000,-0.296004,-0.298402
-41.049889,-59.989346,-0.039927,10.272377,9.968383,-0.403549,-3.118485,0.000000,-0.295804,-0.298402
-39.771790,-58.859970,-0.000965,9.734372,9.968383,-0.398401,-3.118485,0.000000,-0.295604,-0.298202
-37.113552,-57.714134,-0.007523,9.850188,9.968383,-0.397965,-3.116393,0.000000,-0.295604,-0.298002
-35.429981,-54.870777,-0.053431,11.136196,9.968383,-0.396411,-3.120578,0.000000,-0.295205,-0.298202
-34.534763,-53.585903,-0.136272,11.035243,9.968383,-0.388669,-3.118485,0.000000,-0.296004,-0.298601
-35.309875,-52.817928,-0.258630,9.943282,9.968383,-0.368070,-3.118485,0.000000,-0.295604,-0.298202
-37.300983,-53.047066,-0.162001,9.573942,9.968383,-0.353473,-3.116393,0.000000,-0.295804,-0.298402
-40.040493,-54.260941,-0.044705,8.831511,9.968383,-0.348240,-3.120578,0.000000,-0.296004,-0.298402
-40.773701,-55.034519,0.013780,9.269107,9.968383,-0.338288,-3.116393,0.000000,-0.296004,-0.298402
-40.185551,-57.155449,-0.027982,8.920748,9.968383,-0.341308,-3.120578,0.000000,-0.295804,-0.298202
-38.023441,-58.261238,0.159728,9.530340,9.968383,-0.350949,-3.118485,0.000000,-0.295604,-0.298202
-35.762180,-59.800400,0.160760,9.839483,9.968383,-0.368944,-3.118485,0.000000,-0.296204,-0.298801
-33.853508,-60.015171,0.083530,10.063724,9.968383,-0.381281,-3.118485,0.000000,-0.296004,-0.298202
-34.281059,-61.616779,0.116535,10.670781,9.968383,-0.394827,-3.118485,0.000000,-0.296204,-0.298202
-34.911911,-61.762192,-0.023050,10.704016,9.968383,-0.394601,-3.118485,0.000000,-0.296204,-0.298202
-36.796844,-60.728455,-0.111542,11.170989,9.968383,-0.379716,-3.116393,0.000000,-0.296204,-0.297802
-37.394379,-60.801582,-0.162822,10.464192,9.968383,-0.360141,-3.118485,0.000000,-0.295804,-0.298202
-37.180710,-60.364532,-0.156587,11.412575,9.968383,-0.345671,-3.116393,0.000000,-0.295604,-0.298202
-36.903595,-57.689350,-0.209093,10.310451,9.968383,-0.329158,-3.118485,0.000000,-0.296204,-0.298601
-36.210026,-57.707905,-0.189313,8.638831,9.968383,-0.303296,-3.120578,0.000000,-0.296204,-0.298601
-36.984657,-56.642960,-0.245411,8.892514,9.968383,-0.280003,-3.120578,0.000000,-0.296204,-0.298402
-38.870831,-56.007809,0.035692,9.345033,9.968383,-0.280564,-3.120578,0.000000,-0.295604,-0.298002
-42.339558,-55.897892,0.073918,8.738901,9.968383,-0.293345,-3.120578,0.000000,-0.295804,-0.298002
-44.801361,-58.618324,0.222337,8.904294,9.968383,-0.304657,-3.118485,0.000000,-0.296004,-0.298202
-46.529877,-62.223465,0.213194,9.526280,9.968383,-0.328257,-3.116393,0.000000,-0.296004,-0.298002
-46.370125,-61.389763,0.233135,9.551147,9.968383,-0.351562,-3.118485,0.000000,-0.295604,-0.298402
-44.731808,-61.066956,0.238694,10.721153,9.968383,-0.376260,-3.118485,0.000000,-0.295804,-0.298202
-42.410374,-60.674454,0.256983,11.905021,9.968383,-0.399907,-3.116393,0.000000,-0.295604,-0.298402
-40.856983,-62.031597,0.039771,11.145212,9.968383,-0.406418,-3.120578,0.000000,-0.295604,-0.298202
-37.902348,-64.182350,-0.045225,11.769053,9.968383,-0.407422,-3.118485,0.000000,-0.295804,-0.298402
-36.658150,-65.366577,-0.226391,11.569290,9.968383,-0.384632,-3.118485,0.000000,-0.295804,-0.298202
-35.207001,-64.811905,-0.245561,11.364724,9.968383,-0.359030,-3.116393,0.000000,-0.295604,-0.298002
-34.215828,-62.382442,-0.329971,10.873148,9.968383,-0.327233,-3.120578,0.000000,-0.295804,-0.298402
-33.858784,-61.518742,-0.146117,9.636516,9.968383,-0.306216,-3.118485,0.000000,-0.295604,-0.298202
-32.983738,-59.112816,-0.239989,9.076249,9.968383,-0.285809,-3.116393,0.000000,-0.295804,-0.298202
-32.978256,-57.504662,-0.149284,9.824759,9.968383,-0.263448,-3.120578,0.000000,-0.296204,-0.298402
-33.358200,-56.266243,-0.098357,9.873364,9.968383,-0.250703,-3.118485,0.000000,-0.296004,-0.298202
-33.325375,-55.943012,-0.093716,9.999249,9.968383,-0.241627,-3.118485,0.000000,-0.295604,-0.298402
-33.443359,-52.325241,-0.255612,10.659748,9.968383,-0.215203,-3.118485,0.000000,-0.295804,-0.298402
-32.446556,-53.022141,-0.310308,9.251776,9.968383,-0.190398,-3.120578,0.000000,-0.296004,-0.298002
-30.163843,-51.234116,-0.116439,9.741139,9.968383,-0.171324,-3.118485,0.000000,-0.295604,-0.298002
-28.826889,-51.134605,-0.018420,8.416719,9.968383,-0.164339,-3.116393,0.000000,-0.295604,-0.298202
-28.848324,-49.103313,0.036449,9.485255,9.968383,-0.165072,-3.120578,0.000000,-0.296004,-0.298402
-30.101671,-49.519577,0.182033,9.606150,9.968383,-0.178036,-3.120578,0.000000,-0.295604,-0.298202
-31.947056,-49.521862,0.043247,9.929645,9.968383,-0.183190,-3.118485,0.000000,-0.295804,-0.298402
-33.847473,-50.871746,-0.023035,10.887737,9.968383,-0.179680,-3.118485,0.000000,-0.295604,-0.298002
-34.793514,-54.084469,-0.079107,10.060539,9.968383,-0.173027,-3.118485,0.000000,-0.296204,-0.298402
-33.522678,-54.410149,-0.039936,10.627089,9.968383,-0.166714,-3.118485,0.000000,-0.296204,-0.298601
-31.404663,-54.288292,-0.040889,10.428410,9.968383,-0.162660,-3.118485,0.000000,-0.296004,-0.298202
-29.712206,-54.310860,-0.157031,11.988591,9.968383,-0.153612,-3.118485,0.000000,-0.295804,-0.298202
-29.292130,-51.668800,-0.163684,10.717016,9.968383,-0.136886,-3.118485,0.000000,-0.296204,-0.297802
-29.888233,-50.442875,-0.330396,10.051695,9.968383,-0.101733,-3.120578,0.000000,-0.295804,-0.298202
-30.271828,-50.694145,-0.482518,9.896120,9.968383,-0.059041,-3.120578,0.000000,-0.296004,-0.298402
-30.360264,-50.377422,-0.152199,9.134246,9.968383,-0.030978,-3.120578,0.000000,-0.295604,-0.298002
-31.042347,-48.679760,-0.111737,8.938583,9.968383,-0.020258,-3.118485,0.000000,-0.296204,-0.298202
-32.640629,-47.836056,-0.149840,8.271365,9.968383,-0.008525,-3.120578,0.000000,-0.295804,-0.298402
-33.649235,-47.522373,-0.020885,9.246204,9.968383,-0.004133,-3.116393,0.000000,-0.295804,-0.298202
-36.002510,-47.627033,-0.032994,9.168821,9.968383,-0.001011,-3.118485,0.000000,-0.296004,-0.298202
-39.847321,-47.513889,0.225672,8.782303,9.968383,-0.015477,-3.118485,0.000000,-0.295604,-0.298402
-43.127884,-47.372097,0.331094,10.235204,9.968383,-0.043338,-3.116393,0.000000,-0.295804,-0.298402
-46.458488,-45.556877,0.025908,10.507861,9.968383,-0.051647,-3.118485,0.000000,-0.295804,-0.298202
-48.610130,-45.077026,-0.008639,10.127292,9.968383,-0.049953,-3.116393,0.000000,-0.295604,-0.298402
-49.682529,-43.923615,0.356144,8.633861,9.968383,-0.059720,-3.118485,0.000000,-0.295804,-0.298202
-49.091972,-42.726986,0.253264,9.690248,9.968383,-0.091009,-3.118485,0.000000,-0.295804,-0.298202
-47.982849,-40.183418,0.299666,11.052130,9.968383,-0.115011,-3.120578,0.000000,-0.296004,-0.298202
-47.206734,-41.262329,0.122861,9.983400,9.968383,-0.129560,-3.122670,0.000000,-0.295804,-0.298202
-47.198895,-40.528393,0.085465,10.671466,9.968383,-0.137717,-3.118485,0.000000,-0.295804,-0.298402
-47.917583,-42.291935,0.008788,9.412372,9.968383,-0.140108,-3.116393,0.000000,-0.296603,-0.298202
-47.442562,-41.342781,0.235302,9.822099,9.968383,-0.158120,-3.120578,0.000000,-0.295604,-0.298202
-45.931553,-39.587772,-0.057549,10.310685,9.968383,-0.153096,-3.120578,0.000000,-0.295604,-0.298402
-44.263660,-38.592674,-0.051657,10.651768,9.968383,-0.144116,-3.118485,0.000000,-0.295604,-0.298202
-43.057961,-39.697655,0.022970,9.746972,9.968383,-0.141614,-3.120578,0.000000,-0.296204,-0.298601
-41.407143,-40.546906,-0.059734,10.104037,9.968383,-0.138267,-3.118485,0.000000,-0.295804,-0.298202
-40.480267,-40.158863,0.017806,9.431626,9.968383,-0.137354,-3.118485,0.000000,-0.296204,-0.298402
-39.284863,-37.927048,-0.093203,10.518665,9.968383,-0.134148,-3.120578,0.000000,-0.295604,-0.298402
-39.183289,-40.355129,0.021213,9.102169,9.968383,-0.132591,-3.118485,0.000000,-0.296004,-0.298402
-39.555389,-40.793804,-0.014825,9.808584,9.968383,-0.130737,-3.120578,0.000000,-0.295604,-0.298202
-40.494354,-42.616459,0.014279,10.558272,9.968383,-0.132072,-3.118485,0.000000,-0.296603,-0.298202
-42.118553,-47.678371,0.028375,10.661160,9.968383,-0.136986,-3.116393,0.000000,-0.295804,-0.298601
-44.461163,-48.816795,0.025240,10.358667,9.968383,-0.137086,-3.118485,0.000000,-0.295604,-0.298002
-45.203556,-49.634758,-0.033215,10.247184,9.968383,-0.135029,-3.118485,0.000000,-0.295804,-0.298402
-43.993305,-51.203407,0.062777,9.594855,9.968383,-0.138702,-3.116393,0.000000,-0.295804,-0.297602
-42.025513,-52.392231,0.016592,11.001188,9.968383,-0.143234,-3.118485,0.000000,-0.296004,-0.298202
-39.892372,-52.876167,0.226125,9.583019,9.968383,-0.156828,-3.118485,0.000000,-0.295804,-0.298202
-38.139229,-52.766453,0.207598,11.093433,9.968383,-0.174488,-3.118485,0.000000,-0.295604,-0.298202
-37.748013,-54.132183,0.025219,10.129131,9.968383,-0.174435,-3.118485,0.000000,-0.296004,-0.298202
-37.549240,-54.051418,-0.038338,10.461308,9.968383,-0.176092,-3.120578,0.000000,-0.295804,-0.298402
-37.632854,-52.277939,-0.106766,10.863528,9.968383,-0.182613,-3.116393,0.000000,-0.295604,-0.298402
-38.166752,-52.294319,0.042710,10.329482,9.968383,-0.174209,-3.118485,0.000000,-0.295604,-0.298002
-37.533642,-52.200230,-0.186759,9.452207,9.968383,-0.163731,-3.120578,0.000000,-0.295804,-0.298202
-36.440968,-50.233810,0.098843,9.322251,9.968383,-0.157878,-3.118485,0.000000,-0.296204,-0.298402
-34.717579,-51.079758,0.051009,9.297197,9.968383,-0.158646,-3.118485,0.000000,-0.295804,-0.298402
-34.015381,-49.492699,-0.076399,9.839664,9.968383,-0.154150,-3.116393,0.000000,-0.295804,-0.298402
-34.168987,-51.409996,-0.020269,9.690644,9.968383,-0.147793,-3.120578,0.000000,-0.295604,-0.298402
-34.963669,-52.637039,0.023263,9.648803,9.968383,-0.151157,-3.120578,0.000000,-0.296204,-0.297802
-36.140125,-50.743954,0.052563,10.952371,9.968383,-0.153493,-3.118485,0.000000,-0.295804,-0.298002
-37.242752,-50.249363,0.036674,10.151387,9.968383,-0.156680,-3.118485,0.000000,-0.295804,-0.298002
-37.238262,-48.795353,-0.127284,9.744789,9.968383,-0.148726,-3.116393,0.000000,-0.295604,-0.298002
-36.818291,-47.423054,0.006594,10.177411,9.968383,-0.147015,-3.118485,0.000000,-0.295604,-0.298202
-36.337154,-46.832935,0.032468,10.301908,9.968383,-0.147358,-3.118485,0.000000,-0.295604,-0.297802
-36.582417,-47.864761,0.081595,9.260613,9.968383,-0.156970,-3.118485,0.000000,-0.295804,-0.297802
-37.573318,-48.827061,0.100328,9.722922,9.968383,-0.172608,-3.116393,0.000000,-0.295804,-0.298202
-39.513237,-50.599052,0.190565,9.283188,9.968383,-0.188203,-3.118485,0.000000,-0.295804,-0.298202
-40.677956,-50.836021,0.304817,9.346719,9.968383,-0.208138,-3.116393,0.000000,-0.295804,-0.298202
-41.968731,-49.804977,0.363352,10.046224,9.968383,-0.236088,-3.116393,0.000000,-0.296004,-0.298202
-42.315014,-49.139168,0.033342,9.387403,9.968383,-0.249440,-3.116393,0.000000,-0.295804,-0.298801
-43.699722,-47.175991,0.127857,8.774465,9.968383,-0.257291,-3.120578,0.000000,-0.295804,-0.298601
-44.092857,-47.260857,0.236633,10.728751,9.968383,-0.279063,-3.116393,0.000000,-0.296004,-0.298402
-44.158348,-46.473129,0.218747,10.067719,9.968383,-0.297298,-3.120578,0.000000,-0.295804,-0.297802
-44.367737,-44.968487,0.040704,9.734267,9.968383,-0.301165,-3.118485,0.000000,-0.295604,-0.297802
-46.124725,-44.004761,0.180328,8.654324,9.968383,-0.330288,-3.120578,0.000000,-0.295604,-0.298002
-47.542278,-44.100285,0.187097,9.766246,9.968383,-0.349118,-3.116393,0.000000,-0.295604,-0.298202
-47.732399,-44.904530,-0.038796,10.575108,9.968383,-0.354849,-3.114301,0.000000,-0.295604,-0.298402
-47.835697,-44.746731,-0.102808,10.263676,9.968383,-0.353799,-3.116393,0.000000,-0.295804,-0.297802
-47.509552,-44.148975,-0.079307,11.008233,9.968383,-0.349530,-3.114301,0.000000,-0.295604,-0.298002
-46.555286,-44.165089,0.016147,9.377641,9.968383,-0.346381,-3.116393,0.000000,-0.295604,-0.298402
-44.893517,-45.385563,0.070205,9.497638,9.968383,-0.349697,-3.118485,0.000000,-0.295604,-0.298002
-44.696255,-48.052765,0.016422,9.390423,9.968383,-0.353778,-3.118485,0.000000,-0.295604,-0.298002
-49.727493,-48.686142,-0.034061,10.720436,9.968383,-0.353305,-3.118485,0.000000,-0.314386,-0.298202
-61.842506,-48.685520,0.020618,9.971356,9.968383,-0.355248,-3.118485,0.000000,-0.369730,-0.297602
-71.205833,-49.249599,0.003551,9.729818,9.968383,-0.353546,-3.118485,0.000000,-0.417083,-0.298402
-74.374069,-49.997253,0.016420,10.570930,9.968383,-0.354323,-3.116393,0.000000,-0.448851,-0.298002
-77.661461,-50.078743,0.008358,10.532295,9.968383,-0.355246,-3.120578,0.000000,-0.491409,-0.298402
-75.029694,-48.596500,-0.055772,9.972935,9.968383,-0.353922,-3.118485,0.000000,-0.507792,-0.298202
-70.575264,-48.642063,-0.024290,10.378278,9.968383,-0.351149,-3.118485,0.000000,-0.507193,-0.298402
-60.731228,-49.801937,-0.049925,10.023940,9.968383,-0.347259,-3.120578,0.000000,-0.473626,-0.298002
-44.804455,-50.806248,-0.050551,10.968524,9.968383,-0.343224,-3.116393,0.000000,-0.401099,-0.298002
-36.151379,-50.245911,-0.071148,10.931405,9.968383,-0.320244,-3.118485,0.000000,-0.354945,-0.298402
-31.005568,-51.503426,-0.178761,11.683537,9.968383,-0.309171,-3.116393,0.000000,-0.315784,-0.298002
-28.974775,-53.389282,-0.083019,9.708724,9.968383,-0.293459,-3.118485,0.000000,-0.284216,-0.298002
-30.449032,-52.140331,-0.081815,9.929996,9.968383,-0.283463,-3.118485,0.000000,-0.268032,-0.298402
-33.119858,-50.566406,-0.239995,9.813732,9.968383,-0.261869,-3.116393,0.000000,-0.256643,-0.298202
-32.881020,-52.222420,-0.106232,10.166702,9.968383,-0.248942,-3.118485,0.000000,-0.239061,-0.298402
-34.475887,-54.249424,-0.089639,10.641162,9.968383,-0.240801,-3.116393,0.000000,-0.228072,-0.298202
-33.739613,-53.898094,-0.058725,9.955766,9.968383,-0.237165,-3.116393,0.000000,-0.221279,-0.298402
-33.345531,-53.330948,-0.045926,9.328898,9.968383,-0.234375,-3.116393,0.000000,-0.218482,-0.298002
-32.312878,-49.615757,0.086831,11.041710,9.968383,-0.238343,-3.118485,0.000000,-0.207892,-0.298202
-26.947996,-49.192356,0.177988,9.758366,9.968383,-0.246493,-3.118485,0.000000,-0.178521,-0.298002
-22.605902,-49.652142,0.023321,9.236746,9.968383,-0.252166,-3.118485,0.000000,-0.151548,-0.298402
-21.238289,-48.910015,0.144976,10.066738,9.968383,-0.257926,-3.118485,0.000000,-0.133367,-0.298402
-18.230288,-48.653618,0.143410,9.686925,9.968383,-0.267745,-3.118485,0.000000,-0.099201,-0.297802
-20.829842,-49.500298,0.059178,10.430704,9.968383,-0.271121,-3.116393,0.000000,-0.090410,-0.298202
-23.963421,-50.193398,0.077437,10.260802,9.968383,-0.282898,-3.118485,0.000000,-0.090410,-0.298202
-26.283031,-51.575184,0.125582,8.691258,9.968383,-0.290832,-3.118485,0.000000,-0.090010,-0.298202
-26.925152,-51.154018,0.070021,8.793367,9.968383,-0.301734,-3.116393,0.000000,-0.090809,-0.298402
-28.034439,-50.129299,0.142551,9.552251,9.968383,-0.310702,-3.116393,0.000000,-0.096803,-0.298202
-30.495300,-49.588848,0.158852,9.093452,9.968383,-0.324434,-3.116393,0.000000,-0.116583,-0.298202
-31.223722,-50.875725,0.194431,9.919001,9.968383,-0.339625,-3.124762,0.000000,-0.129770,-0.298601
-33.689060,-52.985703,0.334202,10.343983,9.968383,-0.366445,-3.118485,0.000000,-0.145554,-0.298002
-33.741344,-53.176395,0.340361,9.412198,9.968383,-0.396336,-3.118485,0.000000,-0.147952,-0.298002
-36.692211,-51.157188,0.162473,10.508605,9.968383,-0.418364,-3.116393,0.000000,-0.169131,-0.298202
-37.017464,-50.749344,0.023117,9.398511,9.968383,-0.428090,-3.116393,0.000000,-0.173526,-0.298202
-36.769321,-50.408627,0.062459,9.492942,9.968383,-0.432583,-3.116393,0.000000,-0.177522,-0.298002
-34.333317,-49.353016,0.065189,10.708891,9.968383,-0.441349,-3.118485,0.000000,-0.177922,-0.298202
-31.302702,-48.659000,-0.057008,9.716446,9.968383,-0.439344,-3.118485,0.000000,-0.178122,-0.298402
-27.631109,-47.526417,0.047264,9.383566,9.968383,-0.445016,-3.118485,0.000000,-0.177522,-0.298202
-26.601236,-46.683208,-0.158569,9.908561,9.968383,-0.446506,-3.120578,0.000000,-0.177722,-0.298402
-29.118961,-48.282288,0.175134,10.297761,9.968383,-0.445878,-3.116393,0.000000,-0.177722,-0.298402
-32.002365,-47.846268,0.077766,10.306821,9.968383,-0.457715,-3.120578,0.000000,-0.177722,-0.298402
-34.919315,-47.128643,0.022860,11.204745,9.968383,-0.462935,-3.116393,0.000000,-0.177722,-0.298002
-35.753883,-45.429333,-0.042619,10.124780,9.968383,-0.460128,-3.118485,0.000000,-0.177722,-0.298202
-35.330044,-45.300041,-0.027247,10.696550,9.968383,-0.456418,-3.118485,0.000000,-0.177522,-0.298402
-33.511986,-48.461777,0.205712,10.005343,9.968383,-0.467154,-3.118485,0.000000,-0.177922,-0.298402
-32.880039,-49.470825,0.018527,10.263228,9.968383,-0.469978,-3.118485,0.000000,-0.178122,-0.298402
-32.037846,-54.318218,-0.057264,10.034180,9.968383,-0.464649,-3.118485,0.000000,-0.178122,-0.325974
-31.365856,-61.005104,-0.092029,10.396558,9.968383,-0.454522,-3.120578,0.000000,-0.177722,-0.365534
-31.241890,-62.490398,-0.093589,8.900731,9.968383,-0.445882,-3.118485,0.000000,-0.177722,-0.381119
-30.857885,-67.217178,0.015524,9.530114,9.968383,-0.442802,-3.118485,0.000000,-0.178122,-0.416284
-30.560244,-68.278328,-0.053253,9.801429,9.968383,-0.442472,-3.120578,0.000000,-0.177722,-0.437662
-30.506824,-65.731766,-0.112285,9.277831,9.968383,-0.432794,-3.118485,0.000000,-0.177722,-0.437063
-31.400925,-55.206848,0.138279,9.205601,9.968383,-0.439685,-3.118485,0.000000,-0.177323,-0.397902
-32.170330,-37.647213,0.071873,9.850514,9.968383,-0.447802,-3.116393,0.000000,-0.177522,-0.310190
-34.179974,-26.237656,0.073014,9.775697,9.968383,-0.455309,-3.116393,0.000000,-0.177922,-0.220879
-35.479618,-21.698168,0.199039,9.446114,9.968383,-0.467859,-3.118485,0.000000,-0.177323,-0.165335
-36.254326,-21.632502,0.231236,10.467640,9.968383,-0.486946,-3.116393,0.000000,-0.177522,-0.141159
-35.688816,-21.696579,0.247340,10.513325,9.968383,-0.502463,-3.120578,0.000000,-0.177922,-0.121379
-34.620621,-24.705412,-0.021327,9.423873,9.968383,-0.511035,-3.116393,0.000000,-0.177522,-0.119381
-33.301399,-25.238476,0.004786,8.866168,9.968383,-0.511200,-3.118485,0.000000,-0.178122,-0.117582
-31.443405,-25.232298,0.040202,10.346359,9.968383,-0.521225,-3.120578,0.000000,-0.178521,-0.117582
-30.464203,-15.249748,-0.020267,10.223674,9.968383,-0.520864,-3.118485,0.000000,-0.178322,-0.065634
-30.852842,-4.819474,-0.026587,8.577413,9.968383,-0.519420,-3.116393,0.000000,-0.177922,0.005894
-30.967325,-13.256923,0.074641,9.347491,9.968383,-0.523598,-3.120578,0.000000,-0.178122,0.005894
-32.236752,-17.932156,0.114423,9.963791,9.968383,-0.532574,-3.118485,0.000000,-0.177922,0.005894
-32.804928,-18.919373,0.041292,9.832359,9.968383,-0.539247,-3.118485,0.000000,-0.178122,0.005894
-32.784901,-19.488749,-0.054110,10.577516,9.968383,-0.537864,-3.116393,0.000000,-0.178122,0.005894
-32.108604,-22.063148,0.035737,10.718160,9.968383,-0.540757,-3.120578,0.000000,-0.177922,0.005894
-30.612617,-24.535936,-0.048223,10.422600,9.968383,-0.538057,-3.118485,0.000000,-0.178122,0.005894
-29.401571,-23.748466,-0.055877,10.122311,9.968383,-0.533590,-3.120578,0.000000,-0.178521,0.005894
-28.773218,-24.224127,-0.068836,10.165803,9.968383,-0.525490,-3.118485,0.000000,-0.177722,0.005894
-29.987156,-25.187433,-0.041299,8.095278,9.968383,-0.516796,-3.118485,0.000000,-0.178122,0.005894
-31.121317,-29.273462,0.137273,8.891891,9.968383,-0.523754,-3.118485,0.000000,-0.178322,0.005894
-30.880800,-29.714727,0.111580,10.886572,9.968383,-0.539695,-3.118485,0.000000,-0.177922,0.005894
-29.656013,-26.898279,0.165322,10.686567,9.968383,-0.554555,-3.118485,0.000000,-0.177922,0.005894
-26.950001,-26.179260,-0.037455,10.300735,9.968383,-0.558892,-3.116393,0.000000,-0.177722,0.005894
-26.405529,-24.976194,-0.380890,12.127270,9.968383,-0.542557,-3.116393,0.000000,-0.177922,0.005894
-26.063072,-28.420540,-0.291879,10.654885,9.968383,-0.507640,-3.116393,0.002092,-0.177123,0.005894
-29.937315,-31.031736,-0.064299,9.139057,9.968383,-0.492707,-3.118485,0.000000,-0.177922,0.005894
-32.534283,-32.608433,-0.088436,10.396129,9.968383,-0.485886,-3.118485,0.000000,-0.177522,0.005894
-33.416012,-29.094978,-0.231285,11.291223,9.968383,-0.462167,-3.116393,0.000000,-0.177722,0.005894
-33.718143,-27.059689,-0.293809,11.997221,9.968383,-0.433433,-3.120578,0.000000,-0.178122,0.005894
-32.052925,-23.333887,-0.405687,11.130108,9.968383,-0.390387,-3.118485,0.000000,-0.178322,0.005894
-28.635492,-22.276016,-0.278882,9.556874,9.968383,-0.359336,-3.120578,0.000000,-0.178122,0.005894
-25.005745,-20.698734,-0.039252,9.045396,9.968383,-0.350775,-3.118485,0.000000,-0.177722,0.005894
-22.733913,-20.344767,-0.028182,9.470340,9.968383,-0.349467,-3.120578,0.000000,-0.178122,0.005894
-23.705551,-22.417303,-0.155710,10.018600,9.968383,-0.335756,-3.120578,0.000000,-0.178322,0.005894
-25.315815,-22.023634,0.063063,9.400191,9.968383,-0.327298,-3.118485,0.000000,-0.177922,0.005894
-28.462393,-22.008293,0.053563,11.199706,9.968383,-0.327546,-3.118485,0.000000,-0.178122,0.005894
-30.285593,-23.993359,-0.028214,11.010883,9.968383,-0.320824,-3.120578,0.000000,-0.178322,0.005894
-30.566275,-23.427927,0.002480,10.597284,9.968383,-0.313499,-3.118485,0.000000,-0.177722,0.005894
-30.377209,-22.210642,0.176455,9.241069,9.968383,-0.316560,-3.118485,0.000000,-0.178122,0.005894
-30.326309,-22.141069,0.160676,9.338421,9.968383,-0.326041,-3.120578,0.000000,-0.177922,0.005894
-30.338997,-22.214481,0.060573,10.657402,9.968383,-0.338954,-3.116393,0.000000,-0.177722,0.005894
-29.668295,-24.516466,-0.318918,10.603687,9.968383,-0.341126,-3.118485,0.000000,-0.177722,0.005894
-29.284733,-26.591953,-0.021021,10.520932,9.968383,-0.324498,-3.116393,0.000000,-0.177522,0.005894
-28.743099,-28.644085,0.110421,10.134764,9.968383,-0.326288,-3.118485,0.000000,-0.178122,0.005894
-27.912399,-28.880081,0.219413,9.741178,9.968383,-0.339874,-3.116393,0.000000,-0.177722,0.005894
-27.726400,-26.559252,0.153068,10.091104,9.968383,-0.352875,-3.118485,0.000000,-0.177922,0.005894
-26.570475,-27.982199,0.063431,10.346581,9.968383,-0.357459,-3.118485,0.000000,-0.177922,0.005894
-26.151730,-30.693388,0.019308,9.411486,9.968383,-0.353116,-3.118485,0.000000,-0.177722,0.005894
-25.998491,-30.384233,0.254836,9.384014,9.968383,-0.366267,-3.120578,0.000000,-0.178122,0.005894
-26.145714,-28.580246,0.168244,10.267264,9.968383,-0.383189,-3.120578,0.000000,-0.177922,0.005894
-22.799267,-26.898643,0.167340,10.049846,9.968383,-0.395572,-3.241928,0.000000,-0.177722,0.005894
-21.384447,-26.438417,0.358194,9.599317,9.968383,-0.416953,-3.313064,0.000000,-0.177922,0.005894
-23.324440,-26.174826,0.110534,10.188616,9.968383,-0.434759,-3.315156,0.000000,-0.177922,0.005894
-26.659828,-24.585264,0.146217,11.290214,9.968383,-0.448031,-3.315156,0.000000,-0.177922,0.005894
-29.091888,-24.410408,-0.009477,10.763241,9.968383,-0.449621,-3.310971,0.000000,-0.177722,0.005894
-29.937464,-26.245192,0.049823,8.724773,9.968383,-0.455610,-3.310971,0.000000,-0.177922,0.005894
-30.292332,-29.394606,0.137658,10.105206,9.968383,-0.475129,-3.306787,0.000000,-0.177922,0.005894
-40.021057,-29.585018,0.055132,10.169021,9.968383,-0.484360,-2.980397,0.000000,-0.178721,0.005894
-51.856834,-25.055796,0.411157,9.777180,9.968383,-0.514920,-2.513828,0.000000,-0.177722,0.005894
-53.820026,-25.123987,0.224312,10.728827,9.968383,-0.540535,-2.243929,0.000000,-0.178122,0.005894
-47.467892,-31.168858,0.126523,10.180803,9.968383,-0.549416,-2.202084,0.000000,-0.178122,0.005894
-38.339054,-35.422382,0.070510,8.634950,9.968383,-0.554553,-2.195807,0.000000,-0.177922,0.005894
-27.603249,-34.881790,0.037302,12.036420,9.968383,-0.555567,-2.243929,0.000000,-0.178122,0.005894
-10.488213,-25.944174,-0.117168,10.100898,9.968383,-0.548639,-2.597517,0.000000,-0.178122,0.005894
-4.234326,-7.121988,-0.100858,9.555710,9.968383,-0.540602,-3.043165,0.000000,-0.178122,0.005894
-9.762255,4.579942,-0.271226,11.315006,9.968383,-0.515718,-3.380015,0.000000,-0.177922,0.005894
-17.633942,4.555001,-0.319439,9.511339,9.968383,-0.482760,-3.620623,0.000000,-0.177722,0.005894
-24.707031,-1.820717,-0.179552,9.914595,9.968383,-0.459132,-3.628992,0.000000,-0.177722,0.005894
-28.773754,-7.918793,-0.216475,10.116140,9.968383,-0.445924,-3.624808,0.000000,-0.178122,0.005894
-32.573124,-12.159066,-0.172586,9.689697,9.968383,-0.429517,-3.446967,0.000000,-0.177922,0.005894
-36.654781,-13.144642,-0.127209,9.855755,9.968383,-0.416083,-3.221005,0.000000,-0.178122,0.005894
-36.827435,-13.256446,-0.014071,9.105772,9.968383,-0.408748,-3.160330,0.000000,-0.177922,0.005894
-35.784466,-16.329706,-0.182291,9.138440,9.968383,-0.393532,-3.055718,0.000000,-0.178122,0.005894
-35.908638,-18.478001,-0.109726,10.859492,9.968383,-0.385499,-2.940645,0.000000,-0.178322,0.005894
-32.875233,-21.389261,-0.056743,10.591303,9.968383,-0.381975,-2.888339,0.000000,-0.178122,0.005894
-27.732241,-21.582287,-0.050837,10.914948,9.968383,-0.369698,-2.886247,0.000000,-0.178122,0.005894
-22.580462,-18.662157,-0.063964,10.455710,9.968383,-0.370647,-2.882062,0.000000,-0.178122,0.005894
-18.389551,-15.686649,0.020731,10.328373,9.968383,-0.368186,-2.879970,0.000000,-0.177522,0.005894
-17.811623,-11.644805,-0.010222,10.415381,9.968383,-0.365609,-2.875785,0.000000,-0.177722,0.005894
-19.996038,-12.523490,-0.106643,10.001530,9.968383,-0.356392,-2.879970,0.000000,-0.177922,0.005894
-22.703634,-12.597522,-0.183073,8.947842,9.968383,-0.339600,-2.879970,0.000000,-0.177922,0.005894
-26.223227,-10.107527,-0.120115,10.212263,9.968383,-0.320972,-2.873693,0.000000,-0.177922,0.005894
-28.857433,-8.508439,-0.237008,10.547151,9.968383,-0.311556,-2.873693,0.000000,-0.177922,0.005894
-29.845901,-9.571901,-0.143695,9.276627,9.968383,-0.292815,-2.873693,0.000000,-0.178122,0.005894
-27.853495,-10.232249,0.048414,9.123437,9.968383,-0.285950,-2.873693,0.000000,-0.177722,0.005894
-24.701532,-9.761890,0.156298,10.581531,9.968383,-0.295573,-2.879970,0.000000,-0.177522,0.005894
-22.641851,-8.588753,-0.038287,10.583248,9.968383,-0.293209,-2.898800,0.000000,-0.177922,0.005894
-19.288656,-4.678673,-0.053083,10.726128,9.968383,-0.291831,-3.110116,0.000000,-0.177123,0.005894
-18.416775,-3.849934,-0.061419,9.644768,9.968383,-0.287518,-3.183345,0.000000,-0.178322,0.005894
-18.928900,-3.466399,0.236316,9.510047,9.968383,-0.293879,-3.241928,0.000000,-0.177922,0.005894
-21.081701,-3.648152,0.320104,10.110312,9.968383,-0.316095,-3.252389,0.000000,-0.177722,0.005894
-22.593361,-3.349068,0.074901,10.776857,9.968383,-0.330520,-3.252389,0.000000,-0.177722,0.005894
-23.885910,-3.300220,0.075607,10.575761,9.968383,-0.335739,-3.252389,0.000000,-0.177722,0.005894
-24.451416,-4.017893,0.165595,10.266707,9.968383,-0.339059,-3.252389,0.000000,-0.178322,0.005894
-23.828182,-6.174757,0.119778,9.270860,9.968383,-0.346991,-3.252389,0.000000,-0.177522,0.005894
-25.196318,-7.913778,0.026348,9.428614,9.968383,-0.347148,-3.252389,0.000000,-0.177922,0.005894
-26.665731,-7.587039,0.082010,11.167349,9.968383,-0.350961,-3.250297,0.000000,-0.177922,0.005894
-27.981945,-7.515472,0.078659,10.359704,9.968383,-0.354122,-3.250297,0.000000,-0.178122,0.005894
-28.660723,-8.138209,-0.022616,10.199969,9.968383,-0.358559,-3.250297,0.000000,-0.178122,0.005894
-28.365294,-9.213953,0.052013,10.658559,9.968383,-0.363712,-3.250297,0.000000,-0.177922,0.005894
-29.001802,-11.820733,0.279212,9.644051,9.968383,-0.371533,-3.174976,0.000000,-0.178322,0.005894
-31.146542,-12.871483,0.192030,10.105562,9.968383,-0.384948,-2.907169,0.000000,-0.177522,0.005894
-37.889400,-15.845153,0.052265,9.650976,9.968383,-0.386420,-2.354817,0.000000,-0.177922,0.005894
-41.344345,-18.728769,0.006720,9.803493,9.968383,-0.384289,-2.011690,0.000000,-0.177522,0.005894
-38.193077,-23.598953,0.008639,10.441504,9.968383,-0.383835,-1.963568,0.000000,-0.178122,0.005894
-32.582623,-27.719975,0.007106,9.906085,9.968383,-0.389263,-1.963568,0.000000,-0.177922,0.005894
-25.493357,-28.299936,0.084481,9.720392,9.968383,-0.396621,-1.963568,0.000000,-0.178322,0.005894
-19.247328,-26.399548,0.177659,10.996112,9.968383,-0.419670,-1.963568,0.000000,-0.177922,0.005894
-16.467402,-21.005226,-0.231872,11.565648,9.968383,-0.414671,-1.963568,0.000000,-0.178122,0.005894
-17.616663,-20.197094,-0.249019,10.262622,9.968383,-0.393527,-1.965660,0.000000,-0.177922,0.005894
-21.043140,-21.894655,-0.286804,9.925076,9.968383,-0.368549,-1.969845,0.000000,-0.178122,0.005894
-23.379749,-20.866888,-0.155027,11.566934,9.968383,-0.354840,-1.963568,0.000000,-0.177722,0.005894
-25.442039,-21.111206,-0.190789,10.577659,9.968383,-0.340385,-1.965660,0.000000,-0.177922,0.005894
-27.055168,-20.389826,-0.113945,10.121180,9.968383,-0.337309,-1.963568,0.000000,-0.177922,0.005894
-28.523582,-18.184338,-0.268853,10.418509,9.968383,-0.327444,-1.963568,0.000000,-0.177522,0.005894
-28.719175,-17.714067,0.034477,10.271197,9.968383,-0.315085,-1.967753,0.000000,-0.177922,0.005894
-28.075874,-17.749712,-0.038498,9.566602,9.968383,-0.311208,-1.967753,0.000000,-0.178322,0.005894
-26.382488,-19.391474,-0.073862,9.889367,9.968383,-0.305386,-2.047258,0.000000,-0.177922,0.005894
-21.210720,-17.226654,0.078006,10.397895,9.968383,-0.308680,-2.319249,0.000000,-0.177922,0.005894
-19.447716,-16.594776,0.106545,11.614842,9.968383,-0.318446,-2.423861,0.000000,-0.177722,0.005894
-16.289858,-12.685436,-0.081611,10.801201,9.968383,-0.318137,-2.704222,0.000000,-0.177722,0.005894
-14.731045,-8.354237,-0.037599,9.955635,9.968383,-0.316996,-3.003412,0.000000,-0.177722,0.005894
-16.260773,-11.953533,-0.040706,10.430430,9.968383,-0.313296,-3.120578,0.000000,-0.177522,0.005894
-19.007059,-18.298429,0.087144,10.649329,9.968383,-0.316417,-3.120578,0.000000,-0.177922,0.005894
-21.759033,-21.634037,-0.074874,10.325684,9.968383,-0.312854,-3.118485,0.000000,-0.178521,0.005894
-24.855289,-22.155125,0.086152,9.796991,9.968383,-0.312949,-3.118485,0.000000,-0.177922,0.005894
-26.670387,-23.618683,0.154040,9.253973,9.968383,-0.318387,-3.120578,0.000000,-0.177522,0.005894
-28.405714,-22.480022,0.316947,9.085277,9.968383,-0.339753,-3.118485,0.000000,-0.177522,0.005894
-28.423861,-21.795780,0.270065,10.573595,9.968383,-0.361209,-3.118485,0.000000,-0.177522,0.005894
-28.189724,-19.307196,-0.031340,10.159711,9.968383,-0.360060,-3.118485,0.000000,-0.177922,0.005894
-27.753336,-18.701134,-0.022571,9.838931,9.968383,-0.357854,-3.118485,0.000000,-0.177522,0.005894
-26.674849,-20.076334,0.364293,9.499804,9.968383,-0.381903,-3.118485,0.000000,-0.177323,0.005894
-27.292749,-19.340723,0.445824,9.644099,9.968383,-0.414910,-3.118485,0.000000,-0.177722,0.005894
-29.202219,-18.829695,0.342334,10.474675,9.968383,-0.447703,-3.120578,0.000000,-0.177722,0.005894
-31.089846,-19.642693,0.224142,10.388273,9.968383,-0.471917,-3.120578,0.000000,-0.178322,0.005894
-34.474419,-18.316412,0.221252,10.842912,9.968383,-0.489684,-3.003412,0.000000,-0.177722,0.005894
-39.590767,-19.423214,0.322629,9.792078,9.968383,-0.510053,-2.712591,0.000000,-0.178122,0.005894
-40.471439,-22.647753,0.256494,8.894431,9.968383,-0.532571,-2.505459,0.000000,-0.177722,0.005894
-38.366249,-24.208969,0.376322,10.246273,9.968383,-0.559916,-2.476167,0.000000,-0.177722,0.005894
-33.623760,-24.461662,0.135270,13.349739,9.968383,-0.590701,-2.471983,0.000000,-0.178322,0.005894
-29.017460,-25.577423,-0.067560,9.308383,9.968383,-0.589123,-2.469891,0.000000,-0.177922,0.005894
-26.270687,-23.150837,-0.380784,11.850622,9.968383,-0.567345,-2.471983,0.000000,-0.177722,0.005894
-24.364502,-23.628075,-0.201735,9.330134,9.968383,-0.543246,-2.474075,0.000000,-0.177722,0.005894
-21.480391,-23.976013,-0.104082,10.013915,9.968383,-0.530150,-2.524289,0.000000,-0.177522,0.005894
-16.392323,-24.982533,-0.065219,10.179808,9.968383,-0.531121,-2.687484,0.000000,-0.177722,0.005894
-15.574722,-24.525028,-0.175780,8.807623,9.968383,-0.522128,-2.752343,0.000000,-0.177522,0.005894
-19.146975,-23.772413,0.083699,10.354215,9.968383,-0.515384,-2.752343,0.000000,-0.177522,0.005894
-22.616451,-24.504202,0.069956,9.030483,9.968383,-0.524886,-2.758620,0.000000,-0.177922,0.005894
-25.560644,-25.624296,0.316784,10.998871,9.968383,-0.550475,-2.756528,0.000000,-0.177522,0.005894
-29.144228,-25.636280,0.086737,11.005769,9.968383,-0.568887,-2.758620,0.000000,-0.177522,0.005894
-29.839838,-24.141438,-0.055282,10.692031,9.968383,-0.566182,-2.758620,0.000000,-0.177722,0.005894
-29.400614,-23.006493,-0.016351,10.484414,9.968383,-0.568039,-2.756528,0.000000,-0.177722,0.005894
-27.086437,-24.777308,-0.011683,10.339639,9.968383,-0.569540,-2.758620,0.000000,-0.178322,0.005894
-23.888315,-27.241352,0.000626,10.163769,9.968383,-0.569756,-2.756528,0.000000,-0.177522,0.005894
-22.804682,-27.762854,0.023108,9.081594,9.968383,-0.573832,-2.750251,0.000000,-0.177522,0.005894
-22.286983,-27.889282,0.184983,9.688488,9.968383,-0.595013,-2.756528,0.000000,-0.178122,0.005894
-24.091656,-29.775557,0.211916,8.661865,9.968383,-0.610306,-2.752343,0.000000,-0.177722,0.005894
-28.787678,-28.772020,0.211624,11.491596,9.968383,-0.625843,-2.752343,0.000000,-0.178521,0.005894
-32.063690,-28.562006,0.013236,10.807581,9.968383,-0.629645,-2.752343,0.000000,-0.177522,0.005894
-35.421978,-31.097771,0.211522,9.417727,9.968383,-0.640477,-2.754435,0.000000,-0.177522,0.005894
-34.920727,-31.093338,0.149903,11.029176,9.968383,-0.652641,-2.756528,0.000000,-0.177922,0.005894
-32.236748,-29.563137,-0.202891,12.908199,9.968383,-0.643929,-2.756528,0.000000,-0.178122,0.005894
-25.029835,-26.665094,-0.231497,9.858510,9.968383,-0.626189,-2.758620,0.000000,-0.177722,0.005894
-19.723907,-25.031349,-0.224640,9.636025,9.968383,-0.605138,-2.758620,0.000000,-0.177722,0.005894
-19.403824,-29.740942,-0.069835,9.057127,9.968383,-0.592055,-2.756528,0.000000,-0.177522,0.005894
-21.361589,-31.472403,-0.110524,10.334863,9.968383,-0.583222,-2.758620,0.000000,-0.177922,0.005894
-25.288900,-30.944771,0.012840,10.031433,9.968383,-0.579479,-2.754435,0.000000,-0.177522,0.005894
-26.343987,-29.083982,-0.203073,11.700188,9.968383,-0.566547,-2.752343,0.000000,-0.178122,0.005894
-25.158436,-25.471037,-0.204162,11.197225,9.968383,-0.547555,-2.756528,0.000000,-0.177922,0.005894
-22.247223,-25.087008,-0.157712,11.245670,9.968383,-0.532789,-2.756528,0.000000,-0.177722,0.005894
-19.251316,-26.296833,-0.148386,9.792088,9.968383,-0.511788,-2.756528,0.000000,-0.178122,0.005894
-16.949492,-25.102604,-0.070649,10.376157,9.968383,-0.508558,-2.754435,0.000000,-0.177722,0.005894
-18.428694,-23.927387,-0.067403,11.962187,9.968383,-0.499264,-2.758620,0.000000,-0.177522,0.005894
-21.153423,-22.777233,0.053856,10.738522,9.968383,-0.488728,-2.758620,0.000000,-0.177522,0.005894
-23.856384,-24.024916,-0.096037,9.719484,9.968383,-0.475638,-2.756528,0.000000,-0.177922,0.005894
-26.229378,-26.379850,0.177752,9.932944,9.968383,-0.474795,-2.756528,0.000000,-0.177722,0.005894
-26.923788,-27.547249,0.239195,9.176158,9.968383,-0.485556,-2.750251,0.000000,-0.177922,0.005894
-25.986851,-25.834742,-0.048189,10.415045,9.968383,-0.492549,-2.756528,0.000000,-0.177722,0.005894
-24.501148,-26.160103,0.197750,10.067721,9.968383,-0.500559,-2.756528,0.000000,-0.177123,0.005894
-23.543749,-27.941027,0.055876,10.090740,9.968383,-0.518906,-2.752343,0.000000,-0.177323,0.005894
-23.071789,-28.806622,0.254015,9.115540,9.968383,-0.536486,-2.756528,0.000000,-0.178521,0.005894
-24.409874,-31.048357,0.076360,7.312850,9.968383,-0.544175,-2.752343,0.000000,-0.177722,0.005894
-26.734470,-28.740648,0.087856,9.890705,9.968383,-0.562676,-2.752343,0.000000,-0.178122,0.005894
-30.362865,-30.712002,0.432486,11.645928,9.968383,-0.583341,-2.756528,0.000000,-0.177922,0.005894
-30.542744,-31.923862,0.517725,11.313989,9.968383,-0.618590,-2.756528,0.000000,-0.177722,0.005894
-26.839909,-26.823580,-0.034633,13.175511,9.968383,-0.630625,-2.756528,0.000000,-0.177522,0.005894
-20.196362,-26.393970,-0.184608,10.860896,9.968383,-0.611731,-2.754435,0.000000,-0.177323,0.005894
-15.542738,-24.946409,-0.300653,9.866627,9.968383,-0.583136,-2.752343,0.000000,-0.177722,0.005894
-13.619165,-26.514965,-0.351088,10.248570,9.968383,-0.550272,-2.752343,0.000000,-0.177922,0.005894
-12.943917,-29.904301,-0.288965,10.405891,9.968383,-0.522147,-2.752343,0.000000,-0.177522,0.005894
-12.527410,-33.450462,-0.366602,11.081993,9.968383,-0.484564,-2.756528,0.000000,-0.177922,0.005894
-10.488457,-34.457798,-0.340993,10.837873,9.968383,-0.447017,-2.752343,0.000000,-0.177522,0.005894
-7.625222,-30.172110,-0.219208,10.085645,9.968383,-0.426891,-2.750251,0.000000,-0.177123,0.005894
-8.920604,-27.053488,0.025235,9.701989,9.968383,-0.414122,-2.752343,0.000000,-0.177722,0.005894
-13.367937,-28.141243,0.130123,9.605238,9.968383,-0.418150,-2.752343,0.000000,-0.177323,0.005894
-19.278400,-31.000700,0.092634,8.633297,9.968383,-0.420245,-2.752343,0.000000,-0.177722,0.005894
-26.381397,-31.210461,0.013971,9.289335,9.968383,-0.419275,-2.750251,0.000000,-0.177522,0.005894
-31.440493,-35.310658,0.303453,9.769073,9.968383,-0.433952,-2.752343,0.000000,-0.177323,0.005894
-34.647064,-39.186932,0.100698,10.057622,9.968383,-0.457041,-2.752343,0.000000,-0.177922,0.005894
-33.990570,-40.411583,0.297266,9.305938,9.968383,-0.480577,-2.752343,0.000000,-0.177922,0.005894
-31.582355,-38.153183,0.273942,10.049265,9.968383,-0.502803,-2.756528,0.000000,-0.177522,0.005894
-25.424719,-35.474026,0.120931,10.032942,9.968383,-0.523405,-2.756528,0.000000,-0.177722,0.005894
-18.970045,-33.513393,0.173603,8.963818,9.968383,-0.538010,-2.756528,0.000000,-0.177722,0.005894
-15.601821,-32.885880,0.386575,10.301341,9.968383,-0.563456,-2.752343,0.000000,-0.177722,0.005894
-15.105934,-37.591858,0.017443,10.301254,9.968383,-0.571552,-2.752343,0.000000,-0.177123,0.005894
-15.944876,-40.270943,-0.115897,10.928285,9.968383,-0.561475,-2.752343,0.000000,-0.177522,0.005894
-19.169676,-41.524929,-0.115982,12.296661,9.968383,-0.547012,-2.752343,0.006277,-0.177522,0.005894
-21.155872,-38.123215,-0.284778,11.585976,9.968383,-0.528829,-2.752343,0.000000,-0.177522,0.005894
-20.971140,-36.514030,-0.229142,9.509042,9.968383,-0.493287,-2.750251,0.000000,-0.177323,0.005894
-19.872795,-35.086094,-0.144606,10.409453,9.968383,-0.472245,-2.752343,0.000000,-0.177522,0.005894
-18.021830,-35.416382,-0.207688,9.968834,9.968383,-0.451275,-2.754435,0.000000,-0.177722,0.005894
-16.150198,-35.566742,-0.351329,9.924664,9.968383,-0.422180,-2.756528,0.000000,-0.177522,0.005894
-15.010649,-34.352596,-0.304074,9.457000,9.968383,-0.392019,-2.752343,0.000000,-0.177722,0.005894
-14.619981,-34.141937,-0.065916,9.754143,9.968383,-0.378993,-2.758620,0.000000,-0.177522,0.005894
-16.013899,-28.191620,-0.120120,9.831473,9.968383,-0.365962,-2.750251,0.000000,-0.177522,0.005894
-18.247955,-25.739231,-0.015296,10.567478,9.968383,-0.368334,-2.754435,0.000000,-0.177123,0.005894
-20.319574,-25.501951,-0.101136,10.571948,9.968383,-0.359587,-2.754435,0.000000,-0.177922,0.005894
-23.173731,-20.341946,-0.116764,10.122550,9.968383,-0.339218,-2.756528,0.000000,-0.177922,0.005894
-24.626711,-14.553505,-0.075737,9.509881,9.968383,-0.337031,-2.756528,0.000000,-0.177922,0.005894
-26.556665,-11.138336,0.075509,9.262136,9.968383,-0.337858,-2.752343,0.000000,-0.177522,0.005894
-29.595999,-10.106986,0.066315,9.650958,9.968383,-0.345823,-2.754435,0.000000,-0.177522,0.005894
-30.205730,-16.732588,0.159596,9.753554,9.968383,-0.356652,-2.756528,0.000000,-0.177922,0.005894
-30.502451,-17.589348,0.343479,9.499962,9.968383,-0.376639,-2.752343,0.000000,-0.177522,0.005894
-30.447918,-17.785458,0.517065,9.013149,9.968383,-0.410646,-2.758620,0.000000,-0.177922,0.005894
-30.531662,-14.608395,0.659661,10.110059,9.968383,-0.460257,-2.756528,0.000000,-0.177522,0.005894
-30.304543,-12.193406,0.518710,11.147423,9.968383,-0.507880,-2.758620,0.000000,-0.177922,0.005894
-29.963810,-10.303412,0.420112,8.768800,9.968383,-0.544958,-2.756528,0.000000,-0.177522,0.005894
-31.363848,-7.408561,0.178980,9.504030,9.968383,-0.564369,-2.756528,0.000000,-0.177922,0.005894
-33.377151,-11.279029,0.305875,9.745934,9.968383,-0.604114,-2.752343,0.000000,-0.178122,0.005894
-35.141190,-14.780605,0.347941,8.878613,9.968383,-0.644005,-2.750251,0.000000,-0.177123,0.005894
-35.711021,-18.939924,0.342181,9.785462,9.968383,-0.681764,-2.750251,0.000000,-0.177123,0.005894
-34.674042,-26.032766,0.294382,10.137019,9.968383,-0.709011,-2.752343,0.000000,-0.176923,0.005894
-34.135365,-27.887838,0.276959,9.126410,9.968383,-0.731107,-2.752343,0.000000,-0.177522,0.005894
-32.069168,-31.670574,0.377812,9.976487,9.968383,-0.760164,-2.752343,0.000000,-0.177123,0.005894
-30.852413,-31.583235,0.068199,10.729151,9.968383,-0.773177,-2.750251,0.000000,-0.177123,0.005894
-30.258867,-31.172619,-0.010358,10.459667,9.968383,-0.774663,-2.750251,0.000000,-0.177123,0.005894
-31.507248,-32.200462,0.281338,9.046468,9.968383,-0.794019,-2.752343,0.000000,-0.176923,0.005894
-34.159306,-33.871002,0.308194,9.888992,9.968383,-0.815678,-2.750251,0.000000,-0.176923,0.005894
-37.529034,-38.558273,0.229243,8.200419,9.968383,-0.843751,-2.748159,0.000000,-0.177123,0.005894
-38.891609,-39.367088,0.401577,11.016633,9.968383,-0.879734,-2.758620,0.000000,-0.177522,0.005894
-39.386990,-39.852913,0.325070,9.639107,9.968383,-0.905629,-2.756528,0.000000,-0.177722,0.005894
-39.216061,-40.640556,0.369877,11.441669,9.968383,-0.932687,-2.750251,0.000000,-0.177123,0.005894
-36.265087,-41.932629,0.529701,10.322305,9.968383,-0.963565,-2.754435,0.000000,-0.177123,0.005894
-34.089272,-40.210205,0.101683,9.681655,9.968383,-0.989956,-2.752343,0.000000,-0.177323,0.005894
-33.097095,-35.202595,0.169696,11.165905,9.968383,-1.008911,-2.756528,0.000000,-0.177522,0.005894
-33.507866,-33.031303,0.274969,11.769440,9.968383,-1.032286,-2.752343,0.000000,-0.177522,0.005894
-34.105526,-31.960279,0.230758,11.146753,9.968383,-1.047254,-2.754435,0.000000,-0.176923,0.005894
-35.643875,-31.588892,0.144853,11.083016,9.968383,-1.058409,-2.752343,0.000000,-0.177522,0.005894
-37.449623,-32.924652,-0.097915,11.231605,9.968383,-1.052795,-2.758620,0.000000,-0.177323,0.005894
-38.005508,-31.627163,0.067681,10.968023,9.968383,-1.056130,-2.756528,0.000000,-0.177522,0.005894
-37.401241,-31.675955,-0.060430,11.375732,9.968383,-1.047601,-2.758620,0.000000,-0.177323,0.005894
-37.187668,-35.708416,0.008160,9.726240,9.968383,-1.042845,-2.756528,0.000000,-0.177522,0.005894
-38.208298,-35.576153,-0.136136,9.227666,9.968383,-1.037643,-2.766989,0.000000,-0.177123,0.005894
-39.698261,-35.506008,0.119280,9.123854,9.968383,-1.036960,-2.771173,0.000000,-0.177722,0.005894
-40.395527,-34.353439,-0.070723,8.912215,9.968383,-1.036107,-2.773266,0.000000,-0.177323,0.005894
-42.066010,-33.933998,-0.094785,11.642380,9.968383,-1.025400,-2.777450,0.000000,-0.177722,0.005894
-42.484608,-34.829700,0.052249,11.695274,9.968383,-1.024762,-2.771173,0.000000,-0.177722,0.005894
-42.556171,-35.959717,-0.189265,9.978867,9.968383,-1.007359,-2.773266,0.000000,-0.177522,0.005894
-42.851200,-32.763512,-0.029385,9.793663,9.968383,-0.997309,-2.773266,0.000000,-0.177522,0.005894
-42.086273,-28.972271,0.072734,11.384632,9.968383,-0.998065,-2.762804,0.000000,-0.177522,0.005894
-39.070999,-26.173407,0.095513,10.952403,9.968383,-0.997974,-2.771173,0.000000,-0.177123,0.005894
-35.702221,-20.815266,0.065159,11.199330,9.968383,-1.002455,-2.769081,0.000000,-0.177722,0.005894
-32.228107,-20.162064,-0.311337,10.767251,9.968383,-0.984182,-2.769081,0.000000,-0.177522,0.005894
-30.420416,-22.290165,-0.190234,9.879996,9.968383,-0.966506,-2.771173,0.000000,-0.177722,0.005894
-30.630362,-22.777840,-0.085557,9.654655,9.968383,-0.954517,-2.777450,0.000000,-0.177922,0.005894
-30.356354,-22.206179,-0.055676,9.599172,9.968383,-0.943969,-2.769081,0.000000,-0.177522,0.005894
-27.657991,-21.670464,-0.002676,9.472858,9.968383,-0.944962,-2.777450,0.000000,-0.177722,0.005894
-26.439041,-19.854486,-0.076301,10.579153,9.968383,-0.937772,-2.777450,0.000000,-0.177522,0.005894
-27.817413,-22.100475,0.157126,10.305241,9.968383,-0.952166,-2.777450,0.000000,-0.177722,0.005894
-30.449974,-22.070112,-0.047729,10.537709,9.968383,-0.956709,-2.777450,0.000000,-0.177522,0.005894
-31.931261,-21.517277,-0.128020,8.779629,9.968383,-0.947665,-2.773266,0.000000,-0.178322,0.005894
-30.829107,-22.936937,0.062914,10.377000,9.968383,-0.945202,-2.764897,0.000000,-0.177323,0.005894
-29.547861,-27.233210,0.157234,11.295930,9.968383,-0.953584,-2.758620,0.000000,-0.177722,0.005894
-28.847483,-31.340694,0.004825,9.929304,9.968383,-0.951816,-2.758620,0.000000,-0.177522,0.005894
-30.079424,-32.351898,0.004351,10.591709,9.968383,-0.949747,-2.758620,0.000000,-0.177722,0.005894
-30.038214,-31.702900,-0.041007,10.826990,9.968383,-0.958456,-2.758620,0.000000,-0.178122,0.005894
-29.317961,-29.810030,-0.025981,9.947665,9.968383,-0.951614,-2.758620,0.000000,-0.177522,0.005894
-30.256880,-29.201874,-0.058098,10.061435,9.968383,-0.949285,-2.756528,0.000000,-0.177722,0.005894
-30.256880,-29.201874,-0.058098,10.061435,9.968383,-0.949285,-2.756528,0.000000,-0.177722,0.005894
-30.256880,-29.201874,-0.058098,10.061435,9.968383,-0.949285,-2.756528,0.000000,-0.177722,0.005894
-30.256880,-29.201874,-0.058098,10.061435,9.968383,-0.949285,-2.756528,0.000000,-0.177722,0.005894
-30.256880,-29.201874,-0.058098,10.061435,9.968383,-0.949285,-2.756528,0.000000,-0.177722,0.005894
-30.256880,-29.201874,-0.058098,10.061435,9.968383,-0.949285,-2.756528,0.000000,-0.177722,0.005894
-30.256880,-29.201874,-0.058098,10.061435,9.968383,-0.949285,-2.756528,0.000000,-0.177722,0.005894
-30.256880,-29.201874,-0.058098,10.061435,9.968383,-0.949285,-2.756528,0.000000,-0.177722,0.005894
-30.256880,-29.201874,-0.058098,10.061435,9.968383,-0.949285,-2.756528,0.000000,-0.177722,0.005894
-30.256880,-29.201874,-0.058098,10.061435,9.968383,-0.949285,-2.756528,0.000000,-0.177722,0.005894
-30.256880,-29.201874,-0.058098,10.061435,9.968383,-0.949285,-2.756528,0.000000,-0.177722,0.005894
-30.256880,-29.201874,-0.058098,10.061435,9.968383,-0.949285,-2.756528,0.000000,-0.177722,0.005894
-30.256880,-29.201874,-0.058098,10.061435,9.968383,-0.949285,-2.756528,0.000000,-0.177722,0.005894
-30.256880,-29.201874,-0.058098,10.061435,9.968383,-0.949285,-2.756528,0.000000,-0.177722,0.005894
-30.256880,-29.201874,-0.058098,10.061435,9.968383,-0.949285,-2.756528,0.000000,-0.177722,0.005894
-30.256880,-29.201874,-0.058098,10.061435,9.968383,-0.949285,-2.756528,0.000000,-0.177722,0.005894
-30.256880,-29.201874,-0.058098,10.061435,9.968383,-0.949285,-2.756528,0.000000,-0.177722,0.005894
-30.256880,-29.201874,-0.058098,10.061435,9.968383,-0.949285,-2.756528,0.000000,-0.177722,0.005894
-30.256880,-29.201874,-0.058098,10.061435,9.968383,-0.949285,-2.756528,0.000000,-0.177722,0.005894
-30.256880,-29.201874,-0.058098,10.061435,9.968383,-0.949285,-2.756528,0.000000,-0.177722,0.005894
-30.256880,-29.201874,-0.058098,10.061435,9.968383,-0.949285,-2.756528,0.000000,-0.177722,0.005894
-30.256880,-29.201874,-0.058098,10.061435,9.968383,-0.949285,-2.756528,0.000000,-0.177722,0.005894
-30.256880,-29.201874,-0.058098,10.061435,9.968383,-0.949285,-2.756528,0.000000,-0.177722,0.005894
-30.256880,-29.201874,-0.058098,10.061435,9.968383,-0.949285,-2.756528,0.000000,-0.177722,0.005894
-30.256880,-29.201874,-0.058098,10.061435,9.968383,-0.949285,-2.756528,0.000000,-0.177722,0.005894
-30.256880,-29.201874,-0.058098,10.061435,9.968383,-0.949285,-2.756528,0.000000,-0.177722,0.005894
-30.256880,-29.201874,-0.058098,10.061435,9.968383,-0.949285,-2.756528,0.000000,-0.177722,0.005894
-30.256880,-29.201874,-0.058098,10.061435,9.968383,-0.949285,-2.756528,0.000000,-0.177722,0.005894
-30.256880,-29.201874,-0.058098,10.061435,9.968383,-0.949285,-2.756528,0.000000,-0.177722,0.005894
-30.256880,-29.201874,-0.058098,10.061435,9.968383,-0.949285,-2.756528,0.000000,-0.177722,0.005894
-30.256880,-29.201874,-0.058098,10.061435,9.968383,-0.949285,-2.756528,0.000000,-0.177722,0.005894
-30.256880,-29.201874,-0.058098,10.061435,9.968383,-0.949285,-2.756528,0.000000,-0.177722,0.005894
-30.256880,-29.201874,-0.058098,10.061435,9.968383,-0.949285,-2.756528,0.000000,-0.177722,0.005894
-30.256880,-29.201874,-0.058098,10.061435,9.968383,-0.949285,-2.756528,0.000000,-0.177722,0.005894
-30.256880,-29.201874,-0.058098,10.061435,9.968383,-0.949285,-2.756528,0.000000,-0.177722,0.005894
-30.256880,-29.201874,-0.058098,10.061435,9.968383,-0.949285,-2.756528,0.000000,-0.177722,0.005894
-30.256880,-29.201874,-0.058098,10.061435,9.968383,-0.949285,-2.756528,0.000000,-0.177722,0.005894
-30.256880,-29.201874,-0.058098,10.061435,9.968383,-0.949285,-2.756528,0.000000,-0.177722,0.005894
-30.256880,-29.201874,-0.058098,10.061435,9.968383,-0.949285,-2.756528,0.000000,-0.177722,0.005894
-30.256880,-29.201874,-0.058098,10.061435,9.968383,-0.949285,-2.756528,0.000000,-0.177722,0.005894
-30.256880,-29.201874,-0.058098,10.061435,9.968383,-0.949285,-2.756528,0.000000,-0.177722,0.005894
-30.256880,-29.201874,-0.058098,10.061435,9.968383,-0.949285,-2.756528,0.000000,-0.177722,0.005894
-30.256880,-29.201874,-0.058098,10.061435,9.968383,-0.949285,-2.756528,0.000000,-0.177722,0.005894
-30.256880,-29.201874,-0.058098,10.061435,9.968383,-0.949285,-2.756528,0.000000,-0.177722,0.005894
-30.256880,-29.201874,-0.058098,10.061435,9.968383,-0.949285,-2.756528,0.000000,-0.177722,0.005894
-30.256880,-29.201874,-0.058098,10.061435,9.968383,-0.949285,-2.756528,0.000000,-0.177722,0.005894
-30.256880,-29.201874,-0.058098,10.061435,9.968383,-0.949285,-2.756528,0.000000,-0.177722,0.005894
-30.256880,-29.201874,-0.058098,10.061435,9.968383,-0.949285,-2.756528,0.000000,-0.177722,0.005894
-30.256880,-29.201874,-0.058098,10.061435,9.968383,-0.949285,-2.756528,0.000000,-0.177722,0.005894
-30.256880,-29.201874,-0.058098,10.061435,9.968383,-0.949285,-2.756528,0.000000,-0.177722,0.005894
-30.256880,-29.201874,-0.058098,10.061435,9.968383,-0.949285,-2.756528,0.000000,-0.177722,0.005894
-30.256880,-29.201874,-0.058098,10.061435,9.968383,-0.949285,-2.756528,0.000000,-0.177722,0.005894
-30.256880,-29.201874,-0.058098,10.061435,9.968383,-0.949285,-2.756528,0.000000,-0.177722,0.005894
-30.256880,-29.201874,-0.058098,10.061435,9.968383,-0.949285,-2.756528,0.000000,-0.177722,0.005894
-30.256880,-29.201874,-0.058098,10.061435,9.968383,-0.949285,-2.756528,0.000000,-0.177722,0.005894
-30.256880,-29.201874,-0.058098,10.061435,9.968383,-0.949285,-2.756528,0.000000,-0.177722,0.005894
-30.256880,-29.201874,-0.058098,10.061435,9.968383,-0.949285,-2.756528,0.000000,-0.177722,0.005894
-30.256880,-29.201874,-0.058098,10.061435,9.968383,-0.949285,-2.756528,0.000000,-0.177722,0.005894
-30.256880,-29.201874,-0.058098,10.061435,9.968383,-0.949285,-2.756528,0.000000,-0.177722,0.005894
-30.256880,-29.201874,-0.058098,10.061435,9.968383,-0.949285,-2.756528,0.000000,-0.177722,0.005894
-30.256880,-29.201874,-0.058098,10.061435,9.968383,-0.949285,-2.756528,0.000000,-0.177722,0.005894
-30.256880,-29.201874,-0.058098,10.061435,9.968383,-0.949285,-2.756528,0.000000,-0.177722,0.005894
-30.256880,-29.201874,-0.058098,10.061435,9.968383,-0.949285,-2.756528,0.000000,-0.177722,0.005894
-30.256880,-29.201874,-0.058098,10.061435,9.968383,-0.949285,-2.756528,0.000000,-0.177722,0.005894
-30.256880,-29.201874,-0.058098,10.061435,9.968383,-0.949285,-2.756528,0.000000,-0.177722,0.005894
-30.256880,-29.201874,-0.058098,10.061435,9.968383,-0.949285,-2.756528,0.000000,-0.177722,0.005894
-30.256880,-29.201874,-0.058098,10.061435,9.968383,-0.949285,-2.756528,0.000000,-0.177722,0.005894
-30.256880,-29.201874,-0.058098,10.061435,9.968383,-0.949285,-2.756528,0.000000,-0.177722,0.005894
-30.256880,-29.201874,-0.058098,10.061435,9.968383,-0.949285,-2.756528,0.000000,-0.177722,0.005894
-30.256880,-29.201874,-0.058098,10.061435,9.968383,-0.949285,-2.756528,0.000000,-0.177722,0.005894
-30.256880,-29.201874,-0.058098,10.061435,9.968383,-0.949285,-2.756528,0.000000,-0.177722,0.005894
-30.256880,-29.201874,-0.058098,10.061435,9.968383,-0.949285,-2.756528,0.000000,-0.177722,0.005894
-30.256880,-29.201874,-0.058098,10.061435,9.968383,-0.949285,-2.756528,0.000000,-0.177722,0.005894
-30.256880,-29.201874,-0.058098,10.061435,9.968383,-0.949285,-2.756528,0.000000,-0.177722,0.005894
-30.256880,-29.201874,-0.058098,10.061435,9.968383,-0.949285,-2.756528,0.000000,-0.177722,0.005894
-30.256880,-29.201874,-0.058098,10.061435,9.968383,-0.949285,-2.756528,0.000000,-0.177722,0.005894
-30.256880,-29.201874,-0.058098,10.061435,9.968383,-0.949285,-2.756528,0.000000,-0.177722,0.005894
-30.256880,-29.201874,-0.058098,10.061435,9.968383,-0.949285,-2.756528,0.000000,-0.177722,0.005894
-30.256880,-29.201874,-0.058098,10.061435,9.968383,-0.949285,-2.756528,0.000000,-0.177722,0.005894
-30.256880,-29.201874,-0.058098,10.061435,9.968383,-0.949285,-2.756528,0.000000,-0.177722,0.005894
-30.256880,-29.201874,-0.058098,10.061435,9.968383,-0.949285,-2.756528,0.000000,-0.177722,0.005894
