0.109863,0.016534,0.129636,0.001170,-0.002912,-0.002863,-0.000225,0.010930,0.000000,0.000000
-0.204468,-0.005566,-0.276211,-0.000217,-0.006748,-0.006615,-0.000600,0.017292,0.000000,0.000000
-0.277100,-0.032719,-0.339468,-0.001913,-0.003470,-0.003292,-0.000875,0.001962,0.000000,0.000000
-0.518799,-0.081327,-0.607600,-0.004942,-0.007757,-0.007510,-0.001401,-0.017501,0.000000,0.000000
-0.482788,-0.164087,-0.442641,-0.010050,-0.011638,-0.011294,-0.002967,-0.087200,0.000000,0.000000
-0.724487,-0.220127,-0.700501,-0.013502,-0.014327,-0.013945,-0.003977,-0.115042,0.000000,0.000000
-0.796509,-0.277765,-0.720478,-0.017037,-0.016203,-0.015800,-0.005166,-0.157584,0.000000,0.000000
-0.724487,-0.322437,-0.558403,-0.019744,-0.018462,-0.018055,-0.006537,-0.202302,0.000000,0.000000
-0.784912,-0.392894,-0.544469,-0.023942,-0.022921,-0.022519,-0.009776,-0.264806,0.000000,0.000000
-0.651855,-0.418790,-0.323702,-0.025441,-0.024494,-0.024096,-0.011663,-0.301945,0.000000,0.000000
-0.857544,-0.462666,-0.548442,-0.028056,-0.025217,-0.024832,-0.013620,-0.327590,0.000000,0.000000
-0.579224,-0.474321,-0.145698,-0.028644,-0.028644,-0.028276,-0.015749,-0.365632,0.000000,0.000000
-0.869141,-0.547195,-0.447147,-0.032902,-0.032611,-0.032215,-0.020650,-0.416284,0.000000,0.000000
-0.941772,-0.586653,-0.493222,-0.035203,-0.034013,-0.033618,-0.023273,-0.449559,0.000000,0.000000
-0.989990,-0.626986,-0.504121,-0.037548,-0.035941,-0.035555,-0.026029,-0.485637,0.000000,0.000000
-0.833130,-0.647601,-0.257706,-0.038649,-0.036930,-0.036564,-0.028914,-0.522662,0.000000,0.000000
-0.917969,-0.675020,-0.337429,-0.039977,-0.041482,-0.041102,-0.035152,-0.556872,0.000000,0.000000
-0.820923,-0.689611,-0.182378,-0.040689,-0.043080,-0.042674,-0.038489,-0.584598,0.000000,0.000000
-0.941772,-0.714827,-0.315202,-0.042061,-0.044192,-0.043755,-0.041909,-0.603928,0.000000,0.000000
-0.796509,-0.722995,-0.102103,-0.042361,-0.046711,-0.046226,-0.045536,-0.630352,0.000000,0.000000
-0.857544,-0.733288,-0.172577,-0.042583,-0.051829,-0.051134,-0.053456,-0.652110,0.000000,0.000000
-0.808716,-0.740831,-0.094284,-0.042842,-0.053360,-0.052534,-0.057607,-0.670039,0.000000,0.000000
-0.760498,-0.742798,-0.024584,-0.042751,-0.055145,-0.054173,-0.061867,-0.683538,0.000000,0.000000
-0.603638,-0.728882,0.173950,-0.041667,-0.056990,-0.055840,-0.066287,-0.692998,0.000000,0.000000
-0.784912,-0.735133,-0.069133,-0.041642,-0.061475,-0.059862,-0.075570,-0.698857,0.000000,0.000000
-0.748291,-0.736449,-0.016448,-0.041516,-0.063432,-0.061547,-0.080444,-0.709370,0.000000,0.000000
-0.784912,-0.741295,-0.060579,-0.041611,-0.065595,-0.063410,-0.085469,-0.716824,0.000000,0.000000
-0.772705,-0.744436,-0.039258,-0.041599,-0.067271,-0.064774,-0.090574,-0.726336,0.000000,0.000000
-0.615234,-0.729720,0.159009,-0.040265,-0.071749,-0.068534,-0.101288,-0.739061,0.000000,0.000000
-0.712280,-0.727976,0.021800,-0.039955,-0.073504,-0.069885,-0.106811,-0.735935,0.000000,0.000000
-0.760498,-0.731229,-0.040652,-0.039959,-0.075241,-0.071192,-0.112455,-0.739732,0.000000,0.000000
-0.712280,-0.729334,0.023685,-0.039640,-0.077132,-0.072634,-0.118206,-0.746647,0.000000,0.000000
-0.615234,-0.706611,0.126912,-0.037829,-0.081336,-0.075857,-0.130046,-0.745712,0.000000,0.000000
-0.518799,-0.687830,0.234766,-0.036466,-0.082341,-0.076325,-0.136126,-0.742668,0.000000,0.000000
-0.591431,-0.678190,0.120499,-0.035681,-0.084612,-0.078011,-0.142374,-0.733440,0.000000,0.000000
-0.675659,-0.677937,0.003164,-0.035487,-0.086433,-0.079217,-0.148725,-0.729872,0.000000,0.000000
-0.651855,-0.664247,0.017211,-0.034281,-0.090846,-0.082295,-0.161942,-0.726767,0.000000,0.000000
-0.591431,-0.656966,0.091021,-0.033654,-0.093849,-0.084601,-0.168649,-0.728098,0.000000,0.000000
-0.603638,-0.651633,0.066660,-0.033153,-0.094680,-0.084736,-0.175314,-0.725194,0.000000,0.000000
-0.543213,-0.640791,0.135525,-0.032309,-0.094466,-0.083807,-0.182041,-0.723375,0.000000,0.000000
-0.313110,-0.588309,0.382259,-0.028714,-0.094278,-0.082166,-0.195365,-0.703792,0.000000,0.000000
-0.470581,-0.576537,0.147160,-0.027835,-0.098521,-0.085624,-0.202131,-0.683727,0.000000,0.000000
-0.675659,-0.586449,-0.123903,-0.028315,-0.100385,-0.086686,-0.208934,-0.675760,0.000000,0.000000
-0.627441,-0.590548,-0.051241,-0.028429,-0.102286,-0.087737,-0.216034,-0.682549,0.000000,0.000000
-0.531006,-0.565063,0.047302,-0.026560,-0.103843,-0.087591,-0.230171,-0.671140,0.000000,0.000000
-0.591431,-0.567699,-0.032960,-0.026592,-0.107417,-0.090284,-0.237317,-0.668461,0.000000,0.000000
-0.579224,-0.568852,-0.014405,-0.026531,-0.108466,-0.090440,-0.244528,-0.670131,0.000000,0.000000
-0.591431,-0.571110,-0.028224,-0.026539,-0.108419,-0.089498,-0.251751,-0.670869,0.000000,0.000000
-0.506592,-0.543635,0.051449,-0.024565,-0.111021,-0.090305,-0.266097,-0.656459,0.000000,0.000000
-0.567017,-0.545973,-0.029226,-0.024588,-0.114885,-0.093218,-0.273482,-0.653346,0.000000,0.000000
-0.421753,-0.533551,0.155275,-0.023689,-0.114994,-0.092362,-0.280949,-0.654628,0.000000,0.000000
-0.337524,-0.513949,0.245034,-0.022345,-0.116339,-0.092738,-0.288369,-0.645911,0.000000,0.000000
-0.494385,-0.512429,0.025055,-0.022027,-0.117478,-0.091904,-0.303202,-0.631458,0.000000,0.000000
-0.518799,-0.513066,-0.007965,-0.021957,-0.120384,-0.093797,-0.310725,-0.629348,0.000000,0.000000
-0.446167,-0.506376,0.083623,-0.021429,-0.127464,-0.099820,-0.318505,-0.629286,0.000000,0.000000
-0.410156,-0.496754,0.120150,-0.020721,-0.127554,-0.098825,-0.326406,-0.624410,0.000000,0.000000
-0.531006,-0.482553,-0.067296,-0.019632,-0.130544,-0.099601,-0.342239,-0.603504,0.000000,0.000000
-0.482788,-0.482576,-0.000294,-0.019535,-0.133569,-0.101481,-0.350330,-0.606324,0.000000,0.000000
-0.579224,-0.492241,-0.120809,-0.020041,-0.133401,-0.100177,-0.358380,-0.605636,0.000000,0.000000
-0.567017,-0.499718,-0.093470,-0.020408,-0.136351,-0.101972,-0.366561,-0.611673,0.000000,0.000000
-0.458374,-0.504937,0.064670,-0.020528,-0.139195,-0.102508,-0.383043,-0.623537,0.000000,0.000000
-0.458374,-0.500280,0.058203,-0.020134,-0.141651,-0.103796,-0.391343,-0.620261,0.000000,0.000000
-0.531006,-0.503353,-0.038407,-0.020225,-0.144186,-0.105140,-0.399753,-0.617312,0.000000,0.000000
-0.470581,-0.500076,0.040965,-0.019920,-0.143057,-0.102843,-0.408045,-0.619386,0.000000,0.000000
-0.591431,-0.498921,-0.128485,-0.019652,-0.148828,-0.106233,-0.424725,-0.609518,0.000000,0.000000
-0.518799,-0.500909,-0.024829,-0.019678,-0.148715,-0.104917,-0.433162,-0.616365,0.000000,0.000000
-0.421753,-0.492993,0.099017,-0.019085,-0.149477,-0.104489,-0.441512,-0.617730,0.000000,0.000000
-0.567017,-0.500396,-0.092529,-0.019452,-0.150560,-0.104377,-0.449855,-0.612402,0.000000,0.000000
-0.361328,-0.479411,0.164004,-0.017949,-0.155815,-0.107200,-0.466777,-0.612229,0.000000,0.000000
-0.397949,-0.471265,0.101827,-0.017350,-0.155724,-0.105870,-0.475284,-0.603326,0.000000,0.000000
-0.482788,-0.472417,-0.014404,-0.017335,-0.158479,-0.107369,-0.483828,-0.597552,0.000000,0.000000
-0.373535,-0.462529,0.123603,-0.016630,-0.158642,-0.106278,-0.492369,-0.597930,0.000000,0.000000
-0.421753,-0.454782,0.045873,-0.015982,-0.162967,-0.108027,-0.509695,-0.587775,0.000000,0.000000
-0.446167,-0.453920,0.010768,-0.015848,-0.165762,-0.109508,-0.518464,-0.584890,0.000000,0.000000
-0.446167,-0.453145,0.009691,-0.015720,-0.167622,-0.110044,-0.527278,-0.583902,0.000000,0.000000
-0.361328,-0.443963,0.114771,-0.015068,-0.170230,-0.111312,-0.536175,-0.583061,0.000000,0.000000
-0.397949,-0.416709,0.026055,-0.013222,-0.174788,-0.113104,-0.554226,-0.559167,0.000000,0.000000
-0.277100,-0.402748,0.174511,-0.012283,-0.175474,-0.112402,-0.563197,-0.556800,0.000000,0.000000
-0.518799,-0.414353,-0.144953,-0.012947,-0.177011,-0.112532,-0.572214,-0.546430,0.000000,0.000000
-0.397949,-0.412712,0.020520,-0.012779,-0.177197,-0.111328,-0.581174,-0.553128,0.000000,0.000000
-0.494385,-0.421693,-0.100960,-0.013213,-0.182403,-0.113734,-0.599176,-0.551027,0.000000,0.000000
-0.421753,-0.421699,-0.000075,-0.013147,-0.185966,-0.115874,-0.608344,-0.555956,0.000000,0.000000
-0.252686,-0.404798,0.211267,-0.012025,-0.186567,-0.115039,-0.617588,-0.555686,0.000000,0.000000
-0.264893,-0.390807,0.174882,-0.011091,-0.189415,-0.116433,-0.626832,-0.543951,0.000000,0.000000
-0.385742,-0.392042,0.008750,-0.011056,-0.194599,-0.118651,-0.645524,-0.534479,0.000000,0.000000
-0.337524,-0.386590,0.068155,-0.010660,-0.195766,-0.118310,-0.655013,-0.533456,0.000000,0.000000
-0.289307,-0.376862,0.121591,-0.009999,-0.197586,-0.118618,-0.664488,-0.529215,0.000000,0.000000
-0.385742,-0.377750,-0.011100,-0.010005,-0.200243,-0.119744,-0.674017,-0.522038,0.000000,0.000000
-0.373535,-0.375851,0.003216,-0.009787,-0.202464,-0.118888,-0.693154,-0.520183,0.000000,0.000000
-0.421753,-0.380441,-0.057378,-0.010025,-0.203479,-0.118374,-0.702663,-0.519321,0.000000,0.000000
-0.277100,-0.370107,0.129177,-0.009329,-0.205602,-0.118970,-0.712169,-0.521792,0.000000,0.000000
-0.373535,-0.370450,-0.004265,-0.009303,-0.207018,-0.118847,-0.721735,-0.514326,0.000000,0.000000
-0.168457,-0.348386,0.249901,-0.007831,-0.209302,-0.118080,-0.740565,-0.511643,0.000000,0.000000
-0.313110,-0.344858,0.044093,-0.007572,-0.210913,-0.118148,-0.749999,-0.497359,0.000000,0.000000
-0.337524,-0.344125,0.009167,-0.007488,-0.211806,-0.117490,-0.759447,-0.493885,0.000000,0.000000
-0.482788,-0.357991,-0.173329,-0.008317,-0.214356,-0.118482,-0.768928,-0.492337,0.000000,0.000000
-0.373535,-0.353364,-0.028016,-0.007947,-0.222216,-0.123152,-0.788402,-0.495952,0.000000,0.000000
-0.300903,-0.348118,0.065576,-0.007580,-0.225441,-0.124741,-0.798368,-0.497175,0.000000,0.000000
-0.470581,-0.360364,-0.153079,-0.008307,-0.226476,-0.124141,-0.808302,-0.493350,0.000000,0.000000
-0.446167,-0.368944,-0.107254,-0.008802,-0.229032,-0.125058,-0.818307,-0.501380,0.000000,0.000000
-0.277100,-0.352593,0.104851,-0.007695,-0.234739,-0.127470,-0.838461,-0.502118,0.000000,0.000000
-0.289307,-0.346264,0.070318,-0.007305,-0.236619,-0.127670,-0.849930,-0.497833,0.000000,0.000000
-0.325317,-0.344169,0.026183,-0.007137,-0.237877,-0.127243,-0.860123,-0.493423,0.000000,0.000000
-0.458374,-0.355590,-0.142756,-0.007815,-0.240337,-0.127995,-0.870429,-0.491867,0.000000,0.000000
-0.397949,-0.362539,-0.049185,-0.008171,-0.244936,-0.129201,-0.891050,-0.501605,0.000000,0.000000
-0.325317,-0.358817,0.046528,-0.007897,-0.246432,-0.129003,-0.901356,-0.504428,0.000000,0.000000
-0.156250,-0.338560,0.251968,-0.006598,-0.247788,-0.128663,-0.911713,-0.502175,0.000000,0.000000
-0.446167,-0.349321,-0.135174,-0.007241,-0.249686,-0.128841,-0.922005,-0.488527,0.000000,0.000000
-0.144043,-0.326633,0.253597,-0.005751,-0.253362,-0.129087,-0.942703,-0.493895,0.000000,0.000000
-0.131836,-0.307153,0.243496,-0.004505,-0.255513,-0.129503,-0.953058,-0.480039,0.000000,0.000000
-0.119629,-0.288401,0.234405,-0.003311,-0.257383,-0.129616,-0.963442,-0.466322,0.000000,0.000000
-0.313110,-0.290872,-0.030887,-0.003448,-0.258009,-0.128477,-0.973781,-0.452665,0.000000,0.000000
-0.228882,-0.271458,0.059134,-0.002205,-0.262087,-0.129025,-0.994386,-0.441916,0.000000,0.000000
-0.252686,-0.269581,0.023466,-0.002077,-0.264775,-0.129923,-1.004763,-0.437376,0.000000,0.000000
-0.240479,-0.266671,0.032334,-0.001905,-0.267958,-0.131299,-1.016532,-0.436061,0.000000,0.000000
-0.144043,-0.254408,0.153292,-0.001129,-0.270498,-0.132012,-1.027112,-0.432901,0.000000,0.000000
-0.192261,-0.248193,0.077680,-0.000735,-0.271171,-0.130858,-1.037632,-0.423345,0.000000,0.000000
-0.313110,-0.258385,-0.076007,-0.001363,-0.275482,-0.131507,-1.058651,-0.419043,0.000000,0.000000
-0.252686,-0.257815,0.007125,-0.001321,-0.277440,-0.131631,-1.069219,-0.421962,0.000000,0.000000
-0.228882,-0.254922,0.036152,-0.001133,-0.279679,-0.132035,-1.079797,-0.420587,0.000000,0.000000
-0.325317,-0.261961,-0.088030,-0.001568,-0.279528,-0.130067,-1.090250,-0.417568,0.000000,0.000000
-0.144043,-0.233020,0.123579,0.000251,-0.283253,-0.130172,-1.111046,-0.407439,0.000000,0.000000
-0.228882,-0.232606,0.005173,0.000275,-0.286460,-0.131536,-1.121542,-0.399592,0.000000,0.000000
-0.264893,-0.235835,-0.040358,0.000072,-0.287588,-0.130820,-1.132035,-0.398038,0.000000,0.000000
-0.168457,-0.229097,0.084218,0.000493,-0.290695,-0.132083,-1.142549,-0.399057,0.000000,0.000000
-0.119629,-0.213736,0.130705,0.001446,-0.292277,-0.129962,-1.163565,-0.389009,0.000000,0.000000
-0.216675,-0.214030,-0.003673,0.001421,-0.294287,-0.130124,-1.173988,-0.380685,0.000000,0.000000
-0.095825,-0.202210,0.147756,0.002153,-0.295464,-0.129461,-1.184368,-0.379478,0.000000,0.000000
-0.131836,-0.195172,0.087967,0.002582,-0.298597,-0.130729,-1.194825,-0.370217,0.000000,0.000000
-0.023193,-0.164639,0.196452,0.004460,-0.301652,-0.130021,-1.215804,-0.352562,0.000000,0.000000
-0.023193,-0.150494,0.176807,0.005321,-0.305335,-0.131799,-1.226298,-0.340232,0.000000,0.000000
-0.168457,-0.152290,-0.022454,0.005182,-0.308262,-0.132793,-1.236899,-0.328841,0.000000,0.000000
-0.095825,-0.146644,0.070512,0.005509,-0.310016,-0.132610,-1.247535,-0.328126,0.000000,0.000000
0.013428,-0.121669,0.187634,0.007013,-0.313560,-0.132258,-1.268818,-0.313996,0.000000,0.000000
0.122070,-0.097295,0.304674,0.008501,-0.314736,-0.131484,-1.279385,-0.301867,0.000000,0.000000
0.001221,-0.087443,0.123144,0.009074,-0.318564,-0.133318,-1.290075,-0.283299,0.000000,0.000000
0.061646,-0.072534,0.186361,0.009961,-0.321161,-0.133904,-1.300815,-0.274250,0.000000,0.000000
-0.023193,-0.050086,0.037351,0.011258,-0.323525,-0.132215,-1.322248,-0.245872,0.000000,0.000000
0.073853,-0.037692,0.154923,0.011976,-0.323757,-0.130448,-1.332763,-0.240808,0.000000,0.000000
0.073853,-0.026537,0.139431,0.012614,-0.326587,-0.131266,-1.343274,-0.229493,0.000000,0.000000
0.037231,-0.020161,0.079707,0.012949,-0.330312,-0.132948,-1.353910,-0.219065,0.000000,0.000000
0.073853,0.009622,0.089209,0.014674,-0.335087,-0.133584,-1.375339,-0.193754,0.000000,0.000000
0.037231,0.012383,0.034512,0.014774,-0.337659,-0.134077,-1.386020,-0.185798,0.000000,0.000000
-0.035400,0.007605,-0.059729,0.014401,-0.339675,-0.134001,-1.396768,-0.180934,0.000000,0.000000
-0.023193,0.004525,-0.038498,0.014137,-0.341933,-0.134165,-1.407561,-0.181377,0.000000,0.000000
-0.108032,-0.009225,-0.137400,0.013136,-0.347495,-0.135544,-1.429171,-0.180598,0.000000,0.000000
-0.156250,-0.023928,-0.183781,0.012152,-0.349135,-0.135098,-1.440026,-0.186058,0.000000,0.000000
0.013428,-0.020192,0.046695,0.012325,-0.352919,-0.136797,-1.450938,-0.194478,0.000000,0.000000
0.061646,-0.012009,0.102292,0.012774,-0.355777,-0.137550,-1.461957,-0.190901,0.000000,0.000000
0.037231,-0.001554,0.053869,0.013298,-0.360351,-0.137865,-1.484161,-0.179113,0.000000,0.000000
0.085449,0.007146,0.108754,0.013776,-0.360248,-0.135655,-1.495129,-0.174913,0.000000,0.000000
0.061646,0.012596,0.068124,0.014047,-0.362247,-0.135563,-1.505962,-0.167594,0.000000,0.000000
-0.095825,0.001754,-0.135526,0.013300,-0.363981,-0.135199,-1.516808,-0.162401,0.000000,0.000000
-0.046997,-0.004268,-0.059346,0.012791,-0.366645,-0.133707,-1.538399,-0.167860,0.000000,0.000000
-0.168457,-0.020687,-0.205236,0.011701,-0.368975,-0.133982,-1.549095,-0.169888,0.000000,0.000000
-0.252686,-0.043887,-0.289919,0.010193,-0.369213,-0.132177,-1.559816,-0.180051,0.000000,0.000000
-0.035400,-0.043038,0.010610,0.010195,-0.372206,-0.133156,-1.570493,-0.195205,0.000000,0.000000
-0.264893,-0.065580,-0.276630,0.008685,-0.376724,-0.133641,-1.591885,-0.194798,0.000000,0.000000
-0.180054,-0.077027,-0.143200,0.007926,-0.375886,-0.130828,-1.602450,-0.209671,0.000000,0.000000
-0.059204,-0.075245,0.022279,0.007998,-0.378120,-0.131108,-1.612957,-0.217716,0.000000,0.000000
-0.059204,-0.073641,0.020051,0.008058,-0.378479,-0.129537,-1.623326,-0.216872,0.000000,0.000000
-0.010986,-0.081347,0.097723,0.007501,-0.382792,-0.129995,-1.644104,-0.226917,0.000000,0.000000
-0.059204,-0.079133,0.027679,0.007602,-0.384147,-0.129425,-1.654484,-0.222183,0.000000,0.000000
-0.095825,-0.080802,-0.020866,0.007459,-0.387066,-0.130404,-1.664936,-0.221115,0.000000,0.000000
-0.083618,-0.081084,-0.003520,0.007404,-0.389127,-0.130527,-1.675390,-0.222609,0.000000,0.000000
-0.131836,-0.098362,-0.046492,0.006255,-0.394519,-0.132029,-1.696453,-0.232884,0.000000,0.000000
-0.035400,-0.092066,0.078702,0.006617,-0.396580,-0.132155,-1.706987,-0.236102,0.000000,0.000000
-0.023193,-0.085179,0.086091,0.007015,-0.398926,-0.132539,-1.717647,-0.232671,0.000000,0.000000
-0.108032,-0.087464,-0.028564,0.006837,-0.398528,-0.130202,-1.728157,-0.228498,0.000000,0.000000
-0.071411,-0.077877,0.008980,0.007365,-0.403387,-0.131191,-1.749096,-0.224628,0.000000,0.000000
-0.023193,-0.072409,0.068355,0.007670,-0.403975,-0.129848,-1.759525,-0.224201,0.000000,0.000000
-0.108032,-0.075971,-0.044529,0.007409,-0.404298,-0.128266,-1.769780,-0.220361,0.000000,0.000000
0.025024,-0.065872,0.126238,0.008003,-0.404835,-0.126918,-1.779935,-0.222450,0.000000,0.000000
-0.083618,-0.077923,-0.007911,0.007174,-0.406096,-0.124431,-1.800095,-0.222536,0.000000,0.000000
-0.168457,-0.086976,-0.113168,0.006572,-0.406981,-0.123475,-1.810018,-0.222597,0.000000,0.000000
0.001221,-0.078156,0.110246,0.007090,-0.409812,-0.124463,-1.820005,-0.228478,0.000000,0.000000
-0.059204,-0.076261,0.023690,0.007173,-0.413922,-0.126702,-1.830106,-0.222542,0.000000,0.000000
0.013428,-0.061418,0.103952,0.008027,-0.415460,-0.124483,-1.850353,-0.216539,0.000000,0.000000
0.158081,-0.039468,0.274373,0.009359,-0.419435,-0.126589,-1.860370,-0.210505,0.000000,0.000000
0.158081,-0.019713,0.246936,0.010547,-0.420065,-0.125333,-1.870379,-0.195045,0.000000,0.000000
0.182495,0.000508,0.252747,0.011758,-0.419972,-0.123350,-1.880330,-0.180579,0.000000,0.000000
0.109863,0.021286,0.123037,0.012936,-0.427980,-0.127464,-1.900602,-0.156608,0.000000,0.000000
0.218506,0.041008,0.246513,0.014104,-0.433108,-0.130581,-1.911022,-0.148480,0.000000,0.000000
0.170288,0.053936,0.161609,0.014841,-0.436250,-0.131687,-1.921493,-0.133572,0.000000,0.000000
-0.108032,0.037739,-0.202460,0.013755,-0.437952,-0.131343,-1.931974,-0.122961,0.000000,0.000000
0.049438,0.041060,0.011636,0.013824,-0.447505,-0.136735,-1.953474,-0.129363,0.000000,0.000000
-0.046997,0.032255,-0.110072,0.013205,-0.446172,-0.133302,-1.964361,-0.127633,0.000000,0.000000
-0.010986,0.027931,-0.054051,0.012869,-0.447998,-0.133060,-1.975093,-0.132427,0.000000,0.000000
0.073853,0.032523,0.057400,0.013091,-0.449142,-0.132179,-1.985614,-0.134248,0.000000,0.000000
0.194702,0.050263,0.200610,0.014069,-0.455168,-0.134100,-2.006910,-0.128287,0.000000,0.000000
0.049438,0.050181,-0.001031,0.013993,-0.453401,-0.130282,-2.017501,-0.116480,0.000000,0.000000
0.085449,0.053707,0.044086,0.014144,-0.452651,-0.127518,-2.027881,-0.115142,0.000000,0.000000
0.158081,0.064145,0.130467,0.014726,-0.453352,-0.126231,-2.038096,-0.111291,0.000000,0.000000
0.170288,0.078874,0.126929,0.015498,-0.453560,-0.122544,-2.057956,-0.097569,0.000000,0.000000
0.049438,0.075930,-0.036804,0.015236,-0.459870,-0.126892,-2.067888,-0.088881,0.000000,0.000000
0.145874,0.082925,0.087430,0.015597,-0.460201,-0.125249,-2.077943,-0.089107,0.000000,0.000000
0.097656,0.084398,0.018414,0.015611,-0.460476,-0.123583,-2.087768,-0.082548,0.000000,0.000000
0.158081,0.091861,0.091973,0.015922,-0.445736,-0.105161,-2.106380,-0.076903,0.000000,0.000000
0.097656,0.092440,0.007244,0.015878,-0.390549,-0.048600,-2.113158,-0.067396,0.000000,0.000000
0.158081,0.099004,0.082051,0.016209,-0.291426,0.050641,-2.112886,-0.055881,0.000000,0.000000
0.037231,0.092827,-0.077216,0.015742,-0.125055,0.215186,-2.101794,-0.030654,0.000000,0.000000
0.363770,0.132331,0.321442,0.018050,0.235639,0.564883,-2.037850,0.051116,0.000000,0.000000
0.315552,0.150653,0.229026,0.019105,0.429594,0.749572,-1.984287,0.123705,0.000000,0.000000
0.339355,0.169523,0.235878,0.020189,0.583865,0.892351,-1.917734,0.200500,0.000000,0.000000
0.327759,0.185347,0.197784,0.021077,0.726299,1.021395,-1.840235,0.284166,0.000000,0.000000
0.593262,0.239999,0.490643,0.024277,0.749379,1.015434,-1.671129,0.446974,0.000000,0.000000
0.714111,0.287410,0.592056,0.027116,0.682693,0.935467,-1.593066,0.531596,0.000000,0.000000
0.629883,0.321658,0.428514,0.029123,0.576008,0.817162,-1.524261,0.609807,0.000000,0.000000
0.738525,0.363344,0.521085,0.031583,0.430742,0.662207,-1.466047,0.666820,0.000000,0.000000
0.859375,0.459787,0.554983,0.037279,0.221959,0.439679,-1.381447,0.763922,0.000000,0.000000
0.932007,0.507009,0.590275,0.040044,0.168610,0.381097,-1.348376,0.802029,0.000000,0.000000
0.895386,0.545847,0.485470,0.042271,0.080243,0.288661,-1.321630,0.836418,0.000000,0.000000
0.944214,0.585684,0.497934,0.044550,-0.025475,0.180409,-1.303401,0.857825,0.000000,0.000000
0.919800,0.651363,0.372829,0.048199,-0.184535,0.020361,-1.289881,0.881399,0.000000,0.000000
0.968018,0.683029,0.395818,0.049937,-0.248157,-0.042269,-1.291455,0.882477,0.000000,0.000000
0.895386,0.704264,0.265446,0.051015,-0.308334,-0.100659,-1.297446,0.882528,0.000000,0.000000
0.992432,0.733081,0.360209,0.052561,-0.365692,-0.155430,-1.307916,0.873356,0.000000,0.000000
1.113281,0.798782,0.436804,0.056133,-0.440852,-0.223595,-1.339011,0.863381,0.000000,0.000000
1.246338,0.843538,0.559445,0.058650,-0.450458,-0.229265,-1.356908,0.863220,0.000000,0.000000
1.185913,0.877775,0.427526,0.060494,-0.457434,-0.232179,-1.375411,0.871537,0.000000,0.000000
1.258545,0.915852,0.476432,0.062574,-0.510053,-0.280221,-1.396475,0.872714,0.000000,0.000000
1.246338,0.964472,0.391480,0.064983,-0.557592,-0.317370,-1.445533,0.866397,0.000000,0.000000
1.173706,0.985396,0.261542,0.065966,-0.544226,-0.298811,-1.470014,0.868783,0.000000,0.000000
1.185913,1.005447,0.250646,0.066889,-0.527738,-0.277394,-1.492933,0.867570,0.000000,0.000000
1.101074,1.015010,0.119534,0.067153,-0.508789,-0.253834,-1.513967,0.869073,0.000000,0.000000
1.173706,1.026650,0.204244,0.067212,-0.516926,-0.253022,-1.554327,0.853158,0.000000,0.000000
1.209717,1.044957,0.228833,0.068020,-0.507018,-0.238779,-1.573731,0.856367,0.000000,0.000000
1.016235,1.042085,-0.035901,0.067500,-0.507591,-0.235099,-1.592563,0.862347,0.000000,0.000000
1.258545,1.063731,0.270562,0.068516,-0.521688,-0.244869,-1.611807,0.854378,0.000000,0.000000
0.859375,1.057533,-0.275218,0.067330,-0.522988,-0.237342,-1.653661,0.866401,0.000000,0.000000
0.919800,1.043759,-0.172167,0.066133,-0.533924,-0.243978,-1.672769,0.847630,0.000000,0.000000
0.980225,1.037406,-0.079419,0.065405,-0.534752,-0.240460,-1.692276,0.833864,0.000000,0.000000
1.077271,1.041392,0.049826,0.065327,-0.530358,-0.231866,-1.711028,0.825861,0.000000,0.000000
1.185913,1.066654,0.165637,0.066251,-0.541944,-0.235125,-1.748034,0.830358,0.000000,0.000000
1.137695,1.073758,0.088802,0.066364,-0.550349,-0.239237,-1.767211,0.836156,0.000000,0.000000
1.101074,1.076490,0.034145,0.066203,-0.551351,-0.235970,-1.786272,0.838399,0.000000,0.000000
1.101074,1.078948,0.030731,0.066025,-0.551248,-0.231654,-1.805022,0.838301,0.000000,0.000000
1.221924,1.097434,0.172903,0.066520,-0.555903,-0.228022,-1.841762,0.840488,0.000000,0.000000
1.173706,1.105062,0.095339,0.066665,-0.564096,-0.232018,-1.860369,0.848591,0.000000,0.000000
1.209717,1.115527,0.130819,0.066985,-0.575861,-0.239524,-1.879301,0.852553,0.000000,0.000000
1.161499,1.120124,0.057465,0.066938,-0.581991,-0.241311,-1.898702,0.858247,0.000000,0.000000
1.185913,1.126087,0.083092,0.066643,-0.597162,-0.247836,-1.937301,0.859060,0.000000,0.000000
1.137695,1.127248,0.014509,0.066382,-0.611537,-0.257716,-1.957570,0.861861,0.000000,0.000000
1.209717,1.135495,0.103086,0.066566,-0.640054,-0.281539,-1.978963,0.860112,0.000000,0.000000
1.161499,1.138095,0.032505,0.066396,-0.683048,-0.319353,-2.003036,0.860803,0.000000,0.000000
1.088867,1.132038,-0.059983,0.065355,-0.865435,-0.488640,-2.066526,0.838815,0.000000,0.000000
1.234131,1.142247,0.127617,0.065666,-0.989790,-0.604262,-2.110695,0.813476,0.000000,0.000000
1.306763,1.158699,0.205645,0.066366,-1.158926,-0.762588,-2.166496,0.788575,0.000000,0.000000
1.185913,1.161420,0.034018,0.066204,-1.285825,-0.876807,-2.233084,0.759996,0.000000,0.000000
1.016235,1.149106,-0.184543,0.064774,-1.525121,-1.086014,-2.393290,0.667435,0.000000,0.000000
1.173706,1.151566,0.030750,0.064603,-1.540628,-1.085290,-2.480687,0.607481,0.000000,0.000000
1.065063,1.142916,-0.108129,0.063740,-1.530190,-1.058933,-2.566412,0.563908,0.000000,0.000000
0.762939,1.104918,-0.474970,0.061046,-1.583577,-1.096173,-2.653216,0.514850,0.000000,0.000000
0.762939,1.054060,-0.403915,0.057267,-1.553585,-1.034408,-2.825096,0.399225,0.000000,0.000000
0.750732,1.023727,-0.379552,0.055082,-1.499671,-0.965759,-2.904722,0.347747,0.000000,0.000000
0.690308,0.990385,-0.416774,0.052723,-1.401460,-0.854188,-2.976959,0.306034,0.000000,0.000000
0.569458,0.948292,-0.526159,0.049829,-1.271196,-0.712516,-3.038375,0.273416,0.000000,0.000000
0.375977,0.855867,-0.665749,0.043571,-1.046645,-0.470735,-3.129888,0.227248,0.000000,0.000000
0.436401,0.813920,-0.524935,0.040729,-0.958271,-0.375939,-3.163350,0.205366,0.000000,0.000000
0.424194,0.774948,-0.487158,0.038089,-0.888482,-0.300808,-3.190793,0.194829,0.000000,0.000000
0.460205,0.743473,-0.393429,0.035932,-0.821552,-0.229864,-3.210885,0.191204,0.000000,0.000000
0.399780,0.669493,-0.374600,0.030963,-0.717741,-0.120362,-3.238250,0.190742,0.000000,0.000000
0.327759,0.635319,-0.427167,0.028673,-0.727155,-0.127732,-3.247382,0.196191,0.000000,0.000000
0.436401,0.615427,-0.248647,0.027286,-0.692886,-0.091623,-3.255708,0.197174,0.000000,0.000000
0.375977,0.591482,-0.299246,0.025653,-0.681436,-0.078707,-3.261930,0.207472,0.000000,0.000000
0.291138,0.548589,-0.357571,0.022721,-0.605056,-0.000371,-3.269363,0.227774,0.000000,0.000000
0.472412,0.540972,-0.095221,0.022131,-0.615147,-0.010109,-3.269484,0.231952,0.000000,0.000000
0.278931,0.514767,-0.327551,0.020383,-0.602321,0.002904,-3.268818,0.248924,0.000000,0.000000
0.218506,0.485141,-0.370327,0.018429,-0.601764,0.003782,-3.269019,0.250775,0.000000,0.000000
0.145874,0.423976,-0.386253,0.014432,-0.603815,0.002044,-3.268024,0.244999,0.000000,0.000000
0.303345,0.411913,-0.150652,0.013607,-0.599378,0.006612,-3.267635,0.238639,0.000000,0.000000
0.388184,0.409540,-0.029689,0.013390,-0.601181,0.004938,-3.267277,0.243378,0.000000,0.000000
0.218506,0.390437,-0.238793,0.012129,-0.602063,0.004169,-3.266855,0.253619,0.000000,0.000000
0.484619,0.393115,0.127089,0.012178,-0.605794,0.000705,-3.266460,0.255960,0.000000,0.000000
0.375977,0.391401,-0.021423,0.012010,-0.607167,-0.000490,-3.266503,0.271454,0.000000,0.000000
0.460205,0.398282,0.086005,0.012380,-0.608248,-0.001411,-3.266488,0.278571,0.000000,0.000000
0.291138,0.387567,-0.133930,0.011648,-0.605379,0.001586,-3.266260,0.291128,0.000000,0.000000
0.411987,0.390065,0.030448,0.011688,-0.593620,0.013415,-3.264748,0.299107,0.000000,0.000000
0.170288,0.368087,-0.274721,0.010256,-0.597159,0.009924,-3.264088,0.307410,0.000000,0.000000
0.448608,0.376139,0.100651,0.010708,-0.596070,0.010991,-3.263180,0.298966,0.000000,0.000000
0.411987,0.379724,0.044810,0.010879,-0.596666,0.010384,-3.262269,0.310003,0.000000,0.000000
0.351562,0.388546,-0.051374,0.011317,-0.597044,0.010048,-3.260678,0.331442,0.000000,0.000000
0.339355,0.383627,-0.061488,0.010953,-0.602728,0.004454,-3.260281,0.333189,0.000000,0.000000
0.194702,0.364734,-0.235952,0.009719,-0.595159,0.012068,-3.259678,0.334186,0.000000,0.000000
0.278931,0.356154,-0.107234,0.009134,-0.600802,0.006498,-3.259299,0.325074,0.000000,0.000000
0.472412,0.376101,0.133766,0.010287,-0.605324,0.002121,-3.258664,0.331136,0.000000,0.000000
0.569458,0.395436,0.241697,0.011444,-0.606117,0.001445,-3.258500,0.340888,0.000000,0.000000
0.593262,0.415219,0.247282,0.012623,-0.611136,-0.003391,-3.258619,0.356300,0.000000,0.000000
0.484619,0.422159,0.086750,0.012994,-0.610938,-0.002980,-3.258818,0.372206,0.000000,0.000000
0.375977,0.420965,-0.062484,0.012789,-0.613675,-0.005200,-3.259645,0.384530,0.000000,0.000000
0.375977,0.416466,-0.056235,0.012444,-0.616918,-0.008177,-3.260167,0.383451,0.000000,0.000000
0.255127,0.400332,-0.201674,0.011373,-0.615776,-0.006803,-3.260514,0.382611,0.000000,0.000000
0.411987,0.401498,0.014569,0.011389,-0.607964,0.001155,-3.260415,0.374043,0.000000,0.000000
0.327759,0.387487,-0.082938,0.010402,-0.615491,-0.005990,-3.260810,0.372933,0.000000,0.000000
0.351562,0.383895,-0.044916,0.010125,-0.615192,-0.005500,-3.261071,0.369612,0.000000,0.000000
0.375977,0.383103,-0.009898,0.010025,-0.610752,-0.000873,-3.261307,0.368160,0.000000,0.000000
0.448608,0.389654,0.081882,0.010385,-0.615594,-0.005485,-3.261801,0.368217,0.000000,0.000000
0.509033,0.413379,0.132852,0.011760,-0.611876,-0.001337,-3.262546,0.382971,0.000000,0.000000
0.557251,0.427767,0.179840,0.012600,-0.611282,-0.000595,-3.262480,0.391599,0.000000,0.000000
0.436401,0.428630,0.010794,0.012591,-0.609474,0.001380,-3.262424,0.402906,0.000000,0.000000
0.399780,0.425745,-0.036062,0.012348,-0.612162,-0.001119,-3.262501,0.405110,0.000000,0.000000
0.351562,0.420384,-0.095586,0.011889,-0.615902,-0.004491,-3.262650,0.407593,0.000000,0.000000
0.484619,0.426808,0.080293,0.012231,-0.606455,0.005085,-3.262418,0.404007,0.000000,0.000000
0.484619,0.426808,0.080293,0.012231,-0.606455,0.005085,-3.262418,0.404007,0.000000,0.000000
0.545044,0.447076,0.136067,0.013373,-0.611463,0.000430,-3.262403,0.417050,0.000000,0.000000
0.388184,0.442368,-0.075256,0.012945,-0.621005,-0.008614,-3.263128,0.427411,0.000000,0.000000
0.484619,0.446593,0.052802,0.013144,-0.614137,-0.001487,-3.263563,0.424331,0.000000,0.000000
0.593262,0.461260,0.183377,0.013995,-0.621073,-0.008125,-3.264205,0.427812,0.000000,0.000000
0.545044,0.469638,0.104730,0.014449,-0.620957,-0.007724,-3.264749,0.438534,0.000000,0.000000
0.460205,0.461364,-0.001608,0.013790,-0.622552,-0.008668,-3.266174,0.440531,0.000000,0.000000
0.448608,0.460089,-0.015961,0.013641,-0.626382,-0.012123,-3.267214,0.440875,0.000000,0.000000
0.448608,0.458941,-0.014350,0.013501,-0.631647,-0.016991,-3.268387,0.440277,0.000000,0.000000
0.375977,0.450644,-0.103705,0.012915,-0.626696,-0.011759,-3.268951,0.440302,0.000000,0.000000
0.411987,0.448738,-0.051042,0.012667,-0.487964,0.125821,-3.260838,0.446125,0.000000,0.000000
0.327759,0.436640,-0.151223,0.011847,-0.367492,0.243638,-3.245137,0.458884,0.000000,0.000000
0.448608,0.437837,0.014961,0.011863,-0.215037,0.391658,-3.219471,0.474614,0.000000,0.000000
0.569458,0.450999,0.164527,0.012626,-0.095559,0.504805,-3.182826,0.507969,0.000000,0.000000
0.569458,0.478944,0.125714,0.014241,0.182323,0.764725,-3.079252,0.616331,0.000000,0.000000
0.702515,0.501301,0.279463,0.015567,0.300301,0.871275,-3.013316,0.676303,0.000000,0.000000
0.762939,0.527465,0.326909,0.017124,0.424287,0.982179,-2.937850,0.750363,0.000000,0.000000
0.678101,0.542529,0.188375,0.017980,0.496312,1.040115,-2.856411,0.829195,0.000000,0.000000
1.052856,0.620979,0.599830,0.022695,0.571409,1.085464,-2.683884,0.980466,0.000000,0.000000
1.052856,0.664167,0.539847,0.025280,0.524174,1.023780,-2.599409,1.066208,0.000000,0.000000
1.101074,0.707857,0.546134,0.027885,0.450105,0.936375,-2.521010,1.140301,0.000000,0.000000
1.234131,0.760485,0.657842,0.031034,0.368722,0.843192,-2.451108,1.204507,0.000000,0.000000
1.258545,0.839845,0.581528,0.035675,0.332497,0.784824,-2.319467,1.320174,0.000000,0.000000
1.294556,0.885316,0.568388,0.038338,0.189748,0.632796,-2.263132,1.369841,0.000000,0.000000
1.452026,0.941987,0.708388,0.041688,-0.010478,0.426156,-2.222690,1.403349,0.000000,0.000000
1.270142,0.974803,0.410193,0.043531,-0.225479,0.207679,-2.198708,1.429517,0.000000,0.000000
1.390991,1.061514,0.457607,0.048501,-0.401469,0.029970,-2.181083,1.438582,0.000000,0.000000
1.536255,1.108988,0.593425,0.051225,-0.465891,-0.033611,-2.181780,1.434657,0.000000,0.000000
1.754150,1.173504,0.806452,0.055001,-0.513326,-0.079369,-2.187073,1.436476,0.000000,0.000000
1.475830,1.203737,0.377572,0.056614,-0.546246,-0.110092,-2.195109,1.450355,0.000000,0.000000
1.512451,1.260195,0.350356,0.059571,-0.566959,-0.125742,-2.214730,1.436365,0.000000,0.000000
1.113281,1.245504,-0.183642,0.058355,-0.569126,-0.125346,-2.224605,1.432083,0.000000,0.000000
1.379395,1.258893,0.167364,0.058900,-0.571895,-0.125526,-2.234684,1.400775,0.000000,0.000000
1.415405,1.274544,0.195640,0.059583,-0.579465,-0.130470,-2.244955,1.389491,0.000000,0.000000
1.306763,1.281764,0.034720,0.059439,-0.545062,-0.091380,-2.262291,1.370390,0.000000,0.000000
1.367188,1.290307,0.106779,0.059676,-0.535838,-0.080080,-2.269413,1.359258,0.000000,0.000000
1.512451,1.312521,0.277680,0.060766,-0.545451,-0.087692,-2.276031,1.353458,0.000000,0.000000
1.318970,1.313166,0.008060,0.060502,-0.551556,-0.091659,-2.283353,1.357249,0.000000,0.000000
1.536255,1.353410,0.253950,0.062408,-0.550748,-0.086706,-2.297262,1.352512,0.000000,0.000000
1.452026,1.363272,0.123270,0.062712,-0.536204,-0.070256,-2.303226,1.359293,0.000000,0.000000
1.258545,1.352799,-0.116363,0.061817,-0.542421,-0.074510,-2.310166,1.358973,0.000000,0.000000
1.258545,1.343374,-0.117823,0.060919,-0.558913,-0.088994,-2.316627,1.345959,0.000000,0.000000
1.234131,1.332450,-0.136541,0.059931,-0.556018,-0.084022,-2.323608,1.333342,0.000000,0.000000
1.198120,1.312365,-0.158674,0.058080,-0.538541,-0.062945,-2.334713,1.311741,0.000000,0.000000
1.318970,1.313026,0.008255,0.057831,-0.544923,-0.067606,-2.339852,1.299100,0.000000,0.000000
1.282349,1.309958,-0.038345,0.057350,-0.557486,-0.078292,-2.345898,1.294659,0.000000,0.000000
1.161499,1.295112,-0.185582,0.056136,-0.564247,-0.083103,-2.352443,1.287559,0.000000,0.000000
1.234131,1.285723,-0.071655,0.054990,-0.617395,-0.131805,-2.368662,1.262521,0.000000,0.000000
1.403198,1.297470,0.146843,0.055449,-0.672418,-0.183829,-2.381163,1.248601,0.000000,0.000000
1.475830,1.315306,0.222950,0.056287,-0.747943,-0.255390,-2.399080,1.241924,0.000000,0.000000
1.379395,1.321715,0.080110,0.056406,-0.824547,-0.326909,-2.423283,1.234622,0.000000,0.000000
1.367188,1.339034,0.039102,0.056921,-1.020247,-0.508964,-2.491352,1.196085,0.000000,0.000000
1.342773,1.339408,0.004674,0.056660,-1.115993,-0.595963,-2.536365,1.164591,0.000000,0.000000
1.270142,1.332482,-0.086579,0.055944,-1.247815,-0.717531,-2.589835,1.125462,0.000000,0.000000
1.113281,1.310561,-0.274015,0.054294,-1.354367,-0.812328,-2.652022,1.075727,0.000000,0.000000
1.101074,1.274055,-0.240274,0.051476,-1.445845,-0.878243,-2.788970,0.955589,0.000000,0.000000
1.077271,1.254376,-0.245981,0.049989,-1.447037,-0.866418,-2.859093,0.898357,0.000000,0.000000
0.955811,1.224520,-0.373207,0.047873,-1.385093,-0.792230,-2.925233,0.847242,0.000000,0.000000
1.052856,1.207353,-0.214580,0.046561,-1.346910,-0.742628,-2.986736,0.795775,0.000000,0.000000
0.811157,1.144051,-0.462353,0.042148,-1.207135,-0.582969,-3.093396,0.723796,0.000000,0.000000
0.798950,1.109541,-0.431377,0.039781,-1.091466,-0.459618,-3.134315,0.690619,0.000000,0.000000
0.738525,1.072439,-0.463747,0.037263,-0.971229,-0.333499,-3.165184,0.668489,0.000000,0.000000
0.557251,1.020921,-0.644017,0.033856,-0.833847,-0.192152,-3.185348,0.654007,0.000000,0.000000
0.714111,0.955046,-0.334632,0.029414,-0.652465,-0.007474,-3.199617,0.633381,0.000000,0.000000
0.496826,0.909224,-0.572775,0.026403,-0.586903,0.058078,-3.197505,0.640922,0.000000,0.000000
0.569458,0.875248,-0.424708,0.024147,-0.548199,0.096093,-3.191604,0.636800,0.000000,0.000000
0.557251,0.843448,-0.397496,0.022039,-0.505376,0.137465,-3.181534,0.641877,0.000000,0.000000
0.399780,0.765688,-0.507957,0.016972,-0.445188,0.193561,-3.155022,0.649588,0.000000,0.000000
0.520630,0.741182,-0.306472,0.015355,-0.467993,0.168379,-3.139956,0.647018,0.000000,0.000000
0.375977,0.704662,-0.456484,0.012996,-0.271627,0.361232,-3.119555,0.658075,0.000000,0.000000
0.472412,0.681437,-0.290326,0.011479,-0.304912,0.323773,-3.094604,0.662795,0.000000,0.000000
0.509033,0.648680,-0.193954,0.009323,-0.320243,0.300336,-3.046442,0.684819,0.000000,0.000000
0.581055,0.641917,-0.084532,0.008853,-0.326702,0.289910,-3.023027,0.695285,0.000000,0.000000
0.484619,0.626188,-0.196623,0.007826,-0.327381,0.285297,-2.999862,0.709694,0.000000,0.000000
0.581055,0.621674,-0.056417,0.007505,-0.329291,0.279555,-2.977344,0.715954,0.000000,0.000000
0.496826,0.606632,-0.152509,0.006491,-0.332526,0.268870,-2.933633,0.739477,0.000000,0.000000
0.460205,0.591990,-0.183034,0.005543,-0.336314,0.261460,-2.912448,0.743268,0.000000,0.000000
0.581055,0.590896,-0.013668,0.005447,-0.337562,0.256648,-2.891653,0.743938,0.000000,0.000000
0.327759,0.564582,-0.328938,0.003775,-0.337677,0.253058,-2.871361,0.752293,0.000000,0.000000
0.641479,0.560736,0.112144,0.003501,-0.341089,0.242862,-2.832093,0.740246,0.000000,0.000000
0.496826,0.554345,-0.079789,0.003085,-0.347720,0.232971,-2.813175,0.751642,0.000000,0.000000
0.557251,0.554635,0.003637,0.003087,-0.348470,0.229018,-2.794676,0.752036,0.000000,0.000000
0.605469,0.559719,0.063542,0.003390,-0.349330,0.225018,-2.776497,0.756202,0.000000,0.000000
0.653687,0.567795,0.119294,0.003861,-0.351628,0.216663,-2.741380,0.764771,0.000000,0.000000
0.569458,0.567961,0.002079,0.003852,-0.356974,0.208409,-2.724466,0.773411,0.000000,0.000000
0.557251,0.566890,-0.013387,0.003766,-0.359362,0.203193,-2.708003,0.775310,0.000000,0.000000
0.629883,0.573189,0.078745,0.004141,-0.362645,0.197164,-2.692017,0.775794,0.000000,0.000000
0.605469,0.581520,0.033262,0.004618,-0.366341,0.188220,-2.661377,0.784963,0.000000,0.000000
0.617676,0.585135,0.045195,0.004821,-0.367809,0.184222,-2.646544,0.786965,0.000000,0.000000
0.484619,0.575084,-0.125645,0.004169,-0.371665,0.177905,-2.632131,0.789259,0.000000,0.000000
0.738525,0.591428,0.204302,0.005170,-0.373396,0.173765,-2.618029,0.782059,0.000000,0.000000
0.532837,0.586833,-0.074994,0.004830,-0.377505,0.165074,-2.591041,0.792249,0.000000,0.000000
0.509033,0.579053,-0.097249,0.004320,-0.381017,0.159360,-2.578070,0.787039,0.000000,0.000000
0.690308,0.590178,0.138911,0.004993,-0.383811,0.154434,-2.565534,0.780150,0.000000,0.000000
0.448608,0.576021,-0.177164,0.004082,-0.385703,0.150478,-2.553358,0.785699,0.000000,0.000000
0.665894,0.591998,0.102632,0.005038,-0.389106,0.143101,-2.529965,0.777006,0.000000,0.000000
0.605469,0.593345,0.016838,0.005097,-0.392753,0.137558,-2.518739,0.780200,0.000000,0.000000
0.750732,0.609084,0.196734,0.006055,-0.397611,0.130905,-2.508055,0.778552,0.000000,0.000000
0.605469,0.608723,-0.004519,0.006002,-0.392362,0.134407,-2.497605,0.786667,0.000000,0.000000
0.593262,0.604686,-0.015868,0.005691,-0.362985,0.159993,-2.475180,0.782018,0.000000,0.000000
0.678101,0.612028,0.091768,0.006121,-0.292831,0.227537,-2.460149,0.783622,0.000000,0.000000
0.895386,0.640364,0.354180,0.007861,-0.168641,0.347616,-2.436694,0.798960,0.000000,0.000000
0.653687,0.641696,0.016654,0.007905,-0.027522,0.482894,-2.403257,0.837577,0.000000,0.000000
0.726318,0.662114,0.089078,0.009098,0.235994,0.729293,-2.305129,0.912816,0.000000,0.000000
0.823364,0.678239,0.201777,0.010061,0.463643,0.944968,-2.236997,0.965456,0.000000,0.000000
0.932007,0.703616,0.317210,0.011597,0.633111,1.100028,-2.154542,1.034789,0.000000,0.000000
0.871582,0.720412,0.209748,0.012588,0.755699,1.206335,-2.061022,1.117363,0.000000,0.000000
1.016235,0.767939,0.344855,0.015428,0.867774,1.283052,-1.857563,1.276612,0.000000,0.000000
1.052856,0.796431,0.356146,0.017131,0.871195,1.268735,-1.755108,1.356980,0.000000,0.000000
1.294556,0.846244,0.622624,0.020159,0.798096,1.178817,-1.657545,1.429666,0.000000,0.000000
1.318970,0.893516,0.590937,0.023013,0.680176,1.045740,-1.568963,1.505213,0.000000,0.000000
1.452026,0.981121,0.654035,0.028247,0.411512,0.752853,-1.425893,1.607610,0.000000,0.000000
1.452026,1.028212,0.588631,0.031049,0.223561,0.556483,-1.374845,1.645814,0.000000,0.000000
1.427612,1.068152,0.499251,0.033390,0.046889,0.373919,-1.338057,1.667776,0.000000,0.000000
1.536255,1.114962,0.585128,0.036149,-0.141912,0.182005,-1.316899,1.671628,0.000000,0.000000
1.681519,1.219312,0.641954,0.042294,-0.246690,0.075586,-1.301136,1.675686,0.000000,0.000000
1.488037,1.246184,0.335835,0.043761,-0.271622,0.050382,-1.296117,1.680875,0.000000,0.000000
1.633301,1.284896,0.483975,0.045963,-0.315700,0.006664,-1.294538,1.669271,0.000000,0.000000
1.500244,1.306431,0.269198,0.047079,-0.324542,-0.001569,-1.294312,1.667041,0.000000,0.000000
1.608887,1.364996,0.338738,0.050260,-0.360027,-0.034726,-1.299797,1.648250,0.000000,0.000000
1.536255,1.382122,0.214073,0.051079,-0.342805,-0.016496,-1.301569,1.643885,0.000000,0.000000
1.608887,1.404798,0.283456,0.052241,-0.364409,-0.036975,-1.303827,1.634403,0.000000,0.000000
1.596680,1.423987,0.239852,0.053179,-0.393042,-0.064187,-1.307643,1.629003,0.000000,0.000000
1.621094,1.453801,0.232351,0.054508,-0.538260,-0.204153,-1.328546,1.601094,0.000000,0.000000
1.427612,1.451182,-0.032736,0.054072,-0.653167,-0.314386,-1.350369,1.581515,0.000000,0.000000
1.475830,1.453647,0.030808,0.053956,-0.754504,-0.409685,-1.380135,1.542530,0.000000,0.000000
1.379395,1.446222,-0.092821,0.053222,-0.857031,-0.504855,-1.417385,1.502301,0.000000,0.000000
1.173706,1.406419,-0.323212,0.050207,-0.988057,-0.618261,-1.508962,1.396377,0.000000,0.000000
1.270142,1.392791,-0.170347,0.049105,-1.018621,-0.639368,-1.558808,1.333526,0.000000,0.000000
1.427612,1.396273,0.043517,0.049077,-1.041334,-0.652281,-1.610748,1.279501,0.000000,0.000000
1.354980,1.392144,-0.051627,0.048573,-1.017009,-0.618374,-1.661602,1.240906,0.000000,0.000000
1.185913,1.349664,-0.227421,0.045441,-0.959852,-0.543205,-1.757003,1.153839,0.000000,0.000000
1.088867,1.323585,-0.326013,0.043584,-0.906415,-0.482078,-1.797452,1.117327,0.000000,0.000000
1.234131,1.314639,-0.111811,0.042807,-0.897441,-0.465914,-1.834991,1.079464,0.000000,0.000000
1.221924,1.305368,-0.115900,0.042014,-0.830608,-0.392532,-1.869204,1.057259,0.000000,0.000000
0.895386,1.237304,-0.474887,0.037350,-0.592514,-0.145673,-1.913605,1.023486,0.000000,0.000000
0.786743,1.192248,-0.563201,0.034347,-0.475075,-0.026732,-1.919644,1.009056,0.000000,0.000000
0.992432,1.172266,-0.249770,0.032927,-0.430949,0.017835,-1.919569,0.994042,0.000000,0.000000
0.932007,1.148240,-0.300324,0.031260,-0.409253,0.039458,-1.916606,0.996774,0.000000,0.000000
1.004639,1.107882,-0.143394,0.028435,-0.368725,0.079037,-1.906517,0.992721,0.000000,0.000000
0.847168,1.081811,-0.325893,0.026663,-0.340914,0.105971,-1.899364,1.000392,0.000000,0.000000
1.016235,1.075253,-0.081966,0.026120,-0.298421,0.147043,-1.889271,0.999663,0.000000,0.000000
1.004639,1.068192,-0.088222,0.025549,-0.277153,0.166383,-1.876253,1.013257,0.000000,0.000000
1.101074,1.067902,0.046071,0.025277,-0.126094,0.311854,-1.840925,1.046668,0.000000,0.000000
1.065063,1.067619,-0.003548,0.025133,0.049414,0.481930,-1.808589,1.081393,0.000000,0.000000
1.113281,1.072185,0.057079,0.025292,0.211761,0.636339,-1.761783,1.125138,0.000000,0.000000
0.980225,1.062989,-0.114951,0.024591,0.300436,0.715760,-1.707268,1.176546,0.000000,0.000000
1.113281,1.076884,0.050552,0.025211,0.425696,0.819806,-1.582685,1.278458,0.000000,0.000000
1.173706,1.086566,0.121027,0.025690,0.445671,0.828503,-1.516376,1.330708,0.000000,0.000000
1.221924,1.100102,0.169188,0.026408,0.453855,0.825429,-1.450094,1.383482,0.000000,0.000000
1.221924,1.112284,0.152286,0.027037,0.411944,0.772741,-1.386309,1.433535,0.000000,0.000000
1.512451,1.177384,0.465371,0.030828,0.303268,0.644898,-1.272025,1.522678,0.000000,0.000000
1.439819,1.203628,0.328047,0.032314,0.211076,0.544936,-1.224854,1.567088,0.000000,0.000000
1.500244,1.233290,0.370766,0.034006,0.084474,0.412224,-1.186896,1.594712,0.000000,0.000000
1.524048,1.262365,0.363448,0.035653,-0.074647,0.249206,-1.161281,1.612736,0.000000,0.000000
1.560669,1.315747,0.340204,0.038445,-0.288738,0.033316,-1.142516,1.618013,0.000000,0.000000
1.390991,1.323272,0.094055,0.038723,-0.303219,0.018995,-1.140272,1.616256,0.000000,0.000000
1.439819,1.334926,0.145568,0.039257,-0.322643,0.000089,-1.140051,1.601159,0.000000,0.000000
1.608887,1.362322,0.342725,0.040774,-0.323351,-0.000112,-1.139825,1.590414,0.000000,0.000000
1.644897,1.398653,0.342006,0.042636,-0.340418,-0.016117,-1.139266,1.582676,0.000000,0.000000
1.512451,1.410033,0.142248,0.043134,-0.378755,-0.053284,-1.142359,1.583925,0.000000,0.000000
1.427612,1.411791,0.021975,0.043028,-0.441378,-0.114100,-1.149022,1.572667,0.000000,0.000000
1.644897,1.435102,0.291383,0.044270,-0.531677,-0.201429,-1.162198,1.550162,0.000000,0.000000
1.536255,1.463055,0.101666,0.045569,-0.631879,-0.293143,-1.203087,1.523857,0.000000,0.000000
1.548462,1.471596,0.106759,0.045875,-0.708498,-0.364319,-1.230218,1.498701,0.000000,0.000000
1.572876,1.481724,0.126600,0.046279,-0.770219,-0.419765,-1.262113,1.471530,0.000000,0.000000
1.379395,1.471491,-0.127912,0.045408,-0.831087,-0.473656,-1.297987,1.444052,0.000000,0.000000
1.512451,1.487952,0.034019,0.045979,-0.880473,-0.507917,-1.376880,1.378141,0.000000,0.000000
1.524048,1.491562,0.045129,0.045975,-0.918972,-0.538291,-1.419404,1.346551,0.000000,0.000000
1.390991,1.481505,-0.125714,0.045116,-0.945958,-0.556947,-1.463150,1.316727,0.000000,0.000000
1.403198,1.473674,-0.097883,0.044401,-0.959711,-0.562108,-1.508533,1.278336,0.000000,0.000000
1.463623,1.464184,-0.000779,0.043368,-0.916416,-0.502816,-1.592920,1.215187,0.000000,0.000000
1.330566,1.450822,-0.167023,0.042316,-0.859088,-0.438360,-1.630332,1.196283,0.000000,0.000000
1.379395,1.443679,-0.089285,0.041658,-0.761668,-0.335104,-1.660625,1.176454,0.000000,0.000000
1.173706,1.416682,-0.337467,0.039763,-0.648527,-0.217697,-1.682063,1.169774,0.000000,0.000000
1.221924,1.382974,-0.223680,0.037264,-0.481473,-0.046317,-1.701126,1.158734,0.000000,0.000000
1.101074,1.354784,-0.352375,0.035316,-0.429282,0.006480,-1.701786,1.162414,0.000000,0.000000
1.137695,1.333075,-0.271361,0.033783,-0.386666,0.049039,-1.698819,1.161103,0.000000,0.000000
1.282349,1.328002,-0.063407,0.033297,-0.346217,0.088937,-1.693113,1.164993,0.000000,0.000000
1.125488,1.298204,-0.239883,0.031106,-0.333008,0.100508,-1.678555,1.189788,0.000000,0.000000
1.101074,1.278491,-0.246356,0.029718,-0.334235,0.098312,-1.670510,1.193118,0.000000,0.000000
1.294556,1.280097,0.020085,0.029670,-0.335344,0.096216,-1.662509,1.194521,0.000000,0.000000
1.379395,1.290027,0.124121,0.030142,-0.331209,0.099389,-1.654669,1.208823,0.000000,0.000000
1.161499,1.272144,-0.153673,0.028726,-0.205355,0.221976,-1.631680,1.242826,0.000000,0.000000
1.452026,1.290132,0.224854,0.029706,-0.077179,0.346283,-1.607805,1.260206,0.000000,0.000000
1.209717,1.282091,-0.100519,0.029055,0.036590,0.454629,-1.574890,1.304787,0.000000,0.000000
1.221924,1.276074,-0.075208,0.028534,0.147613,0.558679,-1.533197,1.338278,0.000000,0.000000
1.524048,1.304732,0.304605,0.030039,0.262061,0.656558,-1.434431,1.421095,0.000000,0.000000
1.500244,1.324283,0.244389,0.031111,0.313244,0.698457,-1.379230,1.480939,0.000000,0.000000
1.548462,1.346701,0.280224,0.032356,0.332312,0.708062,-1.322855,1.536218,0.000000,0.000000
1.439819,1.356013,0.116397,0.032777,0.342333,0.708610,-1.266230,1.591249,0.000000,0.000000
1.560669,1.392700,0.233290,0.034737,0.329871,0.677311,-1.153266,1.682306,0.000000,0.000000
1.536255,1.407056,0.179443,0.035460,0.291599,0.630457,-1.101364,1.723701,0.000000,0.000000
1.681519,1.434502,0.342945,0.036998,0.268801,0.599561,-1.052214,1.757998,0.000000,0.000000
1.754150,1.466467,0.399716,0.038812,0.227317,0.550753,-1.007312,1.795765,0.000000,0.000000
1.693726,1.515084,0.248113,0.041454,0.023621,0.335465,-0.934027,1.857625,0.000000,0.000000
1.814575,1.545033,0.374363,0.043119,-0.099399,0.209401,-0.912871,1.866684,0.000000,0.000000
1.935425,1.584072,0.487989,0.045343,-0.208001,0.099414,-0.901111,1.874352,0.000000,0.000000
1.911011,1.616766,0.408673,0.047160,-0.316231,-0.008570,-0.898483,1.880972,0.000000,0.000000
1.741943,1.650328,0.127244,0.048779,-0.380063,-0.069437,-0.907532,1.872333,0.000000,0.000000
1.802368,1.665532,0.190051,0.049486,-0.388500,-0.076209,-0.913070,1.858167,0.000000,0.000000
1.754150,1.674394,0.110774,0.049792,-0.384997,-0.070974,-0.919024,1.848680,0.000000,0.000000
1.644897,1.671444,-0.036870,0.049359,-0.378900,-0.063281,-0.924171,1.837334,0.000000,0.000000
1.862793,1.714337,0.206189,0.051539,-0.426172,-0.106876,-0.936952,1.819898,0.000000,0.000000
1.802368,1.723140,0.110039,0.051832,-0.482594,-0.160624,-0.947888,1.812322,0.000000,0.000000
1.850586,1.735885,0.159307,0.052369,-0.570762,-0.245088,-0.964534,1.795675,0.000000,0.000000
1.862793,1.748576,0.158474,0.052899,-0.638969,-0.308548,-0.987236,1.777650,0.000000,0.000000
1.814575,1.775233,0.054641,0.054032,-0.743704,-0.401475,-1.045738,1.741980,0.000000,0.000000
1.777954,1.775505,0.003402,0.053779,-0.819201,-0.469981,-1.080987,1.713140,0.000000,0.000000
1.754150,1.773370,-0.026694,0.053377,-0.870060,-0.513086,-1.120766,1.679451,0.000000,0.000000
1.548462,1.750879,-0.281134,0.051704,-0.910887,-0.545666,-1.163398,1.643707,0.000000,0.000000
1.512451,1.722936,-0.292340,0.049444,-0.924234,-0.541798,-1.253389,1.558693,0.000000,0.000000
1.596680,1.710310,-0.157820,0.048407,-0.880553,-0.490350,-1.293957,1.516743,0.000000,0.000000
1.633301,1.702610,-0.096262,0.047684,-0.889262,-0.491526,-1.333079,1.484730,0.000000,0.000000
1.475830,1.679932,-0.283474,0.046028,-0.920069,-0.514474,-1.374012,1.455639,0.000000,0.000000
1.475830,1.654226,-0.247784,0.043964,-0.921347,-0.499562,-1.459055,1.389560,0.000000,0.000000
1.500244,1.638828,-0.192477,0.042782,-0.894647,-0.465533,-1.497461,1.358674,0.000000,0.000000
1.584473,1.633392,-0.067945,0.042228,-0.911223,-0.474953,-1.534760,1.332581,0.000000,0.000000
1.669312,1.636984,0.044899,0.042242,-0.913983,-0.470344,-1.573423,1.312693,0.000000,0.000000
1.354980,1.587743,-0.323630,0.038750,-0.818732,-0.362199,-1.640732,1.279375,0.000000,0.000000
1.354980,1.564467,-0.290953,0.037101,-0.656748,-0.195890,-1.662950,1.263324,0.000000,0.000000
1.209717,1.528992,-0.443438,0.034699,-0.416259,0.045893,-1.668280,1.264561,0.000000,0.000000
1.161499,1.492243,-0.459366,0.032228,-0.211734,0.248398,-1.654717,1.273899,0.000000,0.000000
1.101074,1.427698,-0.453645,0.027882,0.080971,0.530222,-1.588709,1.323921,0.000000,0.000000
1.306763,1.415605,-0.151169,0.026986,0.163976,0.605420,-1.542252,1.353278,0.000000,0.000000
1.415405,1.415585,-0.000249,0.026850,0.232726,0.665542,-1.491114,1.399092,0.000000,0.000000
1.439819,1.418008,0.030293,0.026867,0.309004,0.732358,-1.435258,1.453696,0.000000,0.000000
1.584473,1.442056,0.197801,0.028100,0.360021,0.763274,-1.316336,1.565993,0.000000,0.000000
1.524048,1.450255,0.102490,0.028472,0.407810,0.800318,-1.252965,1.627919,0.000000,0.000000
1.644897,1.469719,0.243264,0.029546,0.402397,0.784099,-1.188959,1.682113,0.000000,0.000000
1.548462,1.477594,0.098444,0.029890,0.337842,0.709606,-1.129635,1.736334,0.000000,0.000000
1.838379,1.524390,0.435704,0.032511,0.335996,0.689397,-1.019990,1.816347,0.000000,0.000000
1.657104,1.537661,0.166043,0.033179,0.262911,0.607686,-0.967907,1.867655,0.000000,0.000000
1.935425,1.577438,0.497204,0.035499,0.077433,0.415641,-0.927130,1.892296,0.000000,0.000000
1.705322,1.590226,0.159855,0.036121,-0.150382,0.184590,-0.904978,1.916332,0.000000,0.000000
1.875000,1.648673,0.314343,0.039403,-0.732905,-0.392693,-0.926738,1.882304,0.000000,0.000000
1.983643,1.682170,0.418712,0.041299,-0.937530,-0.589444,-0.967702,1.842512,0.000000,0.000000
1.790161,1.692969,0.134990,0.041768,-1.107032,-0.748596,-1.022826,1.799271,0.000000,0.000000
1.802368,1.703909,0.136749,0.042243,-1.232533,-0.862087,-1.087541,1.736655,0.000000,0.000000
1.741943,1.716574,0.035235,0.042610,-1.392740,-0.994273,-1.240055,1.604095,0.000000,0.000000
1.790161,1.723933,0.091985,0.042857,-1.415856,-1.002751,-1.320145,1.536802,0.000000,0.000000
1.633301,1.714869,-0.113170,0.042077,-1.410976,-0.983262,-1.400173,1.477421,0.000000,0.000000
1.536255,1.697008,-0.223425,0.040749,-1.384529,-0.942745,-1.477162,1.414338,0.000000,0.000000
1.354980,1.639658,-0.395386,0.036766,-1.102830,-0.637590,-1.605763,1.305418,0.000000,0.000000
1.221924,1.597885,-0.522168,0.033971,-0.795835,-0.323595,-1.643932,1.272397,0.000000,0.000000
1.330566,1.571153,-0.334148,0.032131,-0.472101,0.002268,-1.654558,1.258935,0.000000,0.000000
1.258545,1.539892,-0.390761,0.030016,-0.107579,0.363865,-1.636675,1.281069,0.000000,0.000000
1.452026,1.511222,-0.082217,0.027932,0.413978,0.867415,-1.531287,1.380499,0.000000,0.000000
1.439819,1.504082,-0.089253,0.027346,0.567644,1.008151,-1.455767,1.457703,0.000000,0.000000
1.584473,1.512121,0.100487,0.027712,0.653834,1.079980,-1.371927,1.536767,0.000000,0.000000
1.560669,1.516976,0.060685,0.027876,0.723340,1.134140,-1.282351,1.625762,0.000000,0.000000
1.777954,1.555685,0.308706,0.030013,0.766626,1.145173,-1.093887,1.798015,0.000000,0.000000
1.838379,1.583955,0.353368,0.031630,0.706204,1.069636,-1.005077,1.881627,0.000000,0.000000
1.947632,1.620322,0.454597,0.033745,0.590138,0.940131,-0.925426,1.954874,0.000000,0.000000
1.898804,1.648171,0.348102,0.035317,0.364198,0.703443,-0.860531,2.016393,0.000000,0.000000
1.983643,1.715151,0.372988,0.039139,-0.294903,0.036371,-0.806631,2.057817,0.000000,0.000000
1.935425,1.737179,0.275342,0.040320,-0.570339,-0.236616,-0.816468,2.043247,0.000000,0.000000
1.850586,1.748519,0.141759,0.040827,-0.778038,-0.438551,-0.845361,2.008184,0.000000,0.000000
2.128906,1.786558,0.475484,0.043000,-0.932947,-0.585451,-0.887222,1.957346,0.000000,0.000000
1.850586,1.823772,0.037241,0.044887,-1.034133,-0.666986,-0.991933,1.882976,0.000000,0.000000
1.935425,1.834937,0.139566,0.045360,-1.061899,-0.684706,-1.045522,1.829468,0.000000,0.000000
1.765747,1.828018,-0.086488,0.044701,-1.069890,-0.682484,-1.100185,1.784349,0.000000,0.000000
1.838379,1.829054,0.012951,0.044542,-1.104753,-0.706992,-1.155586,1.730046,0.000000,0.000000
1.548462,1.793155,-0.339852,0.041857,-1.125780,-0.706638,-1.270539,1.631449,0.000000,0.000000
1.512451,1.765085,-0.350881,0.039893,-1.115607,-0.686251,-1.325555,1.573159,0.000000,0.000000
1.644897,1.753066,-0.150234,0.038943,-1.066720,-0.627567,-1.378436,1.518448,0.000000,0.000000
1.463623,1.724122,-0.361803,0.036939,-0.923672,-0.476277,-1.422902,1.484552,0.000000,0.000000
1.548462,1.676574,-0.177871,0.033609,-0.428983,0.025109,-1.457203,1.446036,0.000000,0.000000
1.354980,1.644415,-0.402132,0.031431,-0.122968,0.328501,-1.440683,1.468933,0.000000,0.000000
1.475830,1.627556,-0.187316,0.030337,0.190860,0.635176,-1.394030,1.505851,0.000000,0.000000
1.342773,1.599078,-0.355627,0.028407,0.365261,0.799705,-1.335851,1.559573,0.000000,0.000000
1.524048,1.591575,-0.093885,0.027796,0.520258,0.942639,-1.265351,1.612386,0.000000,0.000000
1.644897,1.578855,0.091726,0.026730,0.712090,1.105583,-1.096857,1.747821,0.000000,0.000000
1.741943,1.595164,0.203861,0.027615,0.720893,1.099236,-1.008301,1.825586,0.000000,0.000000
1.681519,1.603799,0.107944,0.028017,0.700379,1.063975,-0.921889,1.902602,0.000000,0.000000
1.717529,1.615172,0.142163,0.028588,0.634098,0.983861,-0.840433,1.965513,0.000000,0.000000
1.923218,1.674799,0.345026,0.032019,0.375627,0.702862,-0.706129,2.071431,0.000000,0.000000
1.838379,1.691157,0.204464,0.032881,0.187767,0.507367,-0.659209,2.106184,0.000000,0.000000
1.802368,1.702278,0.139020,0.033412,-0.024585,0.290208,-0.628323,2.117455,0.000000,0.000000
1.862793,1.718330,0.200643,0.034248,-0.128170,0.183989,-0.610252,2.113302,0.000000,0.000000
2.080078,1.770747,0.429508,0.037176,-0.158806,0.149610,-0.583225,2.107810,0.000000,0.000000
1.838379,1.777510,0.084562,0.037413,-0.201599,0.105687,-0.573637,2.115087,0.000000,0.000000
1.741943,1.773954,-0.044459,0.037004,-0.213932,0.092526,-0.565853,2.103733,0.000000,0.000000
2.068481,1.803406,0.368146,0.038660,-0.214957,0.090759,-0.558654,2.086044,0.000000,0.000000
2.128906,1.855419,0.379844,0.041518,-0.270777,0.034105,-0.547424,2.090691,0.000000,0.000000
1.923218,1.862199,0.084745,0.041734,-0.331502,-0.026039,-0.547177,2.093494,0.000000,0.000000
1.875000,1.863479,0.016003,0.041606,-0.437962,-0.130641,-0.554034,2.075317,0.000000,0.000000
2.031860,1.880317,0.210267,0.042449,-0.533655,-0.223156,-0.568491,2.047829,0.000000,0.000000
1.959229,1.904044,0.076644,0.043504,-0.699566,-0.378742,-0.619951,1.999541,0.000000,0.000000
1.935425,1.907182,0.039226,0.043483,-0.718460,-0.391654,-0.650612,1.967455,0.000000,0.000000
1.995850,1.916049,0.110833,0.043819,-0.739843,-0.406831,-0.682438,1.934806,0.000000,0.000000
1.995850,1.924029,0.099751,0.044099,-0.733380,-0.394117,-0.714665,1.908117,0.000000,0.000000
1.633301,1.884007,-0.348203,0.041162,-0.535693,-0.186955,-0.762517,1.862617,0.000000,0.000000
1.790161,1.874622,-0.117260,0.040370,-0.380590,-0.029954,-0.770631,1.839342,0.000000,0.000000
1.717529,1.858913,-0.196445,0.039185,-0.189572,0.160371,-0.764167,1.842269,0.000000,0.000000
1.717529,1.844775,-0.176729,0.038106,-0.004920,0.341665,-0.742563,1.854550,0.000000,0.000000
1.850586,1.846977,0.005011,0.037863,0.226653,0.560676,-0.665668,1.917897,0.000000,0.000000
1.741943,1.836474,-0.131293,0.037017,0.273068,0.599368,-0.618673,1.958316,0.000000,0.000000
1.935425,1.846369,0.123689,0.037450,0.321803,0.639867,-0.568875,1.991299,0.000000,0.000000
1.923218,1.854054,0.096060,0.037743,0.353056,0.662295,-0.515652,2.038452,0.000000,0.000000
1.995850,1.883137,0.156544,0.039180,0.136687,0.431762,-0.427888,2.110650,0.000000,0.000000
2.031860,1.898010,0.185895,0.039913,-0.012023,0.278829,-0.400080,2.129397,0.000000,0.000000
2.031860,1.911395,0.167322,0.040550,-0.179271,0.109719,-0.385622,2.136537,0.000000,0.000000
2.140503,1.934306,0.286385,0.041779,-0.370900,-0.081093,-0.386306,2.128691,0.000000,0.000000
2.019653,1.954916,0.089912,0.042647,-0.568130,-0.271211,-0.419395,2.094448,0.000000,0.000000
2.092285,1.968653,0.171711,0.043292,-0.595095,-0.293621,-0.441890,2.067825,0.000000,0.000000
2.128906,1.984678,0.200236,0.044077,-0.620423,-0.313998,-0.466548,2.045872,0.000000,0.000000
1.935425,1.979753,-0.061592,0.043548,-0.670356,-0.358492,-0.493881,2.025333,0.000000,0.000000
1.741943,1.951982,-0.291722,0.041380,-0.634506,-0.311710,-0.549494,1.962177,0.000000,0.000000
1.898804,1.946665,-0.066469,0.040840,-0.522378,-0.195605,-0.569287,1.928319,0.000000,0.000000
1.887207,1.940719,-0.074326,0.040265,-0.326262,0.002130,-0.576023,1.919956,0.000000,0.000000
1.669312,1.913578,-0.339259,0.038367,-0.137397,0.189877,-0.567155,1.926302,0.000000,0.000000
1.790161,1.881450,-0.126790,0.035983,0.149306,0.467512,-0.510482,1.947097,0.000000,0.000000
1.802368,1.873541,-0.098851,0.035309,0.215337,0.526852,-0.469659,1.975530,0.000000,0.000000
1.826782,1.868865,-0.058450,0.034840,0.268344,0.572487,-0.424976,2.006553,0.000000,0.000000
1.875000,1.869479,0.007668,0.034704,0.277030,0.573583,-0.378945,2.038402,0.000000,0.000000
2.056274,1.902773,0.213197,0.036434,0.162245,0.445158,-0.295022,2.104987,0.000000,0.000000
2.044067,1.916902,0.176610,0.037135,0.025434,0.303838,-0.265866,2.129524,0.000000,0.000000
2.019653,1.927177,0.128445,0.037591,-0.122689,0.153274,-0.248428,2.140347,0.000000,0.000000
1.983643,1.932824,0.070506,0.037756,-0.318445,-0.042403,-0.245139,2.135211,0.000000,0.000000
2.104492,1.942589,0.224864,0.037992,-0.570739,-0.287970,-0.276579,2.076801,0.000000,0.000000
1.947632,1.943094,0.006303,0.037833,-0.618065,-0.330341,-0.301635,2.054680,0.000000,0.000000
2.056274,1.954412,0.141476,0.038351,-0.650538,-0.357331,-0.329706,2.020525,0.000000,0.000000
1.911011,1.950072,-0.054251,0.037888,-0.708218,-0.409037,-0.360533,1.993425,0.000000,0.000000
1.923218,1.940630,-0.024183,0.036923,-0.699115,-0.387591,-0.424954,1.920618,0.000000,0.000000
1.995850,1.946152,0.069022,0.037083,-0.593025,-0.276501,-0.450959,1.895954,0.000000,0.000000
1.898804,1.941417,-0.059187,0.036602,-0.462905,-0.143099,-0.467218,1.887239,0.000000,0.000000
1.862793,1.933555,-0.098281,0.035927,-0.304712,0.016308,-0.471801,1.883709,0.000000,0.000000
1.826782,1.926287,-0.138078,0.035114,0.066048,0.381664,-0.436594,1.921517,0.000000,0.000000
1.947632,1.928421,0.026706,0.035072,0.197188,0.506761,-0.399844,1.950310,0.000000,0.000000
1.971436,1.932723,0.053768,0.035166,0.245217,0.547807,-0.357367,1.990804,0.000000,0.000000
2.008057,1.940256,0.094168,0.035461,0.254878,0.550213,-0.313211,2.031754,0.000000,0.000000
1.983643,1.939820,0.060922,0.035082,0.204583,0.486304,-0.229717,2.097518,0.000000,0.000000
1.850586,1.930897,-0.111537,0.034349,0.131034,0.407144,-0.194601,2.123359,0.000000,0.000000
2.104492,1.948256,0.217005,0.035262,0.025007,0.296707,-0.166208,2.131947,0.000000,0.000000
1.947632,1.948194,-0.000781,0.035082,-0.104658,0.164567,-0.148766,2.146720,0.000000,0.000000
1.959229,1.956827,0.003335,0.035269,-0.250514,0.018015,-0.138608,2.135479,0.000000,0.000000
2.068481,1.967993,0.139567,0.035790,-0.254732,0.014067,-0.137320,2.124737,0.000000,0.000000
1.995850,1.970778,0.034821,0.035786,-0.242226,0.026749,-0.135510,2.122653,0.000000,0.000000
2.128906,1.986591,0.197659,0.036595,-0.249144,0.020032,-0.133764,2.115708,0.000000,0.000000
1.875000,1.982802,-0.149725,0.035991,-0.316227,-0.045972,-0.133755,2.113214,0.000000,0.000000
2.080078,1.992530,0.121589,0.036419,-0.395565,-0.123506,-0.140883,2.090175,0.000000,0.000000
2.152710,2.008548,0.200180,0.037237,-0.463949,-0.189058,-0.153852,2.077045,0.000000,0.000000
1.971436,2.004837,-0.046403,0.036819,-0.483444,-0.205162,-0.170165,2.066568,0.000000,0.000000
2.140503,2.026274,0.158524,0.037788,-0.301830,-0.019159,-0.189970,2.044330,0.000000,0.000000
2.128906,2.036537,0.128394,0.038241,-0.111940,0.169899,-0.182956,2.057664,0.000000,0.000000
1.923218,2.025205,-0.141647,0.037342,0.016022,0.294809,-0.162973,2.081682,0.000000,0.000000
1.995850,2.022269,-0.036696,0.036972,0.060349,0.335010,-0.136580,2.096189,0.000000,0.000000
1.995850,2.011811,-0.022170,0.035952,-0.143300,0.125647,-0.097329,2.114806,0.000000,0.000000
2.031860,2.013816,0.025060,0.035898,-0.269818,-0.001015,-0.093143,2.110677,0.000000,0.000000
2.092285,2.021663,0.098090,0.036209,-0.399615,-0.129098,-0.099551,2.099137,0.000000,0.000000
1.959229,2.015420,-0.078043,0.035637,-0.472325,-0.198835,-0.113373,2.085415,0.000000,0.000000
1.947632,1.988368,-0.056578,0.033598,-0.413140,-0.133440,-0.143443,2.029711,0.000000,0.000000
1.947632,1.984294,-0.050920,0.033175,-0.295895,-0.014843,-0.148899,2.018964,0.000000,0.000000
1.911011,1.976966,-0.091603,0.032552,-0.168679,0.111951,-0.144326,2.018552,0.000000,0.000000
1.995850,1.978854,0.023603,0.032507,-0.071636,0.207036,-0.130921,2.024119,0.000000,0.000000
2.128906,2.005167,0.171861,0.033823,-0.050788,0.221484,-0.089242,2.066327,0.000000,0.000000
2.104492,2.015099,0.124150,0.034275,-0.186329,0.084489,-0.077750,2.081520,0.000000,0.000000
1.995850,2.013174,-0.024064,0.033983,-0.322070,-0.050748,-0.077378,2.083379,0.000000,0.000000
2.237549,2.035612,0.280467,0.035216,-0.412260,-0.138917,-0.085869,2.069271,0.000000,0.000000
1.911011,2.023913,-0.156808,0.034133,-0.470265,-0.190872,-0.114555,2.051596,0.000000,0.000000
1.971436,2.018665,-0.065598,0.033634,-0.417610,-0.135434,-0.127919,2.029284,0.000000,0.000000
1.995850,2.016383,-0.028518,0.033323,-0.306318,-0.022775,-0.133443,2.020114,0.000000,0.000000
2.092285,2.023973,0.094876,0.033631,-0.183489,0.099754,-0.129529,2.022264,0.000000,0.000000
2.019653,2.025350,-0.007913,0.033381,-0.054445,0.224240,-0.098639,2.056937,0.000000,0.000000
2.019653,2.024780,-0.007119,0.033179,-0.100566,0.175850,-0.082852,2.069495,0.000000,0.000000
2.068481,2.029150,0.054630,0.033286,-0.189340,0.085807,-0.072597,2.075881,0.000000,0.000000
1.959229,2.022158,-0.087401,0.032682,-0.274899,0.000319,-0.070018,2.077812,0.000000,0.000000
1.923218,2.010995,-0.121917,0.031659,-0.325508,-0.048414,-0.075318,2.060599,0.000000,0.000000
2.177124,2.027608,0.207673,0.032539,-0.325833,-0.047621,-0.079171,2.047578,0.000000,0.000000
2.031860,2.028033,0.005317,0.032403,-0.327438,-0.048106,-0.082950,2.052761,0.000000,0.000000
2.092285,2.034458,0.080314,0.032643,-0.331921,-0.051394,-0.087160,2.047312,0.000000,0.000000
1.887207,2.005382,-0.164130,0.030505,-0.336521,-0.053673,-0.095267,2.030946,0.000000,0.000000
1.947632,1.999607,-0.072184,0.029991,-0.341075,-0.057026,-0.099664,2.016971,0.000000,0.000000
2.031860,2.002832,0.040319,0.030043,-0.341007,-0.055712,-0.104349,2.007776,0.000000,0.000000
2.128906,2.015440,0.157592,0.030681,-0.349645,-0.063099,-0.109069,2.004893,0.000000,0.000000
2.044067,2.013243,0.042811,0.030239,-0.561167,-0.269470,-0.132785,1.987334,0.000000,0.000000
2.152710,2.027190,0.174335,0.030960,-0.738772,-0.441328,-0.162514,1.962661,0.000000,0.000000
1.983643,2.022835,-0.054434,0.030533,-0.911031,-0.605441,-0.205889,1.933989,0.000000,0.000000
1.935425,2.014094,-0.109264,0.029834,-1.057021,-0.741308,-0.260673,1.884867,0.000000,0.000000
1.947632,1.992732,-0.062623,0.028206,-1.198145,-0.858272,-0.393386,1.762822,0.000000,0.000000
1.826782,1.976137,-0.207484,0.027028,-1.163503,-0.811688,-0.459452,1.712163,0.000000,0.000000
1.741943,1.952718,-0.292757,0.025429,-1.198756,-0.834845,-0.526166,1.656086,0.000000,0.000000
1.560669,1.913513,-0.490062,0.022851,-1.175468,-0.799746,-0.591639,1.599271,0.000000,0.000000
1.536255,1.861444,-0.451653,0.019484,-1.059443,-0.662798,-0.715559,1.493381,0.000000,0.000000
1.306763,1.805976,-0.693353,0.015920,-1.019274,-0.613442,-0.766615,1.447450,0.000000,0.000000
1.367188,1.762097,-0.548486,0.013098,-0.978213,-0.563989,-0.813343,1.393184,0.000000,0.000000
1.452026,1.731090,-0.387588,0.011095,-0.903166,-0.481542,-0.854847,1.351732,0.000000,0.000000
1.415405,1.668913,-0.352094,0.007109,-0.741087,-0.308152,-0.918460,1.302239,0.000000,0.000000
1.282349,1.630256,-0.483206,0.004657,-0.613472,-0.177140,-0.937799,1.291481,0.000000,0.000000
1.354980,1.602729,-0.344095,0.002913,-0.512259,-0.074229,-0.947460,1.281658,0.000000,0.000000
1.318970,1.574353,-0.354698,0.001125,-0.430273,0.008146,-0.949739,1.284493,0.000000,0.000000
1.282349,1.530847,-0.345136,-0.001600,-0.323812,0.112647,-0.938795,1.305872,0.000000,0.000000
1.367188,1.514481,-0.204294,-0.002614,-0.378733,0.056669,-0.932655,1.310126,0.000000,0.000000
1.439819,1.507015,-0.093456,-0.003068,-0.381708,0.052894,-0.928301,1.318168,0.000000,0.000000
1.282349,1.484548,-0.280833,-0.004457,-0.142196,0.289668,-0.913909,1.340326,0.000000,0.000000
1.270142,1.460181,-0.263943,-0.005934,-0.174810,0.249969,-0.874015,1.381119,0.000000,0.000000
1.246338,1.438797,-0.267304,-0.007241,-0.174773,0.246445,-0.854167,1.392577,0.000000,0.000000
1.367188,1.431636,-0.089511,-0.007652,-0.176886,0.240822,-0.834710,1.401263,0.000000,0.000000
1.415405,1.430013,-0.020288,-0.007716,-0.175441,0.238801,-0.815542,1.417293,0.000000,0.000000
1.330566,1.406778,-0.105850,-0.009086,-0.179763,0.227674,-0.777971,1.442725,0.000000,0.000000
1.439819,1.410082,0.041302,-0.008834,-0.178972,0.225168,-0.759907,1.452396,0.000000,0.000000
1.463623,1.415436,0.066926,-0.008455,-0.180634,0.220280,-0.742193,1.468495,0.000000,0.000000
1.246338,1.398527,-0.211373,-0.009470,-0.183972,0.213775,-0.724794,1.484814,0.000000,0.000000
1.149292,1.380560,-0.321307,-0.010502,-0.184162,0.207410,-0.691042,1.500301,0.000000,0.000000
1.246338,1.367138,-0.167778,-0.011288,-0.184857,0.203678,-0.674540,1.492248,0.000000,0.000000
1.318970,1.362321,-0.060164,-0.011532,-0.184476,0.201050,-0.658250,1.491133,0.000000,0.000000
1.427612,1.368850,0.081677,-0.011066,-0.185828,0.196744,-0.642309,1.494691,0.000000,0.000000
1.161499,1.344670,-0.254403,-0.012466,-0.186314,0.190553,-0.611527,1.507747,0.000000,0.000000
1.379395,1.348142,0.043406,-0.012187,-0.189860,0.184222,-0.596610,1.498500,0.000000,0.000000
1.439819,1.357310,0.114596,-0.011553,-0.190870,0.180481,-0.581997,1.504394,0.000000,0.000000
1.270142,1.348593,-0.108960,-0.012040,-0.191303,0.177374,-0.567665,1.513723,0.000000,0.000000
1.379395,1.353347,0.036177,-0.011623,-0.194585,0.168904,-0.539953,1.513954,0.000000,0.000000
1.258545,1.343866,-0.118501,-0.012158,-0.195675,0.165308,-0.526575,1.517616,0.000000,0.000000
1.234131,1.332893,-0.137170,-0.012783,-0.191711,0.166781,-0.513319,1.512702,0.000000,0.000000
1.185913,1.318195,-0.183725,-0.013637,-0.196806,0.159240,-0.500399,1.506145,0.000000,0.000000
1.149292,1.298078,-0.206625,-0.014757,-0.195620,0.155611,-0.475114,1.494031,0.000000,0.000000
1.294556,1.297726,-0.004404,-0.014706,-0.199302,0.149609,-0.463054,1.482154,0.000000,0.000000
1.246338,1.292587,-0.064236,-0.014953,-0.201524,0.145113,-0.451263,1.480695,0.000000,0.000000
1.234131,1.286742,-0.073071,-0.015244,-0.199045,0.145316,-0.439481,1.476049,0.000000,0.000000
1.318970,1.295007,0.033282,-0.014577,-0.204508,0.135512,-0.417099,1.472361,0.000000,0.000000
1.306763,1.296183,0.014694,-0.014430,-0.202921,0.134992,-0.406235,1.472338,0.000000,0.000000
1.367188,1.303283,0.088756,-0.013915,-0.204427,0.131424,-0.395624,1.471246,0.000000,0.000000
1.282349,1.301190,-0.026168,-0.013976,-0.204133,0.129688,-0.385147,1.474203,0.000000,0.000000
1.209717,1.292544,-0.115038,-0.014377,-0.207723,0.122188,-0.365047,1.469253,0.000000,0.000000
1.379395,1.301229,0.108562,-0.013762,-0.208267,0.119746,-0.355366,1.460887,0.000000,0.000000
1.258545,1.296961,-0.053355,-0.013960,-0.210442,0.115735,-0.345984,1.464329,0.000000,0.000000
1.463623,1.313627,0.208329,-0.012849,-0.211573,0.112810,-0.336853,1.459088,0.000000,0.000000
1.221924,1.303839,-0.113770,-0.013332,-0.216432,0.104566,-0.319577,1.464988,0.000000,0.000000
1.403198,1.313775,0.124187,-0.012645,-0.217341,0.102026,-0.311327,1.456371,0.000000,0.000000
1.185913,1.300989,-0.159843,-0.013381,-0.218672,0.099115,-0.303320,1.460422,0.000000,0.000000
1.306763,1.301566,0.007217,-0.013278,-0.221178,0.095066,-0.295578,1.449181,0.000000,0.000000
1.403198,1.310000,0.129442,-0.012617,-0.224192,0.089107,-0.280878,1.442412,0.000000,0.000000
1.463623,1.325362,0.192030,-0.011594,-0.225381,0.086510,-0.273852,1.446471,0.000000,0.000000
1.294556,1.322281,-0.038508,-0.011729,-0.226678,0.083856,-0.267029,1.454166,0.000000,0.000000
1.209717,1.311025,-0.140706,-0.012374,-0.228155,0.081058,-0.260423,1.449645,0.000000,0.000000
1.306763,1.308018,-0.001743,-0.012437,-0.229920,0.076741,-0.247842,1.434713,0.000000,0.000000
1.354980,1.312714,0.058703,-0.012082,-0.231514,0.073915,-0.241799,1.431804,0.000000,0.000000
1.330566,1.314499,0.022314,-0.011910,-0.233838,0.070415,-0.236045,1.432091,0.000000,0.000000
1.318970,1.314946,0.005588,-0.011822,-0.233643,0.069455,-0.230400,1.430596,0.000000,0.000000
1.354980,1.307337,0.066172,-0.012176,-0.238551,0.062379,-0.219961,1.416547,0.000000,0.000000
1.367188,1.313322,0.074813,-0.011741,-0.239469,0.060427,-0.215032,1.417081,0.000000,0.000000
1.330566,1.315046,0.021541,-0.011574,-0.240559,0.058346,-0.210302,1.418219,0.000000,0.000000
1.390991,1.322641,0.094995,-0.011042,-0.241512,0.056422,-0.205689,1.416678,0.000000,0.000000
1.512451,1.353267,0.221090,-0.009021,-0.245090,0.051045,-0.197107,1.425380,0.000000,0.000000
1.403198,1.358260,0.062415,-0.008664,-0.243886,0.051386,-0.192900,1.435321,0.000000,0.000000
1.452026,1.367636,0.117208,-0.008035,-0.246216,0.048243,-0.188961,1.436909,0.000000,0.000000
1.439819,1.374855,0.090228,-0.007543,-0.247986,0.045676,-0.185080,1.441650,0.000000,0.000000
1.560669,1.401425,0.221172,-0.005810,-0.242356,0.049666,-0.176841,1.450627,0.000000,0.000000
1.488037,1.410086,0.108264,-0.005240,-0.238936,0.052276,-0.172674,1.462091,0.000000,0.000000
1.500244,1.419102,0.112697,-0.004650,-0.242253,0.048206,-0.168807,1.467558,0.000000,0.000000
1.488037,1.425996,0.086169,-0.004196,-0.242633,0.047065,-0.164870,1.473546,0.000000,0.000000
1.367188,1.424600,-0.079739,-0.004243,-0.243380,0.044857,-0.157153,1.481742,0.000000,0.000000
1.536255,1.435766,0.139562,-0.003524,-0.241736,0.045801,-0.153501,1.477455,0.000000,0.000000
1.536255,1.445814,0.125619,-0.002878,-0.245104,0.041768,-0.149958,1.484838,0.000000,0.000000
1.633301,1.464563,0.233995,-0.001694,-0.241065,0.045155,-0.146455,1.491683,0.000000,0.000000
1.282349,1.452794,-0.236730,-0.002414,-0.245750,0.039287,-0.139977,1.509674,0.000000,0.000000
