-0.119803,-0.009766,-0.034964,-0.064030,-0.029065,-0.002886,0.000000,0.000000,0.000000,0.000000
0.212831,0.493774,0.014472,-0.036524,-0.050996,-0.006492,0.000000,0.000000,0.000000,0.000000
1.549320,-0.498047,0.514601,0.260105,-0.254495,-0.009788,0.000000,0.000000,0.000000,0.000000
0.943451,-0.116577,0.294693,0.149247,-0.145446,-0.012036,0.000000,0.000000,0.000000,0.000000
0.186158,-0.345459,0.090393,0.049478,-0.040915,-0.014074,0.000000,0.000000,0.000000,0.000000
0.348540,1.500854,-0.045523,-0.061784,-0.016261,-0.015139,0.000000,0.000000,0.000000,0.000000
0.351864,-1.352539,0.240813,0.074914,-0.165899,-0.016570,0.000000,0.000000,0.000000,0.000000
0.613505,-0.848999,0.268951,0.088337,-0.180614,-0.017049,0.000000,0.000000,0.000000,0.000000
-0.702712,-0.482788,-0.162535,-0.067419,0.095116,-0.017613,0.000000,0.000000,0.000000,0.000000
0.365510,0.051270,0.104526,0.057721,-0.046805,-0.017985,0.000000,0.000000,0.000000,0.000000
0.156595,-1.123657,0.159344,0.029487,-0.129857,-0.017924,0.000000,0.000000,0.000000,0.000000
0.465378,1.516113,-0.011998,-0.000734,0.011264,-0.017958,0.000000,0.000000,0.000000,0.000000
-0.104596,0.158081,-0.047187,0.034924,0.082111,-0.017945,0.000000,0.000000,0.000000,0.000000
-0.046723,-0.543823,0.040365,-0.022791,-0.063156,-0.017987,0.000000,0.000000,0.000000,0.000000
-0.116314,-0.314941,-0.003400,-0.040988,-0.037588,-0.017704,0.000000,0.000000,0.000000,0.000000
0.473810,0.356445,0.106498,0.059719,-0.046780,-0.017473,0.000000,0.000000,0.000000,0.000000
0.679383,-0.131836,0.216998,0.116066,-0.100932,-0.017454,0.000000,0.000000,0.000000,0.000000
0.657318,0.051270,0.192068,0.002859,-0.189209,-0.017075,0.000000,0.000000,0.000000,0.000000
0.797859,-4.144897,0.653848,0.234930,-0.418917,-0.016952,0.000000,0.000000,0.000000,0.000000
0.542537,0.173340,0.145427,0.084868,-0.060560,-0.016483,0.000000,0.000000,0.000000,0.000000
0.386237,-0.284424,0.144313,0.031119,-0.113195,-0.016258,0.000000,0.000000,0.000000,0.000000
0.367961,0.295410,0.080847,0.053200,-0.027647,-0.015809,0.000000,0.000000,0.000000,0.000000
0.346052,0.463257,0.057490,-0.001178,-0.058668,-0.015524,0.000000,0.000000,0.000000,0.000000
0.069855,-0.971069,0.118064,0.071518,-0.046546,-0.015524,0.000000,0.000000,0.000000,0.000000
-0.083628,0.768433,-0.101932,-0.039517,0.062415,-0.015566,0.000000,0.000000,0.000000,0.000000
0.276781,0.142822,0.068752,0.048095,-0.020657,-0.015602,0.000000,0.000000,0.000000,0.000000
0.462253,-0.162354,0.154911,0.092746,-0.062166,-0.015358,0.000000,0.000000,0.000000,0.000000
0.061174,-0.025024,0.020855,0.029791,0.008936,-0.015308,0.000000,0.000000,0.000000,0.000000
0.148206,0.203857,0.024076,0.025263,0.001187,-0.015173,0.000000,0.000000,0.000000,0.000000
0.664945,0.097046,0.189779,0.112360,-0.077419,-0.014766,0.000000,0.000000,0.000000,0.000000
0.519042,-0.330200,0.188733,0.133752,-0.054981,-0.015047,0.000000,0.000000,0.000000,0.000000
0.836327,0.753174,0.175581,0.052593,-0.122988,-0.015314,0.000000,0.000000,0.000000,0.000000
0.733118,0.493774,0.170558,0.131161,-0.039397,-0.016080,0.000000,0.000000,0.000000,0.000000
1.539881,-0.879517,0.549916,0.264722,-0.285194,-0.015945,0.000000,0.000000,0.000000,0.000000
1.308089,0.493774,0.343049,0.245683,-0.097367,-0.016072,0.000000,0.000000,0.000000,0.000000
0.925746,0.905762,0.187148,0.016256,-0.170892,-0.015629,0.000000,0.000000,0.000000,0.000000
0.528419,2.736816,-0.115156,-0.121315,-0.006159,-0.015198,0.000000,0.000000,0.000000,0.000000
-0.005123,3.576050,-0.359142,-0.132173,0.226968,-0.015784,0.000000,0.000000,0.000000,0.000000
0.079489,1.928101,-0.168963,-0.017853,0.151110,-0.016163,0.000000,0.000000,0.000000,0.000000
-0.604165,-0.131836,-0.168066,-0.135606,0.032460,-0.017759,0.000000,0.000000,0.000000,0.000000
-1.283761,-4.389038,0.053776,-0.014984,-0.068760,-0.019262,0.000000,0.000000,0.000000,0.000000
-1.228652,1.699219,-0.538518,-0.248200,0.290318,-0.021745,0.000000,0.000000,0.000000,0.000000
-1.193326,0.829468,-0.440944,-0.296889,0.144055,-0.022968,0.000000,0.000000,0.000000,0.000000
-1.864786,-0.986328,-0.460803,-0.124637,0.336166,-0.015494,0.000000,0.000000,0.000000,0.000000
-2.563718,-0.635376,-0.705578,-0.291911,0.413666,0.009381,0.000000,0.000000,0.000000,0.000000
-2.587213,-4.297485,-0.346415,-0.078263,0.268153,0.025259,0.000000,0.000000,0.000000,0.000000
-3.446849,6.292114,-1.663266,-0.864290,0.798976,-0.066592,0.000000,0.000000,0.000000,0.000000
-2.880856,0.554810,-0.919738,-0.468141,0.451597,-0.133060,0.000000,0.000000,0.000000,0.000000
-2.542317,-1.749268,-0.587768,-0.271350,0.316418,-0.149039,0.000000,0.000000,0.000000,0.000000
-2.240195,0.142822,-0.686341,-0.436039,0.250302,-0.152376,0.000000,0.000000,0.000000,0.000000
-2.806689,3.087769,-1.150784,-0.628833,0.521951,-0.155219,0.000000,0.000000,0.000000,0.000000
-1.997506,-4.511108,-0.148141,-0.009685,0.138456,-0.144231,0.000000,0.000000,0.000000,0.000000
-2.427464,-2.298584,-0.498381,-0.206227,0.292154,-0.135679,0.000000,0.000000,0.000000,0.000000
-1.596151,-0.025024,-0.476343,-0.243388,0.232955,-0.152699,0.000000,0.000000,0.000000,0.000000
-1.014340,-0.650635,-0.239238,-0.186724,0.052514,-0.179332,0.000000,0.000000,0.000000,0.000000
-0.192603,-1.291504,0.071370,0.018545,-0.052824,-0.181679,0.000000,0.000000,0.000000,0.000000
-0.688889,0.554810,-0.262148,-0.171691,0.090457,-0.199074,0.000000,0.000000,0.000000,0.000000
0.656328,0.127563,0.184142,0.079680,-0.104462,-0.222908,0.000000,0.000000,0.000000,0.000000
1.201676,-0.742188,0.434722,0.124568,-0.310153,-0.240659,0.000000,0.000000,0.000000,0.000000
1.149705,0.554810,0.289430,0.111756,-0.177674,-0.240544,0.000000,0.000000,0.000000,0.000000
0.937400,0.402222,0.240998,0.113605,-0.127393,-0.241182,0.000000,0.000000,0.000000,0.000000
0.660667,-4.114380,0.609638,0.466084,-0.143554,-0.235199,0.000000,0.000000,0.000000,0.000000
0.631727,-1.184692,0.307987,0.160968,-0.147019,-0.211697,0.000000,0.000000,0.000000,0.000000
0.290622,-0.055542,0.092741,0.037769,-0.054972,-0.215520,0.000000,0.000000,0.000000,0.000000
-0.775847,1.302490,-0.363003,-0.220549,0.142454,-0.193512,0.000000,0.000000,0.000000,0.000000
0.503980,1.348267,0.016367,0.051577,0.035210,-0.161205,0.000000,0.000000,0.000000,0.000000
-0.010145,-0.726929,0.069649,-0.021827,-0.091476,-0.149922,0.000000,0.000000,0.000000,0.000000
-0.364250,0.524292,-0.161704,-0.053628,0.108076,-0.137591,0.000000,0.000000,0.000000,0.000000
0.853038,-4.144897,0.670401,0.319573,-0.350828,-0.128248,0.000000,0.000000,0.000000,0.000000
0.500671,-0.040283,0.154230,0.061414,-0.092815,-0.117260,0.000000,0.000000,0.000000,0.000000
1.038006,0.234375,0.287964,0.127699,-0.160265,-0.096171,0.000000,0.000000,0.000000,0.000000
0.382283,0.020752,0.112610,0.045435,-0.067174,-0.073665,0.000000,0.000000,0.000000,0.000000
0.907030,0.417480,0.230361,0.105470,-0.124891,-0.084439,0.000000,0.000000,0.000000,0.000000
0.380007,0.219116,0.092090,0.074325,-0.017765,-0.118818,0.000000,0.000000,0.000000,0.000000
-0.643754,-0.589600,-0.134166,-0.055473,0.078693,-0.157720,0.000000,0.000000,0.000000,0.000000
-0.155404,-1.688232,0.122202,0.095797,-0.026405,-0.160457,0.000000,0.000000,0.000000,0.000000
-0.087680,0.005493,-0.026853,0.085952,0.112806,-0.158071,0.000000,0.000000,0.000000,0.000000
-0.192974,4.415283,-0.499420,-0.207121,0.292299,-0.165151,0.000000,0.000000,0.000000,0.000000
0.209932,6.566772,-0.593698,-0.249873,0.343825,-0.133110,0.000000,0.000000,0.000000,0.000000
0.643412,1.394043,0.053619,-0.055491,-0.109110,-0.107030,0.000000,0.000000,0.000000,0.000000
-0.435231,1.500854,-0.280655,-0.199117,0.081538,-0.078659,0.000000,0.000000,0.000000,0.000000
-0.408661,1.180420,-0.240640,-0.187098,0.053543,-0.048276,0.000000,0.000000,0.000000,0.000000
-0.551657,-1.795044,0.014007,-0.051649,-0.065656,-0.036594,0.000000,0.000000,0.000000,0.000000
-0.913202,-1.291504,-0.144810,-0.077597,0.067213,-0.032928,0.000000,0.000000,0.000000,0.000000
-0.968841,-2.313843,-0.059268,-0.122302,-0.063034,-0.047010,0.000000,0.000000,0.000000,0.000000
-0.888792,3.240356,-0.590673,-0.308070,0.282604,-0.036926,0.000000,0.000000,0.000000,0.000000
-0.560119,0.783691,-0.246405,-0.070937,0.175468,-0.057256,0.000000,0.000000,0.000000,0.000000
-0.483128,2.019653,-0.346904,-0.202475,0.144429,-0.065877,0.000000,0.000000,0.000000,0.000000
-0.314910,2.141724,-0.308645,0.055454,0.364099,-0.068790,0.000000,0.000000,0.000000,0.000000
0.245566,-1.413574,0.215027,0.277277,0.062250,-0.067624,0.000000,0.000000,0.000000,0.000000
0.780031,0.295410,0.204468,0.067034,-0.137434,-0.063949,0.000000,0.000000,0.000000,0.000000
0.909963,0.783691,0.194620,0.352360,0.157741,-0.068000,0.000000,0.000000,0.000000,0.000000
0.425848,-0.940552,0.221810,0.099457,-0.122352,-0.045982,0.000000,0.000000,0.000000,0.000000
0.994773,1.897583,0.108674,-0.038188,-0.146862,-0.056595,0.000000,0.000000,0.000000,0.000000
0.675786,-0.040283,0.206764,0.309156,0.102392,-0.038753,0.000000,0.000000,0.000000,0.000000
0.841000,-1.001587,0.352459,0.092389,-0.260070,-0.029902,0.000000,0.000000,0.000000,0.000000
0.403104,3.026733,-0.181742,0.163356,0.345098,-0.012628,0.000000,0.000000,0.000000,0.000000
-0.591082,-0.192871,-0.158037,0.125707,0.283744,0.012948,0.000000,0.000000,0.000000,0.000000
0.801742,-1.016846,0.342207,0.362358,0.020151,0.027444,0.000000,0.000000,0.000000,0.000000
1.218848,1.088867,0.256768,0.545270,0.288502,0.015002,0.000000,0.000000,0.000000,0.000000
1.655080,-2.207031,0.717227,0.880225,0.162997,-0.000353,0.000000,0.000000,0.000000,0.000000
0.686024,1.760254,0.029782,0.427646,0.397864,-0.012014,0.000000,0.000000,0.000000,0.000000
1.260611,-0.101318,0.388315,0.678361,0.290046,-0.010890,0.000000,0.000000,0.000000,0.000000
1.883915,1.790771,0.386097,0.441953,0.055856,0.028541,0.000000,0.000000,0.000000,0.000000
0.114703,1.378784,-0.103468,0.533909,0.637376,0.046167,0.000000,0.000000,0.000000,0.000000
1.253890,4.522095,-0.076043,0.432453,0.508496,0.035250,0.000000,0.000000,0.000000,0.000000
0.409034,-1.154175,0.238128,0.606593,0.368465,0.027348,0.000000,0.000000,0.000000,0.000000
0.631000,-1.566162,0.345916,0.691600,0.345684,0.039359,0.000000,0.000000,0.000000,0.000000
0.553183,2.218018,-0.055847,0.500600,0.556447,0.045617,0.000000,0.000000,0.000000,0.000000
0.388836,-0.040283,0.120679,0.677066,0.556387,0.028584,0.000000,0.000000,0.000000,0.000000
-0.058851,-3.504028,0.332747,0.463160,0.130413,0.021105,0.000000,0.000000,0.000000,0.000000
0.381864,0.280151,0.086544,0.630907,0.544363,0.011173,0.000000,0.000000,0.000000,0.000000
-0.048263,2.172241,-0.231703,0.202322,0.434025,-0.018704,0.000000,0.000000,0.000000,0.000000
-0.242652,0.493774,-0.122173,0.277933,0.400106,-0.007570,0.000000,0.000000,0.000000,0.000000
-0.180140,3.637085,-0.417751,0.027329,0.445080,-0.021908,0.000000,0.000000,0.000000,0.000000
-0.232291,-3.229370,0.253250,0.453945,0.200695,-0.016383,0.000000,0.000000,0.000000,0.000000
0.613499,2.080688,-0.024019,0.322392,0.346411,-0.016216,0.000000,0.000000,0.000000,0.000000
0.532798,0.814209,0.078419,0.553524,0.475105,-0.003398,0.000000,0.000000,0.000000,0.000000
0.349330,-1.917114,0.296510,0.437992,0.141481,0.013146,0.000000,0.000000,0.000000,0.000000
1.317548,6.307373,-0.235473,0.486478,0.721950,0.021648,0.000000,0.000000,0.000000,0.000000
0.638224,3.484497,-0.156982,-0.094281,0.062702,0.030557,0.000000,0.000000,0.000000,0.000000
0.853160,-3.412476,0.597196,0.563095,-0.034100,0.046736,0.000000,0.000000,0.000000,0.000000
1.080723,-1.627197,0.486937,0.792415,0.305479,0.050330,0.000000,0.000000,0.000000,0.000000
1.652885,-3.641357,0.860001,0.794578,-0.065423,0.053531,0.000000,0.000000,0.000000,0.000000
1.863547,-1.840820,0.743146,0.307880,-0.435266,0.033063,0.000000,0.000000,0.000000,0.000000
1.618799,-0.971069,0.582747,0.235592,-0.347154,0.038543,0.000000,0.000000,0.000000,0.000000
1.000198,-0.894775,0.389537,0.654870,0.265333,0.031306,0.000000,0.000000,0.000000,0.000000
0.114671,2.172241,-0.182823,0.646795,0.829618,0.023923,0.000000,0.000000,0.000000,0.000000
0.983305,-2.100220,0.505014,0.850986,0.345972,0.023584,0.000000,0.000000,0.000000,0.000000
1.196525,3.957520,-0.036794,0.594501,0.631295,0.035598,0.000000,0.000000,0.000000,0.000000
-0.049295,2.996216,-0.314410,0.347478,0.661888,0.065754,0.000000,0.000000,0.000000,0.000000
-0.708154,3.423462,-0.554792,-0.001941,0.552851,0.076899,0.000000,0.000000,0.000000,0.000000
0.067095,-2.725830,0.292712,0.053784,-0.238928,0.065751,0.000000,0.000000,0.000000,0.000000
-0.177724,6.002197,-0.653537,0.184964,0.838501,0.057702,0.000000,0.000000,0.000000,0.000000
-1.009320,2.996216,-0.602417,0.178595,0.781012,0.053752,0.000000,0.000000,0.000000,0.000000
-0.858858,2.126465,-0.470304,0.153739,0.624043,0.057271,0.000000,0.000000,0.000000,0.000000
-0.543261,-5.899658,0.426987,0.497807,0.070820,0.070175,0.000000,0.000000,0.000000,0.000000
-0.118264,1.378784,-0.173358,0.226208,0.399566,0.083285,0.000000,0.000000,0.000000,0.000000
-0.044606,3.316650,-0.345047,0.218147,0.563194,0.113680,0.000000,0.000000,0.000000,0.000000
-0.129108,5.742798,-0.613012,-0.024356,0.588656,0.111337,0.000000,0.000000,0.000000,0.000000
1.021652,4.659424,-0.159447,0.085025,0.244472,0.095370,0.000000,0.000000,0.000000,0.000000
0.667818,-0.833740,0.283719,0.640717,0.356998,0.084028,0.000000,0.000000,0.000000,0.000000
-1.026932,11.434326,-1.451512,-0.472925,0.978587,0.078397,0.000000,0.000000,0.000000,0.000000
0.311980,-5.899658,0.683560,0.613400,-0.070160,0.072213,0.000000,0.000000,0.000000,0.000000
0.140515,2.980957,-0.255941,-0.068969,0.186973,0.079368,0.000000,0.000000,0.000000,0.000000
0.407104,-3.000488,0.422180,0.593389,0.171209,0.066052,0.000000,0.000000,0.000000,0.000000
3.000554,-3.366699,1.236836,1.290900,0.054064,0.060558,0.000000,0.000000,0.000000,0.000000
5.926332,-5.609741,2.338874,1.740621,-0.598253,0.061553,0.000000,0.000000,0.000000,0.000000
8.513766,-1.352539,2.689384,2.411641,-0.277743,0.084691,0.000000,0.000000,0.000000,0.000000
9.305903,-4.541626,3.245934,3.529497,0.283563,0.120285,0.000000,0.000000,0.000000,0.000000
10.437162,6.170044,2.514144,2.996870,0.482725,0.150407,0.000000,0.000000,0.000000,0.000000
11.008117,1.958618,3.106573,3.128891,0.022318,0.200681,0.000000,0.000000,0.000000,0.000000
11.321192,0.325928,3.363765,3.429001,0.065236,0.229202,0.000000,0.000000,0.000000,0.000000
10.121876,-3.687134,3.405276,3.177806,-0.227470,0.229373,0.000000,0.000000,0.000000,0.000000
10.439293,3.026733,2.829114,3.690660,0.861546,0.233203,0.000000,0.000000,0.000000,0.000000
12.671889,-8.707275,4.672294,4.109208,-0.563086,0.246695,0.000000,0.000000,0.000000,0.000000
13.760084,-3.320923,4.460117,3.566320,-0.893797,0.271863,0.000000,0.000000,0.000000,0.000000
13.309486,0.081787,3.984667,3.379962,-0.604705,0.283856,0.000000,0.000000,0.000000,0.000000
13.404909,-3.427734,4.364246,3.347723,-1.016524,0.259661,0.000000,0.000000,0.000000,0.000000
10.664352,9.343872,2.264919,2.564215,0.299296,0.234771,0.000000,0.000000,0.000000,0.000000
6.369496,16.210327,0.289816,1.773076,1.483260,0.212061,0.000000,0.000000,0.000000,0.000000
4.681821,5.452881,0.859258,1.698632,0.839374,0.176709,0.000000,0.000000,0.000000,0.000000
3.536811,-1.260986,1.187142,1.734259,0.547117,0.142968,0.000000,0.000000,0.000000,0.000000
4.975874,-3.839722,1.876734,2.352138,0.475403,0.130654,0.000000,0.000000,0.000000,0.000000
5.022283,-3.275146,1.834199,1.986831,0.152632,0.134141,0.000000,0.000000,0.000000,0.000000
3.142384,9.710083,-0.028293,1.621169,1.649462,0.135635,0.000000,0.000000,0.000000,0.000000
3.116112,-0.787964,1.013630,1.827159,0.813530,0.134102,0.000000,0.000000,0.000000,0.000000
3.138849,-5.899658,1.531621,1.801006,0.269385,0.133169,0.000000,0.000000,0.000000,0.000000
1.351723,7.543335,-0.348817,1.320960,1.669776,0.118178,0.000000,0.000000,0.000000,0.000000
1.037657,-1.962891,0.507586,1.889217,1.381631,0.095557,0.000000,0.000000,0.000000,0.000000
0.661317,-9.409180,1.139313,2.071939,0.932625,0.104580,0.000000,0.000000,0.000000,0.000000
0.384139,-7.868042,0.902046,1.940866,1.038820,0.109780,0.000000,0.000000,0.000000,0.000000
-0.314804,8.153687,-0.909810,1.418258,2.328068,0.094078,0.000000,0.000000,0.000000,0.000000
-0.928143,-2.771606,-0.001282,1.459641,1.460923,0.070895,0.000000,0.000000,0.000000,0.000000
-0.042076,-6.052246,0.592602,2.193070,1.600468,0.085737,0.000000,0.000000,0.000000,0.000000
-0.385642,1.470337,-0.262726,1.371899,1.634626,0.085381,0.000000,0.000000,0.000000,0.000000
-0.973801,-3.992310,0.107091,1.083009,0.975918,0.079350,0.000000,0.000000,0.000000,0.000000
-2.764956,8.046875,-1.634174,0.358310,1.992484,0.083005,0.000000,0.000000,0.000000,0.000000
-2.847986,-2.557983,-0.598598,1.636316,2.234914,0.067068,0.000000,0.000000,0.000000,0.000000
-4.239583,-9.271851,-0.344690,1.166713,1.511403,0.040606,0.000000,0.000000,0.000000,0.000000
-5.402048,9.694824,-2.590097,0.212961,2.803058,0.011494,0.000000,0.000000,0.000000,0.000000
-6.659255,-4.358521,-1.561924,0.959083,2.521007,0.009178,0.000000,0.000000,0.000000,0.000000
-5.775470,3.789673,-2.111608,0.673843,2.785451,0.014911,0.000000,0.000000,0.000000,0.000000
-5.668409,12.426147,-2.943138,0.082343,3.025481,-0.002922,0.000000,0.000000,0.000000,0.000000
-6.164170,-8.188477,-1.030403,1.217129,2.247532,-0.017625,0.000000,0.000000,0.000000,0.000000
-6.250411,6.780396,-2.553163,0.442774,2.995937,-0.046151,0.000000,0.000000,0.000000,0.000000
-6.636389,-10.294189,-0.961498,0.819031,1.780529,-0.040771,0.000000,0.000000,0.000000,0.000000
-6.090792,0.646362,-1.891874,0.002869,1.894743,-0.042023,0.000000,0.000000,0.000000,0.000000
-6.397030,2.645264,-2.183635,0.900884,3.084519,-0.051087,0.000000,0.000000,0.000000,0.000000
-6.689311,-6.448975,-1.361896,1.635682,2.997578,-0.075848,0.000000,0.000000,0.000000,0.000000
-6.202605,12.700806,-3.130862,0.218577,3.349439,-0.063958,0.000000,0.000000,0.000000,0.000000
-6.677585,-7.379761,-1.265299,1.421638,2.686937,-0.071959,0.000000,0.000000,0.000000,0.000000
-6.851134,4.537354,-2.509075,0.426269,2.935345,-0.076025,0.000000,0.000000,0.000000,0.000000
-7.243654,-2.298584,-1.943238,0.601061,2.544299,-0.090551,0.000000,0.000000,0.000000,0.000000
-7.293752,-4.953613,-1.692764,1.564413,3.257177,-0.103053,0.000000,0.000000,0.000000,0.000000
-5.409470,-9.378662,-0.684975,1.136657,1.821632,-0.114685,0.000000,0.000000,0.000000,0.000000
-4.850234,-1.611938,-1.293876,1.100777,2.394653,-0.133955,0.000000,0.000000,0.000000,0.000000
-4.241334,-1.718750,-1.100525,1.565681,2.666207,-0.147181,0.000000,0.000000,0.000000,0.000000
-4.794738,-2.466431,-1.191778,1.539773,2.731551,-0.190422,0.000000,0.000000,0.000000,0.000000
-5.741057,-11.224976,-0.599820,2.684986,3.284806,-0.204654,0.000000,0.000000,0.000000,0.000000
-6.266519,-1.459351,-1.734020,0.666587,2.400608,-0.211090,0.000000,0.000000,0.000000,0.000000
-6.264211,-8.829346,-0.996329,1.204202,2.200531,-0.197197,0.000000,0.000000,0.000000,0.000000
-6.367625,1.561890,-2.066477,1.366260,3.432737,-0.211160,0.000000,0.000000,0.000000,0.000000
-6.239991,0.188599,-1.890857,0.449826,2.340683,-0.194645,0.000000,0.000000,0.000000,0.000000
-5.809643,3.453979,-2.088291,1.538390,3.626681,-0.182086,0.000000,0.000000,0.000000,0.000000
-6.914717,13.540039,-3.428419,0.032771,3.461190,-0.169825,0.000000,0.000000,0.000000,0.000000
-7.668735,6.459961,-2.946617,0.405342,3.351959,-0.151228,0.000000,0.000000,0.000000,0.000000
-8.753245,12.807617,-3.906735,0.396418,4.303153,-0.112805,0.000000,0.000000,0.000000,0.000000
-9.520188,-8.051147,-2.050942,0.456811,2.507752,-0.099855,0.000000,0.000000,0.000000,0.000000
-10.425200,7.375488,-3.865109,1.167942,5.033051,-0.102456,0.000000,0.000000,0.000000,0.000000
-11.290624,2.370605,-3.624248,0.685819,4.310066,-0.087391,0.000000,0.000000,0.000000,0.000000
-10.898444,-4.266968,-2.842836,0.398367,3.241203,-0.082157,0.000000,0.000000,0.000000,0.000000
-11.708484,-11.926880,-2.319857,0.268710,2.588567,-0.063536,0.000000,0.000000,0.000000,0.000000
-11.367093,-9.989014,-2.411227,1.246096,3.657322,-0.071004,0.000000,0.000000,0.000000,0.000000
-12.103872,8.062134,-4.437375,0.427969,4.865344,-0.064196,0.000000,0.000000,0.000000,0.000000
-13.674795,11.571655,-5.259604,0.554960,5.814564,-0.048910,0.000000,0.000000,0.000000,0.000000
-11.772645,-11.377563,-2.394037,0.966236,3.360273,-0.033306,0.000000,0.000000,0.000000,0.000000
-12.226624,-2.985229,-3.369464,0.386596,3.756060,-0.019027,0.000000,0.000000,0.000000,0.000000
-11.516954,-6.906738,-2.764412,1.222493,3.986905,-0.025197,0.000000,0.000000,0.000000,0.000000
-12.352543,9.465942,-4.652357,1.472624,6.124981,-0.046458,0.000000,0.000000,0.000000,0.000000
-11.479871,-14.002075,-2.043754,1.185467,3.229221,-0.025816,0.000000,0.000000,0.000000,0.000000
-11.397857,-12.689819,-2.150375,2.757387,4.907762,0.012432,0.000000,0.000000,0.000000,0.000000
-11.730429,4.537354,-3.972864,0.965372,4.938236,0.031076,0.000000,0.000000,0.000000,0.000000
-12.197516,-4.892578,-3.169997,0.119997,3.289994,0.047447,0.000000,0.000000,0.000000,0.000000
-12.796268,-4.144897,-3.424391,0.450968,3.875358,0.050084,0.000000,0.000000,0.000000,0.000000
-11.592200,2.935181,-3.771178,0.811487,4.582665,0.075331,0.000000,0.000000,0.000000,0.000000
-9.201367,3.469238,-3.107334,1.210885,4.318219,0.092233,0.000000,0.000000,0.000000,0.000000
-8.700001,1.409302,-2.750930,1.524558,4.275488,0.092461,0.000000,0.000000,0.000000,0.000000
-10.247964,-11.438599,-1.930529,1.368862,3.299391,0.082893,0.000000,0.000000,0.000000,0.000000
-10.274261,-3.977051,-2.684573,1.892344,4.576917,0.081766,0.000000,0.000000,0.000000,0.000000
-10.166580,-14.673462,-1.582628,2.187676,3.770303,0.092098,0.000000,0.000000,0.000000,0.000000
-9.680109,-3.732910,-2.530742,1.255651,3.786393,0.127290,0.000000,0.000000,0.000000,0.000000
-9.388605,-8.829346,-1.933647,2.053653,3.987300,0.159318,0.000000,0.000000,0.000000,0.000000
-10.246439,-6.357422,-2.438190,2.376857,4.815046,0.179226,0.000000,0.000000,0.000000,0.000000
-11.126169,10.167847,-4.354635,1.211356,5.565991,0.164432,0.000000,0.000000,0.000000,0.000000
-11.113934,3.072510,-3.641431,1.587348,5.228779,0.198244,0.000000,0.000000,0.000000,0.000000
-11.433840,4.659424,-3.896094,0.645123,4.541218,0.231414,0.000000,0.000000,0.000000,0.000000
-13.213936,14.455566,-5.409738,0.499566,5.909303,0.276881,0.000000,0.000000,0.000000,0.000000
-13.732031,9.069214,-5.026531,0.353757,5.380288,0.302292,0.000000,0.000000,0.000000,0.000000
-14.430544,-16.184082,-2.710755,2.274351,4.985106,0.278108,0.000000,0.000000,0.000000,0.000000
-14.918793,1.073608,-4.582999,0.370619,4.953618,0.258919,0.000000,0.000000,0.000000,0.000000
-14.742385,-5.075684,-3.915147,1.184357,5.099504,0.261284,0.000000,0.000000,0.000000,0.000000
-14.167868,13.173828,-5.567743,0.536474,6.104218,0.237675,0.000000,0.000000,0.000000,0.000000
-14.645855,1.668701,-4.560627,0.856685,5.417312,0.222575,0.000000,0.000000,0.000000,0.000000
-13.697404,0.081787,-4.117400,0.441271,4.558671,0.225070,0.000000,0.000000,0.000000,0.000000
-14.019621,4.186401,-4.624527,0.630412,5.254938,0.233807,0.000000,0.000000,0.000000,0.000000
-13.404984,3.499756,-4.371470,1.327208,5.698678,0.245515,0.000000,0.000000,0.000000,0.000000
-11.468866,7.238159,-4.164476,1.028387,5.192863,0.228635,0.000000,0.000000,0.000000,0.000000
-10.162247,-4.312744,-2.617400,2.184102,4.801501,0.200536,0.000000,0.000000,0.000000,0.000000
-8.576853,10.473022,-3.620358,0.881916,4.502275,0.162547,0.000000,0.000000,0.000000,0.000000
-6.640524,-4.785767,-1.513581,2.363516,3.877097,0.131588,0.000000,0.000000,0.000000,0.000000
-3.441929,-1.978149,-0.834764,4.645565,5.480328,0.100323,0.000000,0.000000,0.000000,0.000000
-0.675582,-15.909424,1.388268,4.651351,3.263084,0.066354,0.000000,0.000000,0.000000,0.000000
3.338390,-8.722534,1.873770,3.870328,1.996558,0.047705,0.000000,0.000000,0.000000,0.000000
6.358621,0.386963,1.868890,4.449585,2.580696,0.048712,0.000000,0.000000,0.000000,0.000000
7.640044,-4.389038,2.730917,6.449131,3.718215,0.038966,0.000000,0.000000,0.000000,0.000000
8.188979,9.008179,1.555876,4.947760,3.391884,0.015127,0.000000,0.000000,0.000000,0.000000
8.866547,-16.275635,4.287528,6.740009,2.452482,0.000958,0.000000,0.000000,0.000000,0.000000
9.400676,-8.478394,3.668042,7.252772,3.584730,-0.014929,0.000000,0.000000,0.000000,0.000000
11.453552,-7.990112,4.235077,8.235341,4.000264,-0.046804,0.000000,0.000000,0.000000,0.000000
8.531305,28.630981,-0.303707,7.235614,7.539320,-0.049772,0.000000,0.000000,0.000000,0.000000
-0.378723,40.761719,-4.189789,6.739911,10.929700,-0.024376,0.000000,0.000000,0.000000,0.000000
-7.718922,-3.748169,-1.940860,9.946222,11.887081,-0.016600,0.000000,0.000000,0.000000,0.000000
-9.192526,-4.083862,-2.349371,12.443766,14.793137,0.038427,0.000000,0.000000,0.000000,0.000000
-11.059601,21.199951,-5.437875,11.791263,17.229137,0.089273,0.000000,0.000000,0.000000,0.000000
-18.190460,16.835938,-7.140732,10.002318,17.143051,0.110935,0.000000,0.000000,0.000000,0.000000
-26.335072,31.148682,-11.015389,6.314342,17.329731,0.115660,0.000000,0.000000,0.000000,0.000000
-34.816246,42.348633,-14.679737,3.663875,18.343613,0.112878,0.000000,0.000000,0.000000,0.000000
-42.098160,10.534058,-13.682854,1.451932,15.134786,0.128247,0.000000,0.000000,0.000000,0.000000
-41.521790,-7.883301,-11.668207,3.572754,15.240961,0.133514,0.000000,0.000000,0.000000,0.000000
-38.913708,-1.550903,-11.519022,-1.284482,10.234541,0.143116,0.000000,0.000000,0.000000,0.000000
-35.496544,-2.619019,-10.387061,-0.533593,9.853468,0.128253,0.000000,0.000000,0.000000,0.000000
-28.919825,-30.298462,-5.646101,-0.766545,4.879556,0.120062,0.000000,0.000000,0.000000,0.000000
-16.094162,-28.421631,-1.986086,-1.593853,0.392233,0.154156,0.000000,0.000000,0.000000,0.000000
-4.959372,-14.459839,-0.041828,0.629076,0.670904,0.185499,0.000000,0.000000,0.000000,0.000000
-6.202396,4.934082,-2.354127,-3.977727,-1.623600,0.205766,0.000000,0.000000,0.000000,0.000000
-18.355404,45.415649,-10.048186,-10.501572,-0.453385,0.224715,0.000000,0.000000,0.000000,0.000000
-24.517281,21.337280,-9.488913,-10.711191,-1.222279,0.249613,0.000000,0.000000,0.000000,0.000000
-20.186432,-29.978027,-3.058127,-6.648805,-3.590678,0.242562,0.000000,0.000000,0.000000,0.000000
-10.618505,-24.805298,-0.705022,-7.093506,-6.388484,0.239581,0.000000,0.000000,0.000000,0.000000
-7.627438,4.155884,-2.703820,-9.858289,-7.154469,0.240193,0.000000,0.000000,0.000000,0.000000
-10.087397,13.143311,-4.340550,-8.459904,-4.119353,0.241544,0.000000,0.000000,0.000000,0.000000
-10.168731,-13.757935,-1.674826,-6.812559,-5.137733,0.208370,0.000000,0.000000,0.000000,0.000000
-2.852867,-17.404785,0.884618,-3.713431,-4.598050,0.173451,0.000000,0.000000,0.000000,0.000000
2.111408,-18.213501,2.454772,-3.388526,-5.843298,0.170771,0.000000,0.000000,0.000000,0.000000
4.292966,0.188599,1.269030,-4.433990,-5.703020,0.197670,0.000000,0.000000,0.000000,0.000000
8.621407,-0.498047,2.636227,-1.799420,-4.435646,0.217639,0.000000,0.000000,0.000000,0.000000
3.181557,8.001099,0.154357,-2.578763,-2.733120,0.203000,0.000000,0.000000,0.000000,0.000000
-6.496785,28.981934,-4.847229,-3.215063,1.632167,0.188859,0.000000,0.000000,0.000000,0.000000
-8.878556,-5.991211,-2.064446,1.567606,3.632052,0.187100,0.000000,0.000000,0.000000,0.000000
-5.663880,-6.067505,-1.092414,1.596897,2.689311,0.195079,0.000000,0.000000,0.000000,0.000000
-1.850885,-5.136719,-0.041594,5.008866,5.050459,0.211725,0.000000,0.000000,0.000000,0.000000
-0.073082,-19.785156,1.956591,7.815860,5.859270,0.212368,0.000000,0.000000,0.000000,0.000000
1.613474,1.683960,0.315646,7.033344,6.717698,0.246616,0.000000,0.000000,0.000000,0.000000
-10.295155,30.568848,-6.145431,8.021587,14.167019,0.241170,0.000000,0.000000,0.000000,0.000000
-34.503395,74.620972,-17.813116,2.287194,20.100311,0.236344,0.000000,0.000000,0.000000,0.000000
-57.160938,56.371460,-22.785427,4.295162,27.080589,0.233714,0.000000,0.000000,0.000000,0.000000
-71.330559,40.456543,-25.444822,2.225985,27.670807,0.221225,0.000000,0.000000,0.000000,0.000000
-82.418579,18.926392,-26.618214,3.673767,30.291981,0.225167,0.000000,0.000000,0.000000,0.000000
-83.871284,0.829468,-25.244331,4.178877,29.423208,0.234570,0.000000,0.000000,0.000000,0.000000
-98.309174,67.693481,-36.262100,-2.267061,33.995041,0.260257,0.000000,0.000000,0.000000,0.000000
-109.485611,-29.916992,-29.853985,2.115784,31.969769,0.267719,0.000000,0.000000,0.000000,0.000000
-93.510536,-32.495728,-24.803589,3.134815,27.938404,0.338259,0.000000,0.000000,0.000000,0.000000
-78.938019,-73.435059,-16.337900,4.670634,21.008533,0.370468,0.000000,0.000000,0.000000,0.000000
-64.297485,-27.796021,-16.509644,4.267107,20.776751,0.367957,0.000000,0.000000,0.000000,0.000000
-62.628071,10.839233,-19.872345,-0.304458,19.567886,0.384366,0.000000,0.000000,0.000000,0.000000
-69.854912,29.241333,-23.880608,-4.978690,18.901918,0.376141,0.000000,0.000000,0.000000,0.000000
-86.773636,52.861938,-31.318285,-9.463820,21.854465,0.379571,0.000000,0.000000,0.000000,0.000000
-96.505646,12.929688,-30.244663,-8.433287,21.811377,0.376912,0.000000,0.000000,0.000000,0.000000
-94.388603,-9.958496,-27.320732,-6.481590,20.839142,0.383790,0.000000,0.000000,0.000000,0.000000
-87.331223,-39.926758,-22.206692,-4.390725,17.815968,0.418245,0.000000,0.000000,0.000000,0.000000
-68.073891,-73.587646,-13.063402,-1.399608,11.663795,0.427996,0.000000,0.000000,0.000000,0.000000
-39.900532,-72.946777,-4.675482,-0.289285,4.386197,0.462004,0.000000,0.000000,0.000000,0.000000
-16.177849,-55.460205,0.692666,0.427047,-0.265619,0.476146,0.000000,0.000000,0.000000,0.000000
0.070993,-25.690308,2.590329,-0.877724,-3.468053,0.473659,0.000000,0.000000,0.000000,0.000000
4.678258,-17.191162,3.122594,1.405782,-1.716812,0.470940,0.000000,0.000000,0.000000,0.000000
1.972957,11.647949,-0.572908,0.345909,0.918817,0.485415,0.000000,0.000000,0.000000,0.000000
-4.441536,22.023926,-3.534853,-2.699359,0.835495,0.510128,0.000000,0.000000,0.000000,0.000000
-9.123590,-0.391235,-2.697954,-2.640966,0.056988,0.497523,0.000000,0.000000,0.000000,0.000000
-7.054559,1.134644,-2.229832,-2.759555,-0.529722,0.519100,0.000000,0.000000,0.000000,0.000000
-12.152185,16.072998,-5.252955,-3.247102,2.005853,0.501195,0.000000,0.000000,0.000000,0.000000
-19.784889,15.203247,-7.455791,-4.791771,2.664021,0.479201,0.000000,0.000000,0.000000,0.000000
-20.128670,6.078491,-6.646450,-4.323818,2.322632,0.461129,0.000000,0.000000,0.000000,0.000000
-20.214968,-11.163940,-4.948096,-3.930664,1.017432,0.435416,0.000000,0.000000,0.000000,0.000000
-16.826233,-5.274048,-4.520465,-3.312034,1.208431,0.438793,0.000000,0.000000,0.000000,0.000000
-14.215281,-18.671265,-2.397458,-2.914369,-0.516912,0.431923,0.000000,0.000000,0.000000,0.000000
-15.449166,10.167847,-5.651535,-4.288261,1.363273,0.439698,0.000000,0.000000,0.000000,0.000000
-15.243938,-13.544312,-3.218750,-3.822731,-0.603981,0.444531,0.000000,0.000000,0.000000,0.000000
-17.120058,10.991821,-6.235199,-5.581917,0.653283,0.467207,0.000000,0.000000,0.000000,0.000000
-21.292900,46.422729,-11.030143,-6.943265,4.086877,0.475659,0.000000,0.000000,0.000000,0.000000
-30.797243,23.549805,-11.594153,-5.903165,5.690988,0.479081,0.000000,0.000000,0.000000,0.000000
-38.148651,14.852295,-12.929825,-4.454697,8.475128,0.489832,0.000000,0.000000,0.000000,0.000000
-42.727428,17.614136,-14.579642,-4.095171,10.484471,0.485551,0.000000,0.000000,0.000000,0.000000
-36.724533,-4.907837,-10.526576,-3.196089,7.330487,0.452521,0.000000,0.000000,0.000000,0.000000
-26.890299,-18.213501,-6.245739,-0.746564,5.499176,0.417628,0.000000,0.000000,0.000000,0.000000
-15.854708,-17.313232,-3.025089,-0.581242,2.443847,0.401448,0.000000,0.000000,0.000000,0.000000
-16.714903,17.766724,-6.791143,-2.487315,4.303829,0.403605,0.000000,0.000000,0.000000,0.000000
-18.550955,1.836548,-5.748941,-4.743275,1.005667,0.424704,0.000000,0.000000,0.000000,0.000000
-15.092546,-1.459351,-4.381829,-6.030513,-1.648685,0.419992,0.000000,0.000000,0.000000,0.000000
-8.939071,-16.245117,-1.057209,-5.233508,-4.176299,0.401179,0.000000,0.000000,0.000000,0.000000
-1.636481,-9.561768,0.465232,-5.123340,-5.588573,0.419842,0.000000,0.000000,0.000000,0.000000
3.962343,-7.791748,1.967878,-6.508348,-8.476226,0.441034,0.000000,0.000000,0.000000,0.000000
2.007036,6.261597,-0.024049,-6.605755,-6.581707,0.428651,0.000000,0.000000,0.000000,0.000000
7.064612,-4.099121,2.529296,-5.698325,-8.227621,0.438275,0.000000,0.000000,0.000000,0.000000
7.887354,7.436523,1.622554,-5.451392,-7.073946,0.433089,0.000000,0.000000,0.000000,0.000000
4.166378,6.841431,0.565770,-4.116002,-4.681772,0.418032,0.000000,0.000000,0.000000,0.000000
-0.658956,24.572144,-2.654901,-4.336133,-1.681232,0.375389,0.000000,0.000000,0.000000,0.000000
-5.149441,17.308960,-3.275728,-3.722000,-0.446272,0.364620,0.000000,0.000000,0.000000,0.000000
-13.093747,20.253906,-5.953515,-2.300546,3.652968,0.360767,0.000000,0.000000,0.000000,0.000000
-19.939356,20.604858,-8.042293,-4.167894,3.874398,0.363696,0.000000,0.000000,0.000000,0.000000
-20.697889,2.889404,-6.498307,-1.195120,5.303187,0.372125,0.000000,0.000000,0.000000,0.000000
-25.740742,5.819092,-8.304132,-0.529487,7.774644,0.403691,0.000000,0.000000,0.000000,0.000000
-33.367516,24.328003,-12.443055,-1.329655,11.113400,0.422794,0.000000,0.000000,0.000000,0.000000
-40.749352,22.100220,-14.434828,-0.649098,13.785729,0.420201,0.000000,0.000000,0.000000,0.000000
-48.432129,38.701782,-18.399817,-2.476810,15.923007,0.405366,0.000000,0.000000,0.000000,0.000000
-56.442978,20.299683,-18.962862,-0.711438,18.251423,0.374685,0.000000,0.000000,0.000000,0.000000
-51.528484,-40.827026,-11.375843,3.567616,14.943460,0.349007,0.000000,0.000000,0.000000,0.000000
-34.942474,-40.323486,-6.450394,3.404805,9.855198,0.319745,0.000000,0.000000,0.000000,0.000000
-28.033279,1.775513,-8.587535,1.224816,9.812351,0.304837,0.000000,0.000000,0.000000,0.000000
-30.132814,13.417969,-10.381641,-0.345062,10.036579,0.285687,0.000000,0.000000,0.000000,0.000000
-27.577412,-19.922485,-6.280975,2.835539,9.116514,0.278643,0.000000,0.000000,0.000000,0.000000
-22.866289,-18.457642,-5.014122,2.087918,7.102040,0.288396,0.000000,0.000000,0.000000,0.000000
-27.657265,22.786865,-10.575866,-3.580973,6.994893,0.298863,0.000000,0.000000,0.000000,0.000000
-33.303452,-0.421753,-9.948860,-3.007043,6.941817,0.311504,0.000000,0.000000,0.000000,0.000000
-30.210442,-2.847900,-8.778342,-3.483410,5.294932,0.289474,0.000000,0.000000,0.000000,0.000000
-24.604002,-23.370972,-5.044104,-2.012785,3.031319,0.272633,0.000000,0.000000,0.000000,0.000000
-20.315367,-1.306763,-5.963934,-5.762962,0.200971,0.254857,0.000000,0.000000,0.000000,0.000000
-30.826244,36.901245,-12.937998,-7.600703,5.337295,0.245027,0.000000,0.000000,0.000000,0.000000
-39.980923,19.582520,-13.952529,-9.187011,4.765518,0.232703,0.000000,0.000000,0.000000,0.000000
-43.665859,10.076294,-14.107388,-9.718473,4.388914,0.217071,0.000000,0.000000,0.000000,0.000000
-43.065445,-2.527466,-12.666887,-8.054293,4.612594,0.217980,0.000000,0.000000,0.000000,0.000000
-43.455982,11.464844,-14.183279,-8.488058,5.695221,0.236690,0.000000,0.000000,0.000000,0.000000
-46.750565,23.015747,-16.326744,-10.687759,5.638985,0.267515,0.000000,0.000000,0.000000,0.000000
-51.053547,7.344971,-16.050562,-8.738246,7.312316,0.312810,0.000000,0.000000,0.000000,0.000000
-49.873810,-9.668579,-13.995285,-6.840438,7.154847,0.340070,0.000000,0.000000,0.000000,0.000000
-45.499943,-9.897461,-12.660236,-7.064577,5.595659,0.380652,0.000000,0.000000,0.000000,0.000000
-43.096245,0.890503,-13.017923,-5.854605,7.163319,0.399999,0.000000,0.000000,0.000000,0.000000
-42.918774,-15.161743,-11.359458,-3.515534,7.843924,0.430456,0.000000,0.000000,0.000000,0.000000
-38.850941,-18.305054,-9.824777,-1.964948,7.859829,0.468865,0.000000,0.000000,0.000000,0.000000
-31.200270,-15.588989,-7.801182,-0.990764,6.810417,0.510374,0.000000,0.000000,0.000000,0.000000
-22.586510,-24.454346,-4.330518,-1.483914,2.846604,0.587557,0.000000,0.000000,0.000000,0.000000
-18.119427,-7.547607,-4.681067,-2.561537,2.119530,0.644320,0.000000,0.000000,0.000000,0.000000
-26.403418,-7.120361,-7.208989,-5.394558,1.814431,0.694477,0.000000,0.000000,0.000000,0.000000
-28.884380,-9.653320,-7.699982,-4.321410,3.378572,0.720443,0.000000,0.000000,0.000000,0.000000
-26.397091,4.842529,-8.403380,-5.965058,2.438322,0.764943,0.000000,0.000000,0.000000,0.000000
-32.513054,8.321533,-10.586069,-5.205671,5.380398,0.810900,0.000000,0.000000,0.000000,0.000000
-37.365932,12.380371,-12.447817,-7.697252,4.750565,0.849755,0.000000,0.000000,0.000000,0.000000
-38.003323,0.859985,-11.486996,-6.247668,5.239328,0.882925,0.000000,0.000000,0.000000,0.000000
-40.257687,-11.728516,-10.904454,-5.754868,5.149587,0.904509,0.000000,0.000000,0.000000,0.000000
-39.877220,-6.967773,-11.266389,-7.013753,4.252636,0.912648,0.000000,0.000000,0.000000,0.000000
-34.379585,-22.699585,-8.043917,-5.356952,2.686965,0.913832,0.000000,0.000000,0.000000,0.000000
-29.545425,-2.161255,-8.647502,-4.055040,4.592462,0.919299,0.000000,0.000000,0.000000,0.000000
-29.791203,1.485596,-9.085920,-3.766985,5.318935,0.949763,0.000000,0.000000,0.000000,0.000000
-30.077368,0.600586,-9.083269,-2.079686,7.003583,0.957747,0.000000,0.000000,0.000000,0.000000
-34.324490,19.231567,-12.220504,-1.188478,11.032026,0.956384,0.000000,0.000000,0.000000,0.000000
-36.110916,-4.923096,-10.340965,-0.686693,9.654272,0.920864,0.000000,0.000000,0.000000,0.000000
-39.556770,6.551514,-12.522182,1.314305,13.836487,0.900571,0.000000,0.000000,0.000000,0.000000
-41.926868,4.689941,-13.047054,0.420270,13.467324,0.902632,0.000000,0.000000,0.000000,0.000000
-43.159065,3.225098,-13.270229,1.192973,14.463202,0.921590,0.000000,0.000000,0.000000,0.000000
-43.596001,-15.100708,-11.568729,1.934004,13.502733,0.927778,0.000000,0.000000,0.000000,0.000000
-41.533737,-9.912720,-11.468849,1.082974,12.551823,0.954391,0.000000,0.000000,0.000000,0.000000
-42.291245,1.653442,-12.852717,0.081059,12.933777,1.018279,0.000000,0.000000,0.000000,0.000000
-41.892006,1.836548,-12.751257,0.503995,13.255252,1.036738,0.000000,0.000000,0.000000,0.000000
-40.813942,-16.733398,-10.570843,0.428105,10.998947,1.033380,0.000000,0.000000,0.000000,0.000000
-38.581161,-12.903442,-10.284004,1.597472,11.881475,1.030349,0.000000,0.000000,0.000000,0.000000
-37.299847,-18.945923,-9.295362,0.841288,10.136650,1.036027,0.000000,0.000000,0.000000,0.000000
-35.308666,2.889404,-10.881540,0.739696,11.621237,1.026417,0.000000,0.000000,0.000000,0.000000
-32.743374,-1.535645,-9.669448,2.336314,12.005762,1.024111,0.000000,0.000000,0.000000,0.000000
-31.590530,6.154785,-10.092638,1.645800,11.738438,1.028813,0.000000,0.000000,0.000000,0.000000
-32.857563,5.193481,-10.376617,1.395305,11.771923,0.999248,0.000000,0.000000,0.000000,0.000000
-30.824343,3.835449,-9.630848,1.353304,10.984152,0.983276,0.000000,0.000000,0.000000,0.000000
-29.911263,13.723145,-10.345694,0.617699,10.963392,0.977687,0.000000,0.000000,0.000000,0.000000
-31.470085,-10.004272,-8.440598,1.449114,9.889713,0.980606,0.000000,0.000000,0.000000,0.000000
-34.012276,-5.747070,-9.628976,-0.220604,9.408371,0.981300,0.000000,0.000000,0.000000,0.000000
-34.419998,-8.051147,-9.520885,-0.690812,8.830072,0.983154,0.000000,0.000000,0.000000,0.000000
-34.215183,-3.854980,-9.879057,0.390283,10.269341,0.968041,0.000000,0.000000,0.000000,0.000000
-33.132954,3.713379,-10.311224,-1.028967,9.282257,0.958365,0.000000,0.000000,0.000000,0.000000
-33.490662,7.711182,-10.818316,-2.063634,8.754683,0.991507,0.000000,0.000000,0.000000,0.000000
-36.253380,19.063721,-12.782386,-4.051377,8.731009,1.013151,0.000000,0.000000,0.000000,0.000000
-40.471661,19.002686,-14.041767,-3.891708,10.150059,1.060924,0.000000,0.000000,0.000000,0.000000
-42.910263,22.954712,-15.168550,-3.813390,11.355161,1.067876,0.000000,0.000000,0.000000,0.000000
-44.172836,7.238159,-13.975667,-1.864631,12.111036,1.059597,0.000000,0.000000,0.000000,0.000000
-48.042980,0.386963,-14.451591,-2.664059,11.787531,1.082653,0.000000,0.000000,0.000000,0.000000
-50.114639,11.525879,-16.186979,-3.241387,12.945592,1.097736,0.000000,0.000000,0.000000,0.000000
-47.319420,3.499756,-14.545801,0.239156,14.784958,1.086962,0.000000,0.000000,0.000000,0.000000
-43.864994,-20.334473,-11.126051,0.818815,11.944866,1.089058,0.000000,0.000000,0.000000,0.000000
-44.593220,4.918823,-13.869848,-2.559067,11.310781,1.099511,0.000000,0.000000,0.000000,0.000000
-45.665623,-24.408569,-11.258830,0.854845,12.113675,1.114528,0.000000,0.000000,0.000000,0.000000
-44.907024,-3.626099,-13.109497,-0.506000,12.603498,1.114744,0.000000,0.000000,0.000000,0.000000
-43.198837,-11.453857,-11.814265,-2.071558,9.742706,1.117037,0.000000,0.000000,0.000000,0.000000
-39.399723,-14.230957,-10.396821,-2.415290,7.981531,1.123349,0.000000,0.000000,0.000000,0.000000
-36.057793,-12.949219,-9.522416,0.577234,10.099650,1.117666,0.000000,0.000000,0.000000,0.000000
-33.196960,19.017944,-11.860883,-3.059336,8.801547,1.109161,0.000000,0.000000,0.000000,0.000000
-35.716812,-4.526367,-10.262407,-0.938910,9.323498,1.109424,0.000000,0.000000,0.000000,0.000000
-40.268955,-6.418457,-11.438841,-3.442401,7.996439,1.084374,0.000000,0.000000,0.000000,0.000000
-41.582699,0.432739,-12.518084,-2.150774,10.367310,1.059110,0.000000,0.000000,0.000000,0.000000
-44.332230,12.029419,-14.502611,-2.831199,11.671412,1.056924,0.000000,0.000000,0.000000,0.000000
-40.731335,14.623413,-13.681742,-2.569189,11.112553,1.056915,0.000000,0.000000,0.000000,0.000000
-39.231716,-6.387939,-11.130721,-0.046637,11.084085,1.042412,0.000000,0.000000,0.000000,0.000000
-40.929028,17.522583,-14.030967,-1.883582,12.147385,1.030818,0.000000,0.000000,0.000000,0.000000
-40.150497,11.037598,-13.148909,-2.300104,10.848804,1.032296,0.000000,0.000000,0.000000,0.000000
-35.137062,-17.709961,-8.770123,0.326889,9.097012,1.050189,0.000000,0.000000,0.000000,0.000000
-41.572681,7.833252,-13.255130,-4.582696,8.672434,1.042552,0.000000,0.000000,0.000000,0.000000
-43.278072,14.119873,-14.395409,-3.742488,10.652920,1.060421,0.000000,0.000000,0.000000,0.000000
-37.522594,-10.935059,-10.163273,-3.199815,6.963458,1.047434,0.000000,0.000000,0.000000,0.000000
-28.032953,-23.874512,-6.022435,-1.816549,4.205886,1.057934,0.000000,0.000000,0.000000,0.000000
-33.215805,11.586914,-11.123433,-4.598422,6.525011,1.041384,0.000000,0.000000,0.000000,0.000000
-48.695381,38.244019,-18.433016,-9.777354,8.655662,1.044781,0.000000,0.000000,0.000000,0.000000
-48.036503,3.667603,-14.777711,-8.658806,6.118905,1.043983,0.000000,0.000000,0.000000,0.000000
-48.099751,11.831055,-15.613030,-9.940365,5.672665,1.063789,0.000000,0.000000,0.000000,0.000000
-40.709938,-29.916992,-9.221282,-7.832008,1.389274,1.060439,0.000000,0.000000,0.000000,0.000000
-32.162933,-9.485474,-8.700333,-7.437484,1.262848,1.048572,0.000000,0.000000,0.000000,0.000000
-41.101810,24.984131,-14.828957,-12.418768,2.410189,1.024379,0.000000,0.000000,0.000000,0.000000
-42.599243,-10.385742,-11.741199,-11.012927,0.728271,0.972332,0.000000,0.000000,0.000000,0.000000
-35.209427,-23.477783,-8.215050,-8.615304,-0.400254,0.965300,0.000000,0.000000,0.000000,0.000000
-31.931675,-3.076782,-9.271824,-9.366783,-0.094959,0.961564,0.000000,0.000000,0.000000,0.000000
-31.315392,-7.364502,-8.658167,-10.699316,-2.041149,0.985969,0.000000,0.000000,0.000000,0.000000
-34.919594,-16.062012,-8.869677,-10.185942,-1.316265,0.971053,0.000000,0.000000,0.000000,0.000000
-35.594780,4.461060,-11.124540,-10.609843,0.514697,0.979537,0.000000,0.000000,0.000000,0.000000
-31.780947,-10.980835,-8.436200,-9.658921,-1.222721,0.980335,0.000000,0.000000,0.000000,0.000000
-31.553879,17.598877,-11.226051,-11.031152,0.194900,0.985772,0.000000,0.000000,0.000000,0.000000
-36.939941,14.623413,-12.544324,-12.361427,0.182896,1.010748,0.000000,0.000000,0.000000,0.000000
-42.715988,9.114990,-13.726295,-11.165411,2.560884,1.021317,0.000000,0.000000,0.000000,0.000000
-45.381824,11.281738,-14.742722,-13.715775,1.026947,1.004506,0.000000,0.000000,0.000000,0.000000
-50.337105,19.918213,-17.092953,-13.862192,3.230761,0.985090,0.000000,0.000000,0.000000,0.000000
-45.270908,-18.076172,-11.773655,-9.290256,2.483399,0.960985,0.000000,0.000000,0.000000,0.000000
-41.948399,-1.474609,-12.437058,-8.829276,3.607782,0.970512,0.000000,0.000000,0.000000,0.000000
-40.989323,12.182007,-13.514997,-9.744976,3.770021,0.997321,0.000000,0.000000,0.000000,0.000000
-35.993736,-21.814575,-8.616663,-5.074059,3.542604,1.005934,0.000000,0.000000,0.000000,0.000000
-33.321262,-4.343262,-9.562053,-6.130721,3.431332,1.010100,0.000000,0.000000,0.000000,0.000000
-33.036293,11.678467,-11.078734,-5.407170,5.671564,1.025954,0.000000,0.000000,0.000000,0.000000
-34.135559,-4.648438,-9.775824,-5.005030,4.770793,1.005021,0.000000,0.000000,0.000000,0.000000
-32.417633,-0.925293,-9.632761,-2.454290,7.178471,0.965834,0.000000,0.000000,0.000000,0.000000
-31.132433,-13.635864,-7.976143,0.225829,8.201972,0.935051,0.000000,0.000000,0.000000,0.000000
-26.142061,-34.891357,-4.353483,2.024875,6.378358,0.914473,0.000000,0.000000,0.000000,0.000000
-30.410334,27.227173,-11.845818,-2.844757,9.001060,0.911110,0.000000,0.000000,0.000000,0.000000
-37.098061,19.140015,-13.043420,-2.686589,10.356831,0.919882,0.000000,0.000000,0.000000,0.000000
-40.394794,15.783081,-13.696747,-4.789696,8.907051,0.894956,0.000000,0.000000,0.000000,0.000000
-39.800884,-6.708374,-11.269428,-3.266357,8.003071,0.879049,0.000000,0.000000,0.000000,0.000000
-38.285881,-21.097412,-9.376023,-3.783676,5.592348,0.901953,0.000000,0.000000,0.000000,0.000000
-37.233006,21.276245,-13.297526,-3.273975,10.023552,0.949188,0.000000,0.000000,0.000000,0.000000
-37.767540,12.639771,-12.594239,-3.761304,8.832935,0.980447,0.000000,0.000000,0.000000,0.000000
-38.284008,-1.444092,-11.340794,-3.099540,8.241253,0.994454,0.000000,0.000000,0.000000,0.000000
-42.336437,-2.893677,-12.411564,-2.008564,10.403000,0.982193,0.000000,0.000000,0.000000,0.000000
-41.347073,6.017456,-13.005867,-2.427678,10.578189,0.970020,0.000000,0.000000,0.000000,0.000000
-38.222328,-13.925781,-10.074121,-1.465678,8.608442,0.978231,0.000000,0.000000,0.000000,0.000000
-38.198639,14.333496,-12.892941,-2.248138,10.644803,0.981016,0.000000,0.000000,0.000000,0.000000
-39.496578,21.169434,-13.965917,-0.267280,13.698637,1.029343,0.000000,0.000000,0.000000,0.000000
-44.563450,25.487671,-15.917802,-1.477355,14.440447,1.036531,0.000000,0.000000,0.000000,0.000000
-49.073090,17.049561,-16.426884,0.715322,17.142204,1.033383,0.000000,0.000000,0.000000,0.000000
-49.043976,9.771118,-15.690305,0.719879,16.410183,1.052711,0.000000,0.000000,0.000000,0.000000
-48.499989,12.853394,-15.835336,0.528790,16.364126,1.057553,0.000000,0.000000,0.000000,0.000000
-46.537018,-14.307251,-12.530380,3.144815,15.675196,1.052319,0.000000,0.000000,0.000000,0.000000
-48.910824,14.257202,-16.098967,-0.663699,15.435268,1.058117,0.000000,0.000000,0.000000,0.000000
-48.400021,-12.171021,-13.302904,2.511186,15.814090,1.075895,0.000000,0.000000,0.000000,0.000000
-46.947609,-15.711060,-12.513177,-0.412366,12.100811,1.085131,0.000000,0.000000,0.000000,0.000000
-46.947830,11.754761,-15.259825,-1.704800,13.555025,1.098034,0.000000,0.000000,0.000000,0.000000
-47.119003,-21.692505,-11.966451,0.041556,12.008007,1.081921,0.000000,0.000000,0.000000,0.000000
-45.445786,-26.895752,-10.944160,-0.417338,10.526822,1.092327,0.000000,0.000000,0.000000,0.000000
-44.218681,-17.542114,-11.511393,-0.733712,10.777680,1.156997,0.000000,0.000000,0.000000,0.000000
-45.704651,16.469727,-15.358368,-4.646748,10.711620,1.217358,0.000000,0.000000,0.000000,0.000000
-45.364113,-21.036377,-11.505596,-3.754389,7.751207,1.241298,0.000000,0.000000,0.000000,0.000000
-44.869286,-3.793945,-13.081391,-3.495885,9.585506,1.276581,0.000000,0.000000,0.000000,0.000000
-44.033638,-7.120361,-12.498055,-4.489008,8.009048,1.304470,0.000000,0.000000,0.000000,0.000000
-44.510365,-30.878296,-10.265280,-3.209848,7.055431,1.294271,0.000000,0.000000,0.000000,0.000000
-42.199081,-6.754150,-11.984309,-2.123978,9.860332,1.297878,0.000000,0.000000,0.000000,0.000000
-40.662106,-9.882202,-11.210411,-2.097760,9.112651,1.319553,0.000000,0.000000,0.000000,0.000000
-43.374832,-6.708374,-12.341612,-0.016934,12.324678,1.337130,0.000000,0.000000,0.000000,0.000000
-44.270100,-2.557983,-13.025231,1.855526,14.880758,1.342873,0.000000,0.000000,0.000000,0.000000
-46.379055,5.208740,-14.434590,3.197674,17.632265,1.357644,0.000000,0.000000,0.000000,0.000000
-50.701851,7.512817,-15.961837,2.201895,18.163733,1.364322,0.000000,0.000000,0.000000,0.000000
-52.644260,14.211426,-17.214420,4.034374,21.248795,1.351816,0.000000,0.000000,0.000000,0.000000
-53.238754,-6.342163,-15.337410,4.144353,19.481762,1.339363,0.000000,0.000000,0.000000,0.000000
-55.237476,7.558594,-17.327103,2.378956,19.706059,1.295020,0.000000,0.000000,0.000000,0.000000
-54.281895,-19.434204,-14.341148,0.404884,14.746033,1.286641,0.000000,0.000000,0.000000,0.000000
-49.559105,-20.899048,-12.777826,-0.237073,12.540753,1.276193,0.000000,0.000000,0.000000,0.000000
-44.632145,-8.112183,-12.578425,-1.408711,11.169714,1.271498,0.000000,0.000000,0.000000,0.000000
-39.878933,-13.315430,-10.632137,-2.122237,8.509901,1.318366,0.000000,0.000000,0.000000,0.000000
-39.867493,-19.052734,-10.054975,-2.187188,7.867787,1.351163,0.000000,0.000000,0.000000,0.000000
-40.134285,-3.977051,-11.642580,-4.364229,7.278351,1.363406,0.000000,0.000000,0.000000,0.000000
-39.257587,-0.299683,-11.747308,-3.804304,7.943004,1.370867,0.000000,0.000000,0.000000,0.000000
-36.878727,-3.793945,-10.684223,-4.300177,6.384046,1.352419,0.000000,0.000000,0.000000,0.000000
-34.857258,-14.124146,-9.044763,-4.633632,4.411130,1.350994,0.000000,0.000000,0.000000,0.000000
-33.768456,-6.220093,-9.508528,-4.747289,4.761239,1.354345,0.000000,0.000000,0.000000,0.000000
-33.833920,12.456665,-11.395843,-5.735424,5.660419,1.338465,0.000000,0.000000,0.000000,0.000000
-35.078976,16.088257,-12.132519,-3.422107,8.710412,1.333372,0.000000,0.000000,0.000000,0.000000
-36.706932,-1.062622,-10.905817,-4.812442,6.093375,1.318038,0.000000,0.000000,0.000000,0.000000
-40.397625,11.205444,-13.239832,-4.866568,8.373264,1.333519,0.000000,0.000000,0.000000,0.000000
-42.697754,-5.151978,-12.294128,-3.362550,8.931578,1.341010,0.000000,0.000000,0.000000,0.000000
-45.192863,3.301392,-13.887999,-2.688385,11.199614,1.384663,0.000000,0.000000,0.000000,0.000000
-45.033512,-2.344360,-13.275618,-0.825859,12.449759,1.403682,0.000000,0.000000,0.000000,0.000000
-47.109138,26.006470,-16.733389,-2.168862,14.564527,1.451629,0.000000,0.000000,0.000000,0.000000
-49.164001,9.053955,-15.654596,-2.647814,13.006783,1.477606,0.000000,0.000000,0.000000,0.000000
-50.580978,-14.322510,-13.742043,-1.975461,11.766582,1.485217,0.000000,0.000000,0.000000,0.000000
-50.193726,1.287231,-15.186841,-1.148649,14.038193,1.520557,0.000000,0.000000,0.000000,0.000000
-47.533180,-12.827148,-12.977240,-0.510997,12.466242,1.500870,0.000000,0.000000,0.000000,0.000000
-45.457157,-10.751953,-12.561952,-0.079815,12.482136,1.499757,0.000000,0.000000,0.000000,0.000000
-46.469971,-10.217896,-12.919202,0.495742,13.414944,1.510908,0.000000,0.000000,0.000000,0.000000
-45.173367,-4.236450,-13.128365,-0.633989,12.494375,1.527641,0.000000,0.000000,0.000000,0.000000
-41.816723,-13.117065,-11.233311,1.259855,12.493166,1.522816,0.000000,0.000000,0.000000,0.000000
-43.770702,3.179321,-13.449142,-0.042839,13.406303,1.502170,0.000000,0.000000,0.000000,0.000000
-48.667583,-1.444092,-14.455866,-0.487491,13.968375,1.460004,0.000000,0.000000,0.000000,0.000000
-48.514919,-8.829346,-13.671541,0.680675,14.352216,1.437227,0.000000,0.000000,0.000000,0.000000
-51.419365,16.622314,-17.088041,-2.397120,14.690922,1.408348,0.000000,0.000000,0.000000,0.000000
-51.160667,-0.314941,-15.316706,-2.696262,12.620443,1.383672,0.000000,0.000000,0.000000,0.000000
-52.680119,9.923706,-16.796406,-2.141122,14.655284,1.372503,0.000000,0.000000,0.000000,0.000000
-49.407021,-41.925659,-10.629540,-0.431519,10.198022,1.371940,0.000000,0.000000,0.000000,0.000000
-48.285709,-11.591187,-13.326594,-0.543464,12.783131,1.373534,0.000000,0.000000,0.000000,0.000000
-44.396297,8.184204,-14.137310,0.751277,14.888587,1.371377,0.000000,0.000000,0.000000,0.000000
-43.240196,0.264893,-12.998549,0.249543,13.248092,1.336049,0.000000,0.000000,0.000000,0.000000
-41.770142,-19.678345,-10.563208,2.270202,12.833410,1.320270,0.000000,0.000000,0.000000,0.000000
-43.702957,14.470825,-14.557970,0.530039,15.088009,1.322417,0.000000,0.000000,0.000000,0.000000
-45.303108,0.844727,-13.675406,1.452157,15.127563,1.306704,0.000000,0.000000,0.000000,0.000000
-43.616249,12.182007,-14.303076,2.302582,16.605658,1.269418,0.000000,0.000000,0.000000,0.000000
-44.911133,-12.857666,-12.187573,0.554403,12.741976,1.280756,0.000000,0.000000,0.000000,0.000000
-40.024227,-26.178589,-9.389409,1.615016,11.004425,1.290968,0.000000,0.000000,0.000000,0.000000
-34.474983,-26.590576,-7.683437,0.621105,8.304543,1.297176,0.000000,0.000000,0.000000,0.000000
-34.740692,2.736816,-10.695889,0.428144,11.124034,1.300467,0.000000,0.000000,0.000000,0.000000
-38.699810,17.949829,-13.404926,-3.156155,10.248772,1.300851,0.000000,0.000000,0.000000,0.000000
-45.280060,21.520386,-15.736056,-4.872594,10.863462,1.275687,0.000000,0.000000,0.000000,0.000000
-46.880985,22.939453,-16.358240,-5.502804,10.855436,1.263493,0.000000,0.000000,0.000000,0.000000
-51.678764,11.785278,-16.682158,-8.534820,8.147338,1.263484,0.000000,0.000000,0.000000,0.000000
-51.831280,4.537354,-16.003119,-5.821718,10.181400,1.273300,0.000000,0.000000,0.000000,0.000000
-54.045658,26.387939,-18.852491,-10.435085,8.417406,1.258628,0.000000,0.000000,0.000000,0.000000
-59.477203,-3.641357,-17.479025,-8.980057,8.498968,1.259050,0.000000,0.000000,0.000000,0.000000
-62.285210,12.044678,-19.890030,-9.870197,10.019833,1.220361,0.000000,0.000000,0.000000,0.000000
-63.439346,-17.648926,-17.266911,-9.989977,7.276933,1.232163,0.000000,0.000000,0.000000,0.000000
-61.511345,-31.503906,-15.303013,-10.735657,4.567356,1.223036,0.000000,0.000000,0.000000,0.000000
-60.475075,-24.820557,-15.660467,-11.083608,4.576859,1.253612,0.000000,0.000000,0.000000,0.000000
-62.326317,19.170532,-20.614948,-13.850656,6.764293,1.245656,0.000000,0.000000,0.000000,0.000000
-66.382607,-21.478882,-17.766893,-12.086596,5.680298,1.207028,0.000000,0.000000,0.000000,0.000000
-70.724884,-12.994995,-19.917965,-12.191225,7.726740,1.219984,0.000000,0.000000,0.000000,0.000000
-68.652573,4.567871,-21.052559,-14.243048,6.809511,1.274166,0.000000,0.000000,0.000000,0.000000
-65.425339,-13.132324,-18.314369,-11.053916,7.260453,1.326939,0.000000,0.000000,0.000000,0.000000
-61.340801,-29.352417,-15.466999,-10.220877,5.246122,1.329901,0.000000,0.000000,0.000000,0.000000
-59.784485,-17.221680,-16.213177,-10.236320,5.976857,1.304164,0.000000,0.000000,0.000000,0.000000
-64.347549,9.832153,-20.287479,-13.040409,7.247070,1.302391,0.000000,0.000000,0.000000,0.000000
-67.430077,-9.042969,-19.324726,-12.065371,7.259356,1.283164,0.000000,0.000000,0.000000,0.000000
-66.985596,1.638184,-20.259497,-12.235544,8.023952,1.276648,0.000000,0.000000,0.000000,0.000000
-68.409073,-20.364990,-18.486223,-9.162796,9.323427,1.267791,0.000000,0.000000,0.000000,0.000000
-71.516945,-13.300171,-20.125067,-7.861382,12.263685,1.259442,0.000000,0.000000,0.000000,0.000000
-69.201775,-24.759521,-18.284580,-5.939171,12.345409,1.296611,0.000000,0.000000,0.000000,0.000000
-65.218964,13.082275,-20.873917,-4.561434,16.312483,1.297139,0.000000,0.000000,0.000000,0.000000
-65.876633,-1.642456,-19.598743,-4.196980,15.401764,1.298518,0.000000,0.000000,0.000000,0.000000
-71.133926,27.196655,-24.059843,-5.644707,18.415136,1.341496,0.000000,0.000000,0.000000,0.000000
-72.154106,12.410889,-22.887321,-5.335854,17.551468,1.409616,0.000000,0.000000,0.000000,0.000000
-77.982285,3.453979,-23.740084,-8.301742,15.438342,1.428528,0.000000,0.000000,0.000000,0.000000
-79.219749,-23.340454,-21.431879,-5.738035,15.693844,1.426822,0.000000,0.000000,0.000000,0.000000
-78.952255,-8.630981,-22.822578,-9.573277,13.249301,1.404927,0.000000,0.000000,0.000000,0.000000
-74.654518,-32.098999,-19.186455,-7.663425,11.523029,1.430331,0.000000,0.000000,0.000000,0.000000
-67.218956,-38.751831,-16.290504,-3.860974,12.429531,1.450378,0.000000,0.000000,0.000000,0.000000
-65.211929,12.090454,-20.772625,-6.540221,14.232405,1.450179,0.000000,0.000000,0.000000,0.000000
-60.543377,-9.989014,-17.164112,-2.791567,14.372545,1.462483,0.000000,0.000000,0.000000,0.000000
-61.932953,23.336182,-20.913504,-3.413983,17.499519,1.451707,0.000000,0.000000,0.000000,0.000000
-62.605953,11.464844,-19.928270,-2.601271,17.327000,1.441122,0.000000,0.000000,0.000000,0.000000
-61.968540,0.386963,-18.629259,-1.886586,16.742672,1.440445,0.000000,0.000000,0.000000,0.000000
-63.330357,-15.390625,-17.460045,-0.731954,16.728092,1.467452,0.000000,0.000000,0.000000,0.000000
-62.980526,-1.520386,-18.742119,-1.425475,17.316645,1.489445,0.000000,0.000000,0.000000,0.000000
-61.627472,-22.791138,-16.209127,-0.925263,15.283864,1.473101,0.000000,0.000000,0.000000,0.000000
-61.630440,13.601074,-19.849239,-1.974917,17.874321,1.478293,0.000000,0.000000,0.000000,0.000000
-65.584793,3.576050,-20.033043,-3.212718,16.820326,1.483908,0.000000,0.000000,0.000000,0.000000
-69.367088,24.038086,-23.213936,-6.460829,16.753107,1.552684,0.000000,0.000000,0.000000,0.000000
-66.258186,-24.545898,-17.422867,-3.334866,14.088001,1.608227,0.000000,0.000000,0.000000,0.000000
-62.587894,12.990723,-20.075441,-5.218662,14.856779,1.652502,0.000000,0.000000,0.000000,0.000000
-69.081146,27.349243,-23.459269,-8.100117,15.359152,1.682982,0.000000,0.000000,0.000000,0.000000
-78.520981,63.573608,-29.913654,-9.207761,20.705894,1.650512,0.000000,0.000000,0.000000,0.000000
-83.477684,36.672363,-28.710541,-8.354532,20.356009,1.639372,0.000000,0.000000,0.000000,0.000000
-84.910706,-9.973755,-24.475836,-7.770729,16.705107,1.650018,0.000000,0.000000,0.000000,0.000000
-86.784447,-11.072388,-24.928095,-8.481896,16.446198,1.687913,0.000000,0.000000,0.000000,0.000000
-86.723015,1.043091,-26.121214,-6.542421,19.578793,1.704203,0.000000,0.000000,0.000000,0.000000
-88.526817,-6.052246,-25.952820,-6.091002,19.861816,1.733430,0.000000,0.000000,0.000000,0.000000
-85.964027,-23.843994,-23.404808,-6.731789,16.673019,1.810085,0.000000,0.000000,0.000000,0.000000
-91.612106,41.066895,-31.590321,-9.628482,21.961838,1.868238,0.000000,0.000000,0.000000,0.000000
-97.571281,29.515991,-32.222984,-9.096754,23.126230,1.902748,0.000000,0.000000,0.000000,0.000000
-98.446213,-33.411255,-26.192738,-8.236801,17.955936,1.922667,0.000000,0.000000,0.000000,0.000000
-99.534843,8.306274,-30.691080,-11.380097,19.310984,1.956635,0.000000,0.000000,0.000000,0.000000
-94.163361,-9.790649,-27.269943,-12.057791,15.212152,1.982864,0.000000,0.000000,0.000000,0.000000
-84.881424,-24.072876,-23.057140,-13.704031,9.353109,2.000703,0.000000,0.000000,0.000000,0.000000
-77.871849,-12.750854,-22.086470,-15.896133,6.190336,2.073104,0.000000,0.000000,0.000000,0.000000
-68.420502,-13.788452,-19.147305,-16.087088,3.060217,2.110401,0.000000,0.000000,0.000000,0.000000
-63.159336,-14.703979,-17.477404,-14.736872,2.740532,2.177668,0.000000,0.000000,0.000000,0.000000
-53.144489,-51.447144,-10.798633,-13.127516,-2.328884,2.201504,0.000000,0.000000,0.000000,0.000000
-41.713715,-30.191650,-9.494949,-11.707554,-2.212604,2.208008,0.000000,0.000000,0.000000,0.000000
-32.485222,-39.926758,-5.752891,-9.120155,-3.367265,2.188683,0.000000,0.000000,0.000000,0.000000
-27.195757,4.659424,-8.624669,-9.811699,-1.187030,2.141036,0.000000,0.000000,0.000000,0.000000
-27.265442,13.601074,-9.539740,-9.081799,0.457941,2.116216,0.000000,0.000000,0.000000,0.000000
-37.807018,13.829956,-12.725101,-10.733541,1.991560,2.084601,0.000000,0.000000,0.000000,0.000000
-44.535614,1.378784,-13.498563,-9.974735,3.523827,2.058450,0.000000,0.000000,0.000000,0.000000
-54.572113,79.015503,-24.273184,-15.051845,9.221339,2.029862,0.000000,0.000000,0.000000,0.000000
-91.979462,126.882324,-40.282070,-23.463123,16.818947,2.028996,0.000000,0.000000,0.000000,0.000000
-114.092842,53.869019,-39.614754,-22.573435,17.041319,2.043069,0.000000,0.000000,0.000000,0.000000
-130.219986,17.873535,-40.853348,-24.672476,16.180872,2.077684,0.000000,0.000000,0.000000,0.000000
-132.411957,11.129150,-40.836502,-23.012730,17.823772,2.126130,0.000000,0.000000,0.000000,0.000000
-132.018127,3.103027,-39.915741,-25.593058,14.322683,2.147922,0.000000,0.000000,0.000000,0.000000
-136.865784,-1.184692,-40.941265,-22.688396,18.252869,2.272540,0.000000,0.000000,0.000000,0.000000
-137.713974,37.420044,-45.056198,-26.328972,18.727226,2.409765,0.000000,0.000000,0.000000,0.000000
-137.699463,-6.952515,-40.614586,-24.268497,16.346088,2.553034,0.000000,0.000000,0.000000,0.000000
-142.100113,14.837036,-44.113739,-21.574705,22.539034,2.683709,0.000000,0.000000,0.000000,0.000000
-142.760178,46.041260,-47.432178,-25.389387,22.042791,2.778077,0.000000,0.000000,0.000000,0.000000
-145.483231,-6.891479,-42.955822,-21.475965,21.479856,2.918298,0.000000,0.000000,0.000000,0.000000
-157.589676,111.425171,-58.419418,-31.250254,27.169165,2.996414,0.000000,0.000000,0.000000,0.000000
-174.713577,65.679321,-58.982006,-29.161173,29.820833,3.051458,0.000000,0.000000,0.000000,0.000000
-176.138855,-10.324707,-51.809185,-26.813320,24.995865,3.041988,0.000000,0.000000,0.000000,0.000000
-175.119858,4.873047,-53.023262,-29.073175,23.950087,3.078083,0.000000,0.000000,0.000000,0.000000
-178.400589,42.608032,-57.780979,-31.397257,26.383722,3.124597,0.000000,0.000000,0.000000,0.000000
-181.921799,33.361206,-57.912659,-35.220356,22.692303,3.193573,0.000000,0.000000,0.000000,0.000000
-183.744492,-7.486572,-54.374691,-31.242683,23.132008,3.267777,0.000000,0.000000,0.000000,0.000000
-181.222565,-23.233643,-52.043404,-34.738617,17.304785,3.318934,0.000000,0.000000,0.000000,0.000000
-179.745712,-9.577026,-52.966011,-35.186897,17.779114,3.396570,0.000000,0.000000,0.000000,0.000000
-173.743057,-35.837402,-48.539177,-33.291561,15.247615,3.475254,0.000000,0.000000,0.000000,0.000000
-167.799408,-28.192749,-47.520546,-33.354313,14.166232,3.584130,0.000000,0.000000,0.000000,0.000000
-167.293518,17.019043,-51.889961,-36.106697,15.783264,3.672925,0.000000,0.000000,0.000000,0.000000
-169.499908,20.665894,-52.916561,-37.069180,15.847383,3.724740,0.000000,0.000000,0.000000,0.000000
-170.649384,-9.561768,-50.238640,-34.993668,15.244972,3.772327,0.000000,0.000000,0.000000,0.000000
-169.688629,-26.911011,-48.215488,-33.385986,14.829502,3.804128,0.000000,0.000000,0.000000,0.000000
-174.250595,24.892578,-54.764435,-33.789173,20.975264,3.871403,0.000000,0.000000,0.000000,0.000000
-177.725906,23.000488,-55.617821,-31.962626,23.655195,3.940825,0.000000,0.000000,0.000000,0.000000
-180.121292,22.756348,-56.312023,-30.495075,25.816948,4.020665,0.000000,0.000000,0.000000,0.000000
-180.773590,5.422363,-54.774315,-28.896994,25.877321,4.079431,0.000000,0.000000,0.000000,0.000000
-179.866058,-12.842407,-52.675575,-27.828508,24.847067,4.117012,0.000000,0.000000,0.000000,0.000000
-182.019302,29.012451,-57.507034,-32.048817,25.458216,4.145331,0.000000,0.000000,0.000000,0.000000
-187.213058,17.064819,-57.870399,-32.250248,25.620152,4.067410,0.000000,0.000000,0.000000,0.000000
-188.790558,-17.481079,-54.889061,-32.372692,22.516369,3.992511,0.000000,0.000000,0.000000,0.000000
-190.192596,45.614014,-61.619179,-37.166256,24.452923,3.898439,0.000000,0.000000,0.000000,0.000000
-190.849243,-12.384644,-56.016308,-34.898926,21.117384,3.822019,0.000000,0.000000,0.000000,0.000000
-193.763321,35.650024,-61.694000,-37.719933,23.974068,3.728287,0.000000,0.000000,0.000000,0.000000
-195.503647,63.634644,-65.014557,-37.772800,27.241756,3.665912,0.000000,0.000000,0.000000,0.000000
-196.497665,34.902344,-62.439533,-35.977535,26.461998,3.583824,0.000000,0.000000,0.000000,0.000000
-198.361649,79.656372,-67.474129,-36.527550,30.946579,3.465693,0.000000,0.000000,0.000000,0.000000
-188.056351,112.020264,-67.618935,-28.362494,39.256443,3.337140,0.000000,0.000000,0.000000,0.000000
-177.482635,-103.098145,-42.934975,-14.301765,28.633209,3.190036,0.000000,0.000000,0.000000,0.000000
-154.034561,220.739136,-68.284279,-42.624756,25.659523,2.777034,0.000000,0.000000,0.000000,0.000000
-105.333366,111.837158,-42.783726,-30.921761,11.861964,2.905184,0.000000,0.000000,0.000000,0.000000
-88.423180,73.766479,-33.903603,-25.680506,8.223097,3.041419,0.000000,0.000000,0.000000,0.000000
-93.463203,-47.281494,-23.310812,-21.628895,1.681917,3.196046,0.000000,0.000000,0.000000,0.000000
-91.085052,16.164551,-28.941971,-22.050268,6.891703,3.291546,0.000000,0.000000,0.000000,0.000000
-95.290482,6.749878,-29.262133,-18.879139,10.382994,3.364980,0.000000,0.000000,0.000000,0.000000
-94.197838,39.373169,-32.196667,-19.039371,13.157296,3.368401,0.000000,0.000000,0.000000,0.000000
-78.333847,34.612427,-26.961397,-18.137196,8.824201,3.396621,0.000000,0.000000,0.000000,0.000000
-79.431252,-13.757935,-22.453583,-19.469963,2.983621,3.386365,0.000000,0.000000,0.000000,0.000000
-85.614967,-21.402588,-23.544231,-22.252438,1.291793,3.360485,0.000000,0.000000,0.000000,0.000000
-91.114044,-37.210693,-23.613144,-22.167593,1.445551,3.389685,0.000000,0.000000,0.000000,0.000000
-106.374428,-28.909912,-29.021338,-22.044693,6.976645,3.400067,0.000000,0.000000,0.000000,0.000000
-103.848961,-7.013550,-30.453333,-21.849461,8.603872,3.407174,0.000000,0.000000,0.000000,0.000000
-99.483734,-2.924194,-29.552700,-20.221502,9.331198,3.386142,0.000000,0.000000,0.000000,0.000000
-93.199623,9.847412,-28.944628,-20.186958,8.757668,3.418614,0.000000,0.000000,0.000000,0.000000
-91.504524,-1.886597,-27.262697,-19.991980,7.270718,3.405621,0.000000,0.000000,0.000000,0.000000
-94.705750,-6.601562,-27.751568,-21.404894,6.346674,3.379987,0.000000,0.000000,0.000000,0.000000
-95.883316,56.493530,-34.414349,-24.579124,9.835225,3.383646,0.000000,0.000000,0.000000,0.000000
-99.083221,-22.165527,-27.508413,-20.703918,6.804495,3.347914,0.000000,0.000000,0.000000,0.000000
-102.609619,-29.428711,-27.840015,-20.443956,7.396060,3.364519,0.000000,0.000000,0.000000,0.000000
-102.362572,21.154175,-32.824188,-22.959072,9.865115,3.333611,0.000000,0.000000,0.000000,0.000000
-98.851379,-2.344360,-29.420979,-21.099833,8.321146,3.381795,0.000000,0.000000,0.000000,0.000000
-96.763756,-2.268066,-28.802320,-20.749304,8.053017,3.396055,0.000000,0.000000,0.000000,0.000000
-98.453011,-5.487671,-28.987137,-20.762981,8.224155,3.395273,0.000000,0.000000,0.000000,0.000000
-99.150536,-15.619507,-28.183210,-21.296961,6.886250,3.417153,0.000000,0.000000,0.000000,0.000000
-101.505150,-4.556885,-29.995857,-22.392990,7.602866,3.407503,0.000000,0.000000,0.000000,0.000000
-103.780769,-8.722534,-30.261978,-23.465702,6.796277,3.407680,0.000000,0.000000,0.000000,0.000000
-103.769531,-13.406982,-29.790161,-21.467943,8.322218,3.371581,0.000000,0.000000,0.000000,0.000000
-103.430519,-2.802124,-30.748943,-22.359631,8.389313,3.369835,0.000000,0.000000,0.000000,0.000000
-103.632141,9.099731,-31.999615,-23.155203,8.844412,3.377440,0.000000,0.000000,0.000000,0.000000
-100.839279,22.329102,-32.484695,-22.594364,9.890332,3.392895,0.000000,0.000000,0.000000,0.000000
-99.778664,3.423462,-30.275946,-22.273602,8.002344,3.420192,0.000000,0.000000,0.000000,0.000000
-100.425613,28.035889,-32.931274,-22.116447,10.814827,3.420897,0.000000,0.000000,0.000000,0.000000
-102.816772,-16.580811,-29.186951,-21.293003,7.893948,3.471976,0.000000,0.000000,0.000000,0.000000
-104.440430,2.218018,-31.553930,-22.652681,8.901249,3.464482,0.000000,0.000000,0.000000,0.000000
-103.598366,-15.222778,-29.557232,-21.296112,8.261119,3.495439,0.000000,0.000000,0.000000,0.000000
-101.567413,36.809692,-34.151192,-24.272783,9.878408,3.493952,0.000000,0.000000,0.000000,0.000000
-103.426064,-0.650635,-30.962755,-22.912201,8.050555,3.503876,0.000000,0.000000,0.000000,0.000000
-102.529572,34.536133,-34.212486,-23.777523,10.434964,3.506652,0.000000,0.000000,0.000000,0.000000
-104.793892,-5.563965,-30.881771,-22.564484,8.317286,3.482882,0.000000,0.000000,0.000000,0.000000
-106.709656,6.627808,-32.675678,-22.924246,9.751432,3.496607,0.000000,0.000000,0.000000,0.000000
-104.788544,6.673584,-32.103920,-23.677071,8.426848,3.464970,0.000000,0.000000,0.000000,0.000000
-105.328705,-8.615723,-30.737040,-22.147999,8.589042,3.482882,0.000000,0.000000,0.000000,0.000000
-105.547356,1.744995,-31.838707,-22.928234,8.910473,3.455530,0.000000,0.000000,0.000000,0.000000
-106.166306,20.421753,-33.892067,-24.285294,9.606772,3.439294,0.000000,0.000000,0.000000,0.000000
-106.622185,-5.594482,-31.427208,-22.255421,9.171786,3.442107,0.000000,0.000000,0.000000,0.000000
-107.504082,6.520996,-32.903324,-23.578140,9.325184,3.431981,0.000000,0.000000,0.000000,0.000000
-105.308060,-9.058228,-30.686596,-22.445349,8.241247,3.420064,0.000000,0.000000,0.000000,0.000000
-106.839157,-13.452759,-30.706470,-22.369999,8.336472,3.379318,0.000000,0.000000,0.000000,0.000000
-106.871307,-8.035889,-31.257803,-22.478167,8.779636,3.370587,0.000000,0.000000,0.000000,0.000000
-106.304184,35.283813,-35.419636,-24.598835,10.820802,3.331391,0.000000,0.000000,0.000000,0.000000
-105.433701,1.149902,-31.745100,-22.052485,9.692616,3.288611,0.000000,0.000000,0.000000,0.000000
-106.324875,-3.610840,-31.536379,-22.850958,8.685421,3.314064,0.000000,0.000000,0.000000,0.000000
-107.480766,-7.089844,-31.535246,-23.166525,8.368721,3.284415,0.000000,0.000000,0.000000,0.000000
-106.257889,8.153687,-32.692734,-23.314283,9.378450,3.308919,0.000000,0.000000,0.000000,0.000000
-106.370720,-0.208130,-31.890404,-23.217243,8.673161,3.308757,0.000000,0.000000,0.000000,0.000000
-106.872086,0.631104,-32.124737,-23.138271,8.986465,3.326152,0.000000,0.000000,0.000000,0.000000
-107.815422,-20.349731,-30.309654,-21.741287,8.568367,3.316548,0.000000,0.000000,0.000000,0.000000
-109.735405,-11.301270,-31.790495,-22.926205,8.864290,3.239431,0.000000,0.000000,0.000000,0.000000
-110.617783,1.302490,-33.315582,-23.215084,10.100499,3.231596,0.000000,0.000000,0.000000,0.000000
-110.393227,-1.169434,-33.001026,-23.345663,9.655363,3.203396,0.000000,0.000000,0.000000,0.000000
-111.912834,3.026733,-33.876522,-23.483835,10.392687,3.211531,0.000000,0.000000,0.000000,0.000000
-112.266747,3.225098,-34.002533,-23.355963,10.646570,3.213455,0.000000,0.000000,0.000000,0.000000
-111.700142,7.329712,-34.243015,-24.015703,10.227312,3.237846,0.000000,0.000000,0.000000,0.000000
-110.949516,-3.824463,-32.902409,-23.075115,9.827293,3.221290,0.000000,0.000000,0.000000,0.000000
-110.395958,-1.566162,-32.962170,-23.620029,9.342140,3.186195,0.000000,0.000000,0.000000,0.000000
-110.770020,-4.968872,-32.734119,-22.806559,9.927561,3.206526,0.000000,0.000000,0.000000,0.000000
-110.961304,-1.032104,-33.185181,-22.771233,10.413947,3.209161,0.000000,0.000000,0.000000,0.000000
-110.501732,-9.287109,-32.221809,-23.013128,9.208681,3.226559,0.000000,0.000000,0.000000,0.000000
-110.691597,1.928101,-33.400288,-22.881351,10.518936,3.230944,0.000000,0.000000,0.000000,0.000000
-111.976151,-4.358521,-33.156994,-22.885160,10.271833,3.252109,0.000000,0.000000,0.000000,0.000000
-112.360016,-0.070801,-33.700924,-23.283480,10.417444,3.244092,0.000000,0.000000,0.000000,0.000000
-112.522148,5.178223,-34.274467,-23.464779,10.809689,3.224757,0.000000,0.000000,0.000000,0.000000
-111.791206,-2.710571,-33.266304,-22.949928,10.316377,3.269617,0.000000,0.000000,0.000000,0.000000
-112.238503,-4.953613,-33.176189,-23.051218,10.124971,3.256282,0.000000,0.000000,0.000000,0.000000
-112.844467,-2.115479,-33.641792,-23.154705,10.487087,3.264534,0.000000,0.000000,0.000000,0.000000
-112.254356,-2.924194,-33.383888,-22.829458,10.554430,3.258311,0.000000,0.000000,0.000000,0.000000
-113.353279,-5.884399,-33.417545,-22.743530,10.674015,3.245479,0.000000,0.000000,0.000000,0.000000
-113.027824,7.360229,-34.644371,-23.562084,11.082288,3.196489,0.000000,0.000000,0.000000,0.000000
-112.571976,-6.128540,-33.158737,-22.671616,10.487122,3.198042,0.000000,0.000000,0.000000,0.000000
-113.186394,-2.557983,-33.700119,-22.752909,10.947210,3.230390,0.000000,0.000000,0.000000,0.000000
-113.712288,-1.520386,-33.961647,-22.892012,11.069635,3.233973,0.000000,0.000000,0.000000,0.000000
-115.516808,-5.548706,-34.100170,-23.158028,10.942143,3.237155,0.000000,0.000000,0.000000,0.000000
-116.827843,-10.584106,-33.989941,-23.406063,10.583877,3.208547,0.000000,0.000000,0.000000,0.000000
-117.644966,-1.276245,-35.165867,-23.665798,11.500069,3.213635,0.000000,0.000000,0.000000,0.000000
-117.342506,7.711182,-35.973869,-24.018505,11.955363,3.193674,0.000000,0.000000,0.000000,0.000000
-117.273918,-6.281128,-34.554062,-23.524147,11.029915,3.158415,0.000000,0.000000,0.000000,0.000000
-116.548874,4.812012,-35.445862,-23.876724,11.569139,3.172327,0.000000,0.000000,0.000000,0.000000
-117.499146,-2.756348,-34.974110,-23.695902,11.278208,3.157827,0.000000,0.000000,0.000000,0.000000
-118.059349,-5.106201,-34.907185,-23.716566,11.190619,3.162962,0.000000,0.000000,0.000000,0.000000
-118.794823,-2.756348,-35.362812,-24.040375,11.322437,3.130034,0.000000,0.000000,0.000000,0.000000
-118.880249,5.208740,-36.184948,-24.335920,11.849028,3.105362,0.000000,0.000000,0.000000,0.000000
-119.441307,-3.610840,-35.471310,-24.124538,11.346771,3.080919,0.000000,0.000000,0.000000,0.000000
-120.146088,-3.412476,-35.702579,-24.060762,11.641817,3.061855,0.000000,0.000000,0.000000,0.000000
-120.239296,14.333496,-37.505138,-24.371229,13.133909,3.085606,0.000000,0.000000,0.000000,0.000000
-121.323120,2.889404,-36.685875,-24.656147,12.029727,3.072304,0.000000,0.000000,0.000000,0.000000
-122.046280,-2.695312,-36.344353,-24.437794,11.906558,3.094669,0.000000,0.000000,0.000000,0.000000
-122.421989,-3.000488,-36.426548,-24.302511,12.124037,3.046839,0.000000,0.000000,0.000000,0.000000
-122.759842,-0.543823,-36.773571,-24.275658,12.497914,3.025530,0.000000,0.000000,0.000000,0.000000
-123.338615,-2.039185,-36.797665,-24.393913,12.403752,2.986432,0.000000,0.000000,0.000000,0.000000
-123.947731,3.621826,-37.546501,-24.771351,12.775150,2.946073,0.000000,0.000000,0.000000,0.000000
-124.541542,3.270874,-37.689548,-24.887173,12.802377,2.910880,0.000000,0.000000,0.000000,0.000000
-124.829605,1.867065,-37.635590,-24.889936,12.745653,2.882965,0.000000,0.000000,0.000000,0.000000
-125.553276,1.058350,-37.771816,-24.906773,12.865044,2.863261,0.000000,0.000000,0.000000,0.000000
-126.292435,-0.879517,-37.799778,-24.943954,12.855824,2.828550,0.000000,0.000000,0.000000,0.000000
-127.044525,-1.840820,-37.929276,-24.950815,12.978460,2.835494,0.000000,0.000000,0.000000,0.000000
-127.459373,1.119385,-38.349751,-25.160667,13.189083,2.815862,0.000000,0.000000,0.000000,0.000000
-127.927864,-2.268066,-38.151554,-25.037590,13.113965,2.798983,0.000000,0.000000,0.000000,0.000000
-128.372482,0.447998,-38.556545,-25.311567,13.244978,2.824062,0.000000,0.000000,0.000000,0.000000
-129.072342,-1.627197,-38.558983,-25.287903,13.271080,2.828334,0.000000,0.000000,0.000000,0.000000
-129.834000,1.607666,-39.110966,-25.719936,13.391029,2.839815,0.000000,0.000000,0.000000,0.000000
-130.231232,0.661621,-39.135532,-25.503990,13.631541,2.831241,0.000000,0.000000,0.000000,0.000000
-130.589111,-0.635376,-39.113197,-25.440346,13.672851,2.864401,0.000000,0.000000,0.000000,0.000000
-130.993225,0.097046,-39.307671,-25.548653,13.759019,2.851260,0.000000,0.000000,0.000000,0.000000
-131.589676,-0.162354,-39.460667,-25.721062,13.739605,2.854967,0.000000,0.000000,0.000000,0.000000
-131.922791,-0.009766,-39.575859,-25.673851,13.902008,2.855975,0.000000,0.000000,0.000000,0.000000
-132.550629,-0.116577,-39.753532,-25.828512,13.925020,2.841543,0.000000,0.000000,0.000000,0.000000
-133.050674,0.173340,-39.932537,-25.835258,14.097279,2.873996,0.000000,0.000000,0.000000,0.000000
-133.612366,0.264893,-40.110199,-25.979576,14.130624,2.867321,0.000000,0.000000,0.000000,0.000000
-134.099884,-0.223389,-40.207626,-25.981306,14.226320,2.870030,0.000000,0.000000,0.000000,0.000000
-134.663956,0.371704,-40.436356,-26.042820,14.393535,2.879174,0.000000,0.000000,0.000000,0.000000
-135.214417,-0.131836,-40.551140,-26.088669,14.462470,2.847294,0.000000,0.000000,0.000000,0.000000
-135.674133,0.127563,-40.714996,-26.135422,14.579575,2.844025,0.000000,0.000000,0.000000,0.000000
-136.073059,0.127563,-40.834675,-26.187229,14.647445,2.843429,0.000000,0.000000,0.000000,0.000000
-136.479004,-0.070801,-40.936623,-26.265377,14.671247,2.863929,0.000000,0.000000,0.000000,0.000000
-136.688675,-0.131836,-40.993420,-26.248522,14.744898,2.864824,0.000000,0.000000,0.000000,0.000000
-136.857254,0.249634,-41.082138,-26.268072,14.814066,2.865838,0.000000,0.000000,0.000000,0.000000
-136.899216,-0.101318,-41.059631,-26.256374,14.803257,2.844375,0.000000,0.000000,0.000000,0.000000
-136.973877,0.539551,-41.146118,-26.192696,14.953423,2.827017,0.000000,0.000000,0.000000,0.000000
-136.827621,0.325928,-41.080879,-26.080212,15.000668,2.838833,0.000000,0.000000,0.000000,0.000000
-137.075012,0.341187,-41.156624,-26.183632,14.972992,2.824378,0.000000,0.000000,0.000000,0.000000
-136.935333,0.676880,-41.148289,-26.056183,15.092107,2.817596,0.000000,0.000000,0.000000,0.000000
-137.019943,-0.223389,-41.083645,-26.147072,14.936573,2.814679,0.000000,0.000000,0.000000,0.000000
-136.918289,-0.040283,-41.071457,-26.069511,15.001945,2.852688,0.000000,0.000000,0.000000,0.000000
-137.168839,0.005493,-41.151199,-26.101280,15.049920,2.848365,0.000000,0.000000,0.000000,0.000000
-137.275467,0.493774,-41.232018,-26.177519,15.054499,2.861820,0.000000,0.000000,0.000000,0.000000
-137.245804,0.203857,-41.194126,-26.072605,15.121521,2.855788,0.000000,0.000000,0.000000,0.000000
-137.141846,0.142822,-41.156837,-26.061596,15.095241,2.846838,0.000000,0.000000,0.000000,0.000000
-137.076859,-0.162354,-41.106823,-26.235174,14.871649,2.859025,0.000000,0.000000,0.000000,0.000000
-136.945251,-0.253906,-41.058186,-26.101086,14.957100,2.835669,0.000000,0.000000,0.000000,0.000000
-137.029968,0.127563,-41.121746,-26.159729,14.962017,2.847894,0.000000,0.000000,0.000000,0.000000
-137.010818,-0.070801,-41.096165,-26.077930,15.018234,2.827045,0.000000,0.000000,0.000000,0.000000
-137.117081,-0.223389,-41.112785,-26.201466,14.911320,2.785064,0.000000,0.000000,0.000000,0.000000
-137.129181,0.493774,-41.188133,-26.134995,15.053139,2.764545,0.000000,0.000000,0.000000,0.000000
-136.907150,0.386963,-41.110840,-26.040894,15.069946,2.726772,0.000000,0.000000,0.000000,0.000000
-136.834717,-0.025024,-41.047913,-26.010038,15.037874,2.725209,0.000000,0.000000,0.000000,0.000000
-137.073700,0.066528,-41.128761,-26.088699,15.040061,2.701916,0.000000,0.000000,0.000000,0.000000
-137.302216,0.097046,-41.200371,-26.152241,15.048129,2.674756,0.000000,0.000000,0.000000,0.000000
-137.322647,-0.269165,-41.169876,-26.176235,14.993641,2.656805,0.000000,0.000000,0.000000,0.000000
-137.263092,0.264893,-41.205418,-26.073305,15.132113,2.667121,0.000000,0.000000,0.000000,0.000000
-137.220123,0.020752,-41.168114,-26.111931,15.056184,2.686106,0.000000,0.000000,0.000000,0.000000
-136.876251,0.081787,-41.071053,-26.062204,15.008848,2.676603,0.000000,0.000000,0.000000,0.000000
-136.956085,-0.055542,-41.081272,-26.007988,15.073285,2.681709,0.000000,0.000000,0.000000,0.000000
-137.077820,-0.421753,-41.081169,-26.079021,15.002149,2.667355,0.000000,0.000000,0.000000,0.000000
-137.348969,-0.742188,-41.130470,-26.166370,14.964100,2.667076,0.000000,0.000000,0.000000,0.000000
-137.344223,-0.116577,-41.191608,-26.174829,15.016779,2.656157,0.000000,0.000000,0.000000,0.000000
-137.263931,-0.284424,-41.150738,-26.140665,15.010073,2.628703,0.000000,0.000000,0.000000,0.000000
-137.043320,0.158081,-41.128803,-26.056721,15.072083,2.632855,0.000000,0.000000,0.000000,0.000000
-136.979797,0.097046,-41.103645,-26.046852,15.056793,2.627133,0.000000,0.000000,0.000000,0.000000
-137.027008,0.112305,-41.119331,-26.087894,15.031436,2.650187,0.000000,0.000000,0.000000,0.000000
-136.819656,0.188599,-41.064758,-25.969040,15.095718,2.641366,0.000000,0.000000,0.000000,0.000000
-137.088806,0.051270,-41.131767,-26.063189,15.068579,2.648849,0.000000,0.000000,0.000000,0.000000
-137.236298,-0.238647,-41.147026,-26.174290,14.972736,2.624795,0.000000,0.000000,0.000000,0.000000
-137.242645,-0.101318,-41.162663,-26.093842,15.068821,2.606370,0.000000,0.000000,0.000000,0.000000
-137.237625,0.127563,-41.184044,-26.089731,15.094313,2.589167,0.000000,0.000000,0.000000,0.000000
-137.047653,0.325928,-41.146889,-26.093399,15.053491,2.581444,0.000000,0.000000,0.000000,0.000000
-136.857574,0.188599,-41.076134,-25.998989,15.077146,2.582226,0.000000,0.000000,0.000000,0.000000
-136.957550,-0.116577,-41.075607,-26.087065,14.988543,2.570408,0.000000,0.000000,0.000000,0.000000
-136.673981,-0.086060,-40.993587,-25.816643,15.176945,2.589540,0.000000,0.000000,0.000000,0.000000
-136.810593,-0.330200,-41.010159,-25.915024,15.095136,2.576703,0.000000,0.000000,0.000000,0.000000
-136.915436,-0.223389,-41.052292,-25.980827,15.071465,2.568831,0.000000,0.000000,0.000000,0.000000
-137.103439,-0.208130,-41.110218,-26.090870,15.019348,2.586817,0.000000,0.000000,0.000000,0.000000
-136.907242,-0.391235,-41.033051,-25.969742,15.063309,2.587442,0.000000,0.000000,0.000000,0.000000
-136.907776,0.539551,-41.126289,-26.069294,15.056995,2.612871,0.000000,0.000000,0.000000,0.000000
-136.908096,-0.009766,-41.071453,-25.967939,15.103514,2.622309,0.000000,0.000000,0.000000,0.000000
-136.923981,-0.131836,-41.064011,-25.920397,15.143614,2.635274,0.000000,0.000000,0.000000,0.000000
-136.893936,0.112305,-41.079411,-25.908895,15.170515,2.631706,0.000000,0.000000,0.000000,0.000000
-136.756760,0.081787,-41.035206,-25.933426,15.101781,2.614836,0.000000,0.000000,0.000000,0.000000
-136.809280,-0.116577,-41.031128,-25.895750,15.135378,2.614273,0.000000,0.000000,0.000000,0.000000
-137.034027,-0.055542,-41.104652,-25.890587,15.214065,2.602938,0.000000,0.000000,0.000000,0.000000
-136.809464,0.371704,-41.080009,-25.927639,15.152371,2.597591,0.000000,0.000000,0.000000,0.000000
-136.804733,0.020752,-41.043495,-25.950649,15.092845,2.579954,0.000000,0.000000,0.000000,0.000000
-136.782455,-0.025024,-41.032234,-25.896557,15.135677,2.561457,0.000000,0.000000,0.000000,0.000000
-136.726562,0.173340,-41.035301,-25.819859,15.215443,2.536524,0.000000,0.000000,0.000000,0.000000
-136.776428,0.005493,-41.033478,-25.874912,15.158566,2.511315,0.000000,0.000000,0.000000,0.000000
-136.723785,0.280151,-41.045151,-25.844994,15.200157,2.552387,0.000000,0.000000,0.000000,0.000000
-136.762146,-0.253906,-41.003254,-25.898708,15.104547,2.579036,0.000000,0.000000,0.000000,0.000000
-136.630066,0.081787,-40.997200,-25.821550,15.175650,2.599319,0.000000,0.000000,0.000000,0.000000
-136.878174,-0.040283,-41.059425,-25.932114,15.127313,2.608713,0.000000,0.000000,0.000000,0.000000
-136.554276,0.097046,-40.975986,-25.846561,15.129424,2.629255,0.000000,0.000000,0.000000,0.000000
-136.719131,-0.131836,-41.002556,-25.894358,15.108198,2.622696,0.000000,0.000000,0.000000,0.000000
-136.946259,-0.269165,-41.056961,-25.824196,15.232765,2.610622,0.000000,0.000000,0.000000,0.000000
-136.902451,0.142822,-41.085018,-25.917273,15.167746,2.632644,0.000000,0.000000,0.000000,0.000000
-136.523270,-0.131836,-40.943798,-25.765127,15.178671,2.644114,0.000000,0.000000,0.000000,0.000000
-136.574371,0.402222,-41.012535,-25.838680,15.173854,2.671790,0.000000,0.000000,0.000000,0.000000
-136.421890,0.127563,-40.939323,-25.698418,15.240906,2.656221,0.000000,0.000000,0.000000,0.000000
-136.722549,0.005493,-41.017315,-25.825191,15.192122,2.677049,0.000000,0.000000,0.000000,0.000000
-136.489777,-0.360718,-40.910862,-25.776184,15.134678,2.664989,0.000000,0.000000,0.000000,0.000000
-136.998978,-0.375977,-41.062096,-25.903019,15.159077,2.641784,0.000000,0.000000,0.000000,0.000000
-136.807495,-0.040283,-41.038219,-25.933273,15.104947,2.626358,0.000000,0.000000,0.000000,0.000000
-136.954788,-0.253906,-41.061047,-25.921848,15.139198,2.601284,0.000000,0.000000,0.000000,0.000000
-136.986557,0.539551,-41.149921,-25.840935,15.308987,2.642209,0.000000,0.000000,0.000000,0.000000
-136.729523,0.341187,-41.052975,-25.792656,15.260319,2.643442,0.000000,0.000000,0.000000,0.000000
-136.601974,-0.040283,-40.976562,-25.757210,15.219352,2.623250,0.000000,0.000000,0.000000,0.000000
-136.634003,0.066528,-40.996853,-25.709232,15.287621,2.573186,0.000000,0.000000,0.000000,0.000000
-136.434402,0.097046,-40.940025,-25.767979,15.172048,2.543073,0.000000,0.000000,0.000000,0.000000
-136.391144,0.051270,-40.922470,-25.746643,15.175827,2.539921,0.000000,0.000000,0.000000,0.000000
-136.563873,0.356445,-41.004807,-25.745819,15.258987,2.551095,0.000000,0.000000,0.000000,0.000000
-136.520950,0.081787,-40.964462,-25.696899,15.267563,2.541155,0.000000,0.000000,0.000000,0.000000
-136.378296,0.127563,-40.926247,-25.697897,15.228350,2.487648,0.000000,0.000000,0.000000,0.000000
-136.529312,0.005493,-40.959343,-25.719360,15.239982,2.468561,0.000000,0.000000,0.000000,0.000000
-136.416763,0.341187,-40.959148,-25.729809,15.229340,2.464066,0.000000,0.000000,0.000000,0.000000
-136.371155,0.142822,-40.925629,-25.773022,15.152607,2.462288,0.000000,0.000000,0.000000,0.000000
-136.393799,-0.177612,-40.900379,-25.733845,15.166534,2.472075,0.000000,0.000000,0.000000,0.000000
-136.513138,-0.253906,-40.928551,-25.702124,15.226427,2.447153,0.000000,0.000000,0.000000,0.000000
-136.630386,0.081787,-40.997295,-25.803625,15.193670,2.417655,0.000000,0.000000,0.000000,0.000000
-136.399719,-0.223389,-40.897575,-25.729855,15.167721,2.425600,0.000000,0.000000,0.000000,0.000000
-136.418396,-0.131836,-40.912334,-25.696472,15.215863,2.467699,0.000000,0.000000,0.000000,0.000000
-136.620224,0.432739,-41.029343,-25.765364,15.263979,2.449858,0.000000,0.000000,0.000000,0.000000
-136.423935,0.417480,-40.968929,-25.712969,15.255960,2.448242,0.000000,0.000000,0.000000,0.000000
-136.467010,0.081787,-40.948280,-25.593670,15.354610,2.415688,0.000000,0.000000,0.000000,0.000000
-136.374283,0.142822,-40.926567,-25.551132,15.375434,2.409575,0.000000,0.000000,0.000000,0.000000
-136.190659,-0.208130,-40.836384,-25.700016,15.136368,2.433552,0.000000,0.000000,0.000000,0.000000
-136.170929,-0.314941,-40.819786,-25.620731,15.199054,2.444057,0.000000,0.000000,0.000000,0.000000
-136.347885,-0.101318,-40.894234,-25.646454,15.247780,2.478485,0.000000,0.000000,0.000000,0.000000
-136.643524,-0.070801,-40.985977,-25.760092,15.225885,2.508774,0.000000,0.000000,0.000000,0.000000
-136.433899,-0.223389,-40.907829,-25.768154,15.139676,2.501964,0.000000,0.000000,0.000000,0.000000
-136.497070,0.264893,-40.975609,-25.692751,15.282858,2.523376,0.000000,0.000000,0.000000,0.000000
-136.542679,0.707397,-41.033543,-25.738438,15.295104,2.517465,0.000000,0.000000,0.000000,0.000000
-136.171188,0.402222,-40.891579,-25.576122,15.315457,2.513446,0.000000,0.000000,0.000000,0.000000
-136.181610,-0.635376,-40.790947,-25.688911,15.102035,2.504891,0.000000,0.000000,0.000000,0.000000
-136.585739,-0.086060,-40.967117,-25.660357,15.306761,2.530639,0.000000,0.000000,0.000000,0.000000
-136.529297,-0.238647,-40.934925,-25.657413,15.277512,2.525219,0.000000,0.000000,0.000000,0.000000
-136.571045,-0.131836,-40.958130,-25.727034,15.231096,2.542176,0.000000,0.000000,0.000000,0.000000
-136.239120,0.753174,-40.947052,-25.643522,15.303530,2.574720,0.000000,0.000000,0.000000,0.000000
-136.043945,-0.177612,-40.795422,-25.554008,15.241414,2.593505,0.000000,0.000000,0.000000,0.000000
-136.333252,0.356445,-40.935619,-25.663147,15.272472,2.631212,0.000000,0.000000,0.000000,0.000000
-136.349304,-0.040283,-40.900764,-25.726332,15.174433,2.625022,0.000000,0.000000,0.000000,0.000000
-136.424545,0.097046,-40.937069,-25.602226,15.334843,2.660473,0.000000,0.000000,0.000000,0.000000
-136.445755,0.158081,-40.949535,-25.604115,15.345421,2.637189,0.000000,0.000000,0.000000,0.000000
-136.421860,-0.086060,-40.917953,-25.639416,15.278538,2.620422,0.000000,0.000000,0.000000,0.000000
-136.199966,-0.086060,-40.851383,-25.532143,15.319242,2.663803,0.000000,0.000000,0.000000,0.000000
-136.151993,0.386963,-40.884293,-25.595806,15.288486,2.677224,0.000000,0.000000,0.000000,0.000000
-136.144440,-0.070801,-40.836250,-25.520000,15.316250,2.680837,0.000000,0.000000,0.000000,0.000000
-136.262589,-0.116577,-40.867119,-25.558399,15.308721,2.680838,0.000000,0.000000,0.000000,0.000000
-136.574951,-0.528564,-40.919628,-25.605375,15.314253,2.693901,0.000000,0.000000,0.000000,0.000000
-136.625671,-0.375977,-40.950104,-25.603382,15.346723,2.646751,0.000000,0.000000,0.000000,0.000000
-136.362915,-0.101318,-40.898743,-25.674179,15.224563,2.622972,0.000000,0.000000,0.000000,0.000000
-136.180695,0.112305,-40.865440,-25.520020,15.345421,2.599649,0.000000,0.000000,0.000000,0.000000
-136.590576,-0.009766,-40.976196,-25.698742,15.277454,2.568877,0.000000,0.000000,0.000000,0.000000
-136.611954,-0.253906,-40.958195,-25.618755,15.339439,2.586949,0.000000,0.000000,0.000000,0.000000
-136.847931,0.356445,-41.090023,-25.742626,15.347396,2.560155,0.000000,0.000000,0.000000,0.000000
-136.650864,0.036011,-40.998859,-25.596848,15.402013,2.561378,0.000000,0.000000,0.000000,0.000000
-136.593399,-0.025024,-40.975517,-25.743149,15.232368,2.563132,0.000000,0.000000,0.000000,0.000000
-136.631500,-0.620117,-40.927437,-25.773554,15.153883,2.569425,0.000000,0.000000,0.000000,0.000000
-136.930984,-0.025024,-41.076794,-25.721540,15.355253,2.587385,0.000000,0.000000,0.000000,0.000000
-137.044052,-0.025024,-41.110714,-25.981998,15.128716,2.591165,0.000000,0.000000,0.000000,0.000000
-136.818588,0.631104,-41.108688,-25.729485,15.379205,2.600630,0.000000,0.000000,0.000000,0.000000
-136.699493,0.341187,-41.043968,-25.703669,15.340300,2.575486,0.000000,0.000000,0.000000,0.000000
-136.315796,-0.269165,-40.867821,-25.652239,15.215582,2.609636,0.000000,0.000000,0.000000,0.000000
-136.639999,0.158081,-41.007809,-25.680233,15.327575,2.623105,0.000000,0.000000,0.000000,0.000000
-136.520767,-0.025024,-40.953728,-25.631823,15.321905,2.646910,0.000000,0.000000,0.000000,0.000000
-136.530304,0.295410,-40.988632,-25.692272,15.296360,2.682416,0.000000,0.000000,0.000000,0.000000
-136.386444,0.219116,-40.937843,-25.539572,15.398272,2.692557,0.000000,0.000000,0.000000,0.000000
-136.459366,-0.650635,-40.872746,-25.575232,15.297514,2.692614,0.000000,0.000000,0.000000,0.000000
-136.847641,-0.131836,-41.041107,-25.686565,15.354542,2.688674,0.000000,0.000000,0.000000,0.000000
-136.661621,-0.360718,-40.962414,-25.707108,15.255306,2.693347,0.000000,0.000000,0.000000,0.000000
-136.906097,-0.711670,-41.000664,-25.751223,15.249441,2.670407,0.000000,0.000000,0.000000,0.000000
-137.120316,0.341187,-41.170212,-25.889160,15.281053,2.630380,0.000000,0.000000,0.000000,0.000000
-136.837509,0.570068,-41.108261,-25.682625,15.425637,2.642910,0.000000,0.000000,0.000000,0.000000
-136.807541,0.005493,-41.042812,-25.647945,15.394866,2.635037,0.000000,0.000000,0.000000,0.000000
-136.870514,0.020752,-41.063229,-25.592787,15.470442,2.644736,0.000000,0.000000,0.000000,0.000000
-136.969421,-0.681152,-41.022713,-25.627476,15.395237,2.638628,0.000000,0.000000,0.000000,0.000000
-136.890961,0.020752,-41.069363,-25.668941,15.400422,2.660607,0.000000,0.000000,0.000000,0.000000
-136.698303,0.142822,-41.023773,-25.654404,15.369370,2.649572,0.000000,0.000000,0.000000,0.000000
-136.824814,0.356445,-41.083088,-25.642942,15.440145,2.629270,0.000000,0.000000,0.000000,0.000000
-136.733383,0.142822,-41.034298,-25.564735,15.469562,2.622394,0.000000,0.000000,0.000000,0.000000
-136.906021,0.310669,-41.102875,-25.542118,15.560758,2.608848,0.000000,0.000000,0.000000,0.000000
-136.928589,-0.742188,-41.004356,-25.644325,15.360032,2.620682,0.000000,0.000000,0.000000,0.000000
-136.908203,-0.803223,-40.992138,-25.635839,15.356298,2.610948,0.000000,0.000000,0.000000,0.000000
-137.162094,0.081787,-41.156807,-25.743546,15.413261,2.664690,0.000000,0.000000,0.000000,0.000000
-137.104980,0.203857,-41.151878,-25.784309,15.367569,2.657290,0.000000,0.000000,0.000000,0.000000
-137.104294,0.341187,-41.165405,-25.774714,15.390692,2.649378,0.000000,0.000000,0.000000,0.000000
-137.100098,0.020752,-41.132103,-25.693634,15.438469,2.662258,0.000000,0.000000,0.000000,0.000000
-137.083603,-0.269165,-41.098164,-25.658760,15.439404,2.650033,0.000000,0.000000,0.000000,0.000000
-137.219162,-0.208130,-41.144936,-25.836193,15.308743,2.648102,0.000000,0.000000,0.000000,0.000000
-137.328934,-0.101318,-41.188549,-25.812674,15.375875,2.621411,0.000000,0.000000,0.000000,0.000000
-137.200790,-0.025024,-41.157734,-25.789841,15.367893,2.605364,0.000000,0.000000,0.000000,0.000000
-137.268097,0.325928,-41.213020,-25.776413,15.436607,2.613902,0.000000,0.000000,0.000000,0.000000
-137.221085,0.646362,-41.230961,-25.870348,15.360613,2.606919,0.000000,0.000000,0.000000,0.000000
-136.830246,0.020752,-41.051147,-25.610165,15.440983,2.614340,0.000000,0.000000,0.000000,0.000000
-137.075668,-0.528564,-41.069843,-25.631786,15.438058,2.574442,0.000000,0.000000,0.000000,0.000000
-137.402252,-0.223389,-41.198338,-25.734486,15.463853,2.555867,0.000000,0.000000,0.000000,0.000000
-137.330307,-0.284424,-41.170650,-25.751633,15.419018,2.537175,0.000000,0.000000,0.000000,0.000000
-137.328125,0.097046,-41.208141,-25.870502,15.337639,2.554070,0.000000,0.000000,0.000000,0.000000
-137.301361,0.203857,-41.210793,-25.734797,15.475996,2.556237,0.000000,0.000000,0.000000,0.000000
-137.388702,0.402222,-41.256832,-25.676346,15.580487,2.548510,0.000000,0.000000,0.000000,0.000000
-137.026382,-0.009766,-41.106937,-25.747910,15.359028,2.574639,0.000000,0.000000,0.000000,0.000000
-136.894623,-0.360718,-41.032314,-25.706858,15.325457,2.556659,0.000000,0.000000,0.000000,0.000000
-137.007492,0.158081,-41.118057,-25.619556,15.498500,2.554349,0.000000,0.000000,0.000000,0.000000
-137.216049,0.249634,-41.189777,-25.681633,15.508144,2.543242,0.000000,0.000000,0.000000,0.000000
-136.945114,0.539551,-41.137489,-25.651344,15.486144,2.532197,0.000000,0.000000,0.000000,0.000000
-137.007172,-0.086060,-41.093544,-25.549702,15.543842,2.506072,0.000000,0.000000,0.000000,0.000000
-136.958588,-0.086060,-41.078972,-25.647251,15.431720,2.496288,0.000000,0.000000,0.000000,0.000000
-137.006302,-4.129639,-40.688927,-25.451973,15.236953,2.540680,0.000000,0.000000,0.000000,0.000000
-136.953308,-0.055542,-41.080437,-25.644669,15.435768,2.529133,0.000000,0.000000,0.000000,0.000000
-136.933594,0.005493,-41.080627,-25.581448,15.499180,2.550651,0.000000,0.000000,0.000000,0.000000
-137.094421,0.295410,-41.157867,-25.613483,15.544384,2.555484,0.000000,0.000000,0.000000,0.000000
-137.012939,0.295410,-41.133423,-25.575336,15.558086,2.627993,0.000000,0.000000,0.000000,0.000000
-136.995117,-0.025024,-41.096031,-25.612406,15.483625,2.621497,0.000000,0.000000,0.000000,0.000000
-136.849396,-0.177612,-41.037056,-25.515726,15.521330,2.599231,0.000000,0.000000,0.000000,0.000000
-137.007599,-0.437012,-41.058578,-25.626860,15.431719,2.613558,0.000000,0.000000,0.000000,0.000000
-136.998062,-0.162354,-41.083183,-25.640926,15.442258,2.618596,0.000000,0.000000,0.000000,0.000000
-137.128128,0.432739,-41.181713,-25.601814,15.579898,2.617853,0.000000,0.000000,0.000000,0.000000
-136.770126,0.783691,-41.109406,-25.461636,15.647770,2.591545,0.000000,0.000000,0.000000,0.000000
-136.730392,0.219116,-41.041031,-25.481813,15.559217,2.594550,0.000000,0.000000,0.000000,0.000000
-136.782486,-0.162354,-41.018509,-25.409904,15.608603,2.594717,0.000000,0.000000,0.000000,0.000000
-136.837814,-0.086060,-41.042740,-25.543205,15.499534,2.594743,0.000000,0.000000,0.000000,0.000000
-136.626434,-0.406494,-40.947281,-25.470510,15.476770,2.635553,0.000000,0.000000,0.000000,0.000000
-136.820389,-0.070801,-41.039036,-25.403069,15.635967,2.668051,0.000000,0.000000,0.000000,0.000000
-136.852936,0.631104,-41.118992,-25.421467,15.697524,2.691354,0.000000,0.000000,0.000000,0.000000
-136.648621,-0.086060,-40.985981,-25.451689,15.534292,2.687730,0.000000,0.000000,0.000000,0.000000
-136.567535,0.112305,-40.981491,-25.397259,15.584231,2.687487,0.000000,0.000000,0.000000,0.000000
-136.824982,0.051270,-41.052620,-25.540472,15.512148,2.678304,0.000000,0.000000,0.000000,0.000000
-136.792175,-0.101318,-41.027519,-25.449228,15.578291,2.665589,0.000000,0.000000,0.000000,0.000000
-137.007538,-0.467529,-41.055508,-25.560127,15.495380,2.681807,0.000000,0.000000,0.000000,0.000000
-136.872757,0.020752,-41.063904,-25.426598,15.637305,2.679130,0.000000,0.000000,0.000000,0.000000
-136.765045,-0.040283,-41.025486,-25.401890,15.623595,2.681855,0.000000,0.000000,0.000000,0.000000
-136.523468,0.646362,-41.021675,-25.360289,15.661386,2.648317,0.000000,0.000000,0.000000,0.000000
-136.535309,-0.025024,-40.958092,-25.351063,15.607028,2.638203,0.000000,0.000000,0.000000,0.000000
-136.881165,-0.665894,-40.997761,-25.436119,15.561643,2.642009,0.000000,0.000000,0.000000,0.000000
-137.105011,-0.238647,-41.107639,-25.508337,15.599302,2.639256,0.000000,0.000000,0.000000,0.000000
-137.032532,-0.223389,-41.087421,-25.554005,15.533416,2.683285,0.000000,0.000000,0.000000,0.000000
-137.042603,0.295410,-41.142323,-25.509436,15.632887,2.667423,0.000000,0.000000,0.000000,0.000000
-136.857986,0.158081,-41.073204,-25.482273,15.590932,2.681442,0.000000,0.000000,0.000000,0.000000
-136.712723,0.554810,-41.069298,-25.378069,15.691229,2.636016,0.000000,0.000000,0.000000,0.000000
-136.768692,0.417480,-41.072357,-25.349463,15.722895,2.643551,0.000000,0.000000,0.000000,0.000000
-136.749268,0.097046,-41.034485,-25.294661,15.739824,2.616126,0.000000,0.000000,0.000000,0.000000
-136.874954,-0.589600,-41.003525,-25.385551,15.617974,2.600752,0.000000,0.000000,0.000000,0.000000
-136.737015,0.097046,-41.030807,-25.390175,15.640634,2.616003,0.000000,0.000000,0.000000,0.000000
-136.782593,-0.986328,-40.936146,-25.524982,15.411164,2.585210,0.000000,0.000000,0.000000,0.000000
-137.015305,-0.330200,-41.071571,-25.511774,15.559797,2.580912,0.000000,0.000000,0.000000,0.000000
-137.219040,0.234375,-41.189148,-25.560835,15.628313,2.543192,0.000000,0.000000,0.000000,0.000000
-137.185196,0.463257,-41.201885,-25.433712,15.768172,2.559048,0.000000,0.000000,0.000000,0.000000
-137.180573,-0.208130,-41.133358,-25.425428,15.707930,2.543614,0.000000,0.000000,0.000000,0.000000
-137.180634,-0.009766,-41.153214,-25.527452,15.625761,2.538238,0.000000,0.000000,0.000000,0.000000
-137.088898,-0.070801,-41.119591,-25.518833,15.600759,2.554108,0.000000,0.000000,0.000000,0.000000
-136.970337,0.493774,-41.140480,-25.450392,15.690088,2.535665,0.000000,0.000000,0.000000,0.000000
-136.940903,0.463257,-41.128597,-25.468084,15.660513,2.552053,0.000000,0.000000,0.000000,0.000000
-136.986130,0.234375,-41.119278,-25.364120,15.755157,2.550020,0.000000,0.000000,0.000000,0.000000
