-0.334192,0.000259,-0.100284,0.060317,0.039966,-0.001671,0.000000,0.000000,0.000000,0.000000
-0.335379,0.000259,-0.100640,0.060692,0.039948,-0.001677,0.000000,0.000000,0.000000,0.000000
-0.098497,0.000259,-0.029575,-0.027911,0.057486,-0.000492,0.000000,0.000000,0.000000,0.000000
0.328036,0.000259,0.098385,-0.039139,-0.059245,0.001640,0.000000,0.000000,0.000000,0.000000
-0.006360,0.000259,-0.001934,0.011160,-0.009226,-0.000032,0.000000,0.000000,0.000000,0.000000
-0.340223,0.000259,-0.102093,0.051297,0.050796,-0.001701,0.000000,0.000000,0.000000,0.000000
-0.341414,0.000259,-0.102450,0.061676,0.040774,-0.001707,0.000000,0.000000,0.000000,0.000000
-0.342579,0.000259,-0.102800,0.072047,0.030753,-0.001713,0.000000,0.000000,0.000000,0.000000
-0.010865,0.000259,-0.003285,0.001891,0.001394,-0.000054,0.000000,0.000000,0.000000,0.000000
-0.012229,0.000259,-0.003695,0.011980,-0.008285,-0.000061,0.000000,0.000000,0.000000,0.000000
-0.346407,0.000259,-0.103948,0.052083,0.051866,-0.001732,0.000000,0.000000,0.000000,0.000000
-0.014623,0.000259,-0.004413,0.012462,-0.008049,-0.000073,0.000000,0.000000,0.000000,0.000000
-0.349165,0.000259,-0.104775,0.063741,0.041035,-0.001746,0.000000,0.000000,0.000000,0.000000
0.316051,0.000259,0.094789,-0.045890,-0.048899,0.001580,0.000000,0.000000,0.000000,0.000000
-0.018045,0.000259,-0.005439,0.024309,-0.018870,-0.000090,0.000000,0.000000,0.000000,0.000000
0.180931,0.000259,0.054253,-0.010155,-0.044098,0.000905,0.000000,0.000000,0.000000,0.000000
-0.089667,0.000259,-0.026926,-0.005152,0.032078,-0.000448,0.000000,0.000000,0.000000,0.000000
0.008921,0.000259,0.002650,0.024338,-0.026989,0.000045,0.000000,0.000000,0.000000,0.000000
0.193790,0.000259,0.058111,-0.015683,-0.042428,0.000969,0.000000,0.000000,0.000000,0.000000
0.244724,0.000259,0.073391,-0.057736,-0.015655,0.001224,0.000000,0.000000,0.000000,0.000000
-0.089412,0.000259,-0.026850,-0.007500,0.034349,-0.000447,0.000000,0.000000,0.000000,0.000000
-0.269810,0.000259,-0.080969,0.007060,0.073909,-0.001349,0.000000,0.000000,0.000000,0.000000
-0.272931,0.000259,-0.081905,0.018021,0.063884,-0.001365,0.000000,0.000000,0.000000,0.000000
-0.152472,0.000259,-0.045767,-0.009152,0.054920,-0.000762,0.000000,0.000000,0.000000,0.000000
-0.057677,0.000259,-0.017329,0.014382,0.002947,-0.000288,0.000000,0.000000,0.000000,0.000000
0.262870,0.000259,0.078835,-0.038955,-0.039880,0.001314,0.000000,0.000000,0.000000,0.000000
0.264893,0.000259,0.079442,-0.025914,-0.053528,0.001324,0.000000,0.000000,0.000000,0.000000
-0.069136,0.000259,-0.020767,0.025586,-0.004820,-0.000346,0.000000,0.000000,0.000000,0.000000
0.262757,0.000259,0.078801,-0.024190,-0.054611,0.001314,0.000000,0.000000,0.000000,0.000000
0.261941,0.000259,0.078556,-0.024861,-0.053695,0.001310,0.000000,0.000000,0.000000,0.000000
0.260642,0.000259,0.078167,-0.024977,-0.053190,0.001303,0.000000,0.000000,0.000000,0.000000
-0.406351,0.000259,-0.121931,0.067160,0.054771,-0.002032,0.000000,0.000000,0.000000,0.000000
-0.075104,0.000259,-0.022557,0.015331,0.007226,-0.000376,0.000000,0.000000,0.000000,0.000000
0.256384,0.000259,0.076889,-0.024338,-0.052551,0.001282,0.000000,0.000000,0.000000,0.000000
-0.505324,0.000259,-0.151623,0.047653,0.103971,-0.002527,0.000000,0.000000,0.000000,0.000000
-0.077450,0.000259,-0.023261,0.029443,-0.006182,-0.000387,0.000000,0.000000,0.000000,0.000000
-0.078141,0.000259,-0.023468,0.029641,-0.006173,-0.000391,0.000000,0.000000,0.000000,0.000000
-0.078909,0.000259,-0.023699,0.039825,-0.016126,-0.000395,0.000000,0.000000,0.000000,0.000000
-0.079646,0.000259,-0.023920,0.030029,-0.006110,-0.000398,0.000000,0.000000,0.000000,0.000000
-0.195700,0.000259,-0.058736,0.031699,0.027037,-0.000978,0.000000,0.000000,0.000000,0.000000
-0.260576,0.000259,-0.078199,0.059049,0.019150,-0.001303,0.000000,0.000000,0.000000,0.000000
-0.594968,0.000259,-0.178516,0.106897,0.071620,-0.002975,0.000000,0.000000,0.000000,0.000000
-0.262927,0.000259,-0.078904,0.058962,0.019942,-0.001315,0.000000,0.000000,0.000000,0.000000
-0.263847,0.000259,-0.079180,0.059744,0.019436,-0.001319,0.000000,0.000000,0.000000,0.000000
-0.027706,0.000259,-0.008338,-0.010528,0.018866,-0.000139,0.000000,0.000000,0.000000,0.000000
-0.265931,0.000259,-0.079805,0.070758,0.009047,-0.001330,0.000000,0.000000,0.000000,0.000000
-0.030247,0.000259,-0.009100,-0.020229,0.029329,-0.000151,0.000000,0.000000,0.000000,0.000000
0.063622,0.000259,0.019061,0.018551,-0.037611,0.000318,0.000000,0.000000,0.000000,0.000000
-0.032748,0.000259,-0.009850,-0.009807,0.019657,-0.000164,0.000000,0.000000,0.000000,0.000000
-0.034059,0.000259,-0.010244,-0.009556,0.019800,-0.000170,0.000000,0.000000,0.000000,0.000000
-0.130062,0.000259,-0.039045,-0.037987,0.077032,-0.000650,0.000000,0.000000,0.000000,0.000000
-0.036797,0.000259,-0.011065,-0.009121,0.020186,-0.000184,0.000000,0.000000,0.000000,0.000000
-0.037993,0.000259,-0.011424,-0.008964,0.020388,-0.000190,0.000000,0.000000,0.000000,0.000000
-0.039224,0.000259,-0.011793,-0.008760,0.020554,-0.000196,0.000000,0.000000,0.000000,0.000000
-0.135193,0.000259,-0.040584,-0.027173,0.067757,-0.000676,0.000000,0.000000,0.000000,0.000000
-0.042106,0.000259,-0.012658,-0.008165,0.020822,-0.000211,0.000000,0.000000,0.000000,0.000000
-0.281058,0.000259,-0.084343,0.071733,0.012611,-0.001405,0.000000,0.000000,0.000000,0.000000
-0.281878,0.000259,-0.084589,0.063168,0.021422,-0.001409,0.000000,0.000000,0.000000,0.000000
0.049278,0.000259,0.014757,0.021136,-0.035894,0.000246,0.000000,0.000000,0.000000,0.000000
0.047988,0.000259,0.014370,0.011341,-0.025712,0.000240,0.000000,0.000000,0.000000,0.000000
0.046766,0.000259,0.014004,0.011536,-0.025540,0.000234,0.000000,0.000000,0.000000,0.000000
-0.285523,0.000259,-0.085683,0.066912,0.018771,-0.001428,0.000000,0.000000,0.000000,0.000000
-0.383764,0.000259,-0.115155,0.033301,0.081854,-0.001919,0.000000,0.000000,0.000000,0.000000
0.042666,0.000259,0.012774,0.012230,-0.025004,0.000213,0.000000,0.000000,0.000000,0.000000
-0.053491,0.000259,-0.016073,-0.006279,0.022352,-0.000267,0.000000,0.000000,0.000000,0.000000
-0.054691,0.000259,-0.016433,-0.006117,0.022550,-0.000273,0.000000,0.000000,0.000000,0.000000
-0.055831,0.000259,-0.016775,0.004046,0.012729,-0.000279,0.000000,0.000000,0.000000,0.000000
-0.390098,0.000259,-0.117055,0.044400,0.072655,-0.001950,0.000000,0.000000,0.000000,0.000000
-0.058378,0.000259,-0.017539,-0.005456,0.022996,-0.000292,0.000000,0.000000,0.000000,0.000000
-0.059569,0.000259,-0.017897,-0.005297,0.023194,-0.000298,0.000000,0.000000,0.000000,0.000000
-0.053816,0.000259,-0.016171,-0.014046,0.030217,-0.000269,0.000000,0.000000,0.000000,0.000000
-0.109143,0.000259,-0.032769,0.062078,-0.029310,-0.000546,0.000000,0.000000,0.000000,0.000000
-0.108049,0.000259,-0.032441,0.062002,-0.029561,-0.000540,0.000000,0.000000,0.000000,0.000000
-0.054365,0.000259,-0.016336,-0.003996,0.020331,-0.000272,0.000000,0.000000,0.000000,0.000000
-0.055498,0.000259,-0.016675,-0.003913,0.020588,-0.000277,0.000000,0.000000,0.000000,0.000000
-0.049337,0.000259,-0.014827,-0.017890,0.032717,-0.000247,0.000000,0.000000,0.000000,0.000000
-0.050518,0.000259,-0.015181,-0.007738,0.022919,-0.000253,0.000000,0.000000,0.000000,0.000000
-0.282144,0.000259,-0.084669,0.061035,0.023634,-0.001411,0.000000,0.000000,0.000000,0.000000
-0.052925,0.000259,-0.015904,-0.007433,0.023336,-0.000265,0.000000,0.000000,0.000000,0.000000
-0.053922,0.000259,-0.016202,-0.017279,0.033482,-0.000270,0.000000,0.000000,0.000000,0.000000
0.040042,0.000259,0.011987,0.031590,-0.043577,0.000200,0.000000,0.000000,0.000000,0.000000
0.038905,0.000259,0.011646,0.021745,-0.033391,0.000195,0.000000,0.000000,0.000000,0.000000
0.370454,0.000259,0.111110,-0.027276,-0.083834,0.001852,0.000000,0.000000,0.000000,0.000000
-0.296828,0.000259,-0.089074,0.073941,0.015133,-0.001484,0.000000,0.000000,0.000000,0.000000
0.035839,0.000259,0.010726,0.025518,-0.036243,0.000179,0.000000,0.000000,0.000000,0.000000
-0.087391,0.000259,-0.026243,0.015845,0.010398,-0.000437,0.000000,0.000000,0.000000,0.000000
0.070848,0.000259,0.021229,-0.021738,0.000509,0.000354,0.000000,0.000000,0.000000,0.000000
-0.084279,0.000259,-0.025310,0.014441,0.010869,-0.000421,0.000000,0.000000,0.000000,0.000000
0.070709,0.000259,0.021187,-0.010215,-0.010972,0.000354,0.000000,0.000000,0.000000,0.000000
0.069390,0.000259,0.020791,-0.020208,-0.000583,0.000347,0.000000,0.000000,0.000000,0.000000
-0.026743,0.000259,-0.008049,-0.038642,0.046691,-0.000134,0.000000,0.000000,0.000000,0.000000
-0.171422,0.000259,-0.051453,0.059069,-0.007616,-0.000857,0.000000,0.000000,0.000000,0.000000
-0.268224,0.000259,-0.080493,0.040162,0.040332,-0.001341,0.000000,0.000000,0.000000,0.000000
-0.269422,0.000259,-0.080853,0.030371,0.050482,-0.001347,0.000000,0.000000,0.000000,0.000000
0.062251,0.000259,0.018649,-0.018904,0.000254,0.000311,0.000000,0.000000,0.000000,0.000000
0.060898,0.000259,0.018244,0.001255,-0.019499,0.000304,0.000000,0.000000,0.000000,0.000000
-0.273387,0.000259,-0.082042,0.041413,0.040629,-0.001367,0.000000,0.000000,0.000000,0.000000
-0.179534,0.000259,-0.053886,0.070773,-0.016887,-0.000898,0.000000,0.000000,0.000000,0.000000
0.056976,0.000259,0.017067,-0.008369,-0.008698,0.000285,0.000000,0.000000,0.000000,0.000000
-0.143660,0.000259,-0.043124,0.032938,0.010186,-0.000718,0.000000,0.000000,0.000000,0.000000
0.068217,0.000259,0.020439,-0.006915,-0.013524,0.000341,0.000000,0.000000,0.000000,0.000000
-0.163937,0.000259,-0.049207,0.055162,-0.005955,-0.000820,0.000000,0.000000,0.000000,0.000000
0.072431,0.000259,0.021703,-0.021999,0.000295,0.000362,0.000000,0.000000,0.000000,0.000000
0.071197,0.000259,0.021333,-0.021913,0.000580,0.000356,0.000000,0.000000,0.000000,0.000000
-0.263032,0.000259,-0.078935,0.038606,0.040330,-0.001315,0.000000,0.000000,0.000000,0.000000
-0.169438,0.000259,-0.050857,0.067836,-0.016979,-0.000847,0.000000,0.000000,0.000000,0.000000
-0.170953,0.000259,-0.051312,0.057893,-0.006581,-0.000855,0.000000,0.000000,0.000000,0.000000
0.065429,0.000259,0.019603,-0.010630,-0.008973,0.000327,0.000000,0.000000,0.000000,0.000000
0.064245,0.000259,0.019248,-0.020402,0.001154,0.000321,0.000000,0.000000,0.000000,0.000000
0.063026,0.000259,0.018882,-0.010306,-0.008576,0.000315,0.000000,0.000000,0.000000,0.000000
0.061891,0.000259,0.018541,-0.010098,-0.008443,0.000309,0.000000,0.000000,0.000000,0.000000
0.060534,0.000259,0.018134,-0.019791,0.001657,0.000303,0.000000,0.000000,0.000000,0.000000
0.059307,0.000259,0.017766,-0.019506,0.001740,0.000297,0.000000,0.000000,0.000000,0.000000
0.058128,0.000259,0.017413,-0.019347,0.001935,0.000291,0.000000,0.000000,0.000000,0.000000
-0.181081,0.000259,-0.054350,0.069816,-0.015465,-0.000905,0.000000,0.000000,0.000000,0.000000
0.055449,0.000259,0.016609,-0.008899,-0.007710,0.000277,0.000000,0.000000,0.000000,0.000000
-0.182741,0.000259,-0.054848,0.067046,-0.012197,-0.000914,0.000000,0.000000,0.000000,0.000000
-0.183438,0.000259,-0.055057,0.066249,-0.011192,-0.000917,0.000000,0.000000,0.000000,0.000000
0.051827,0.000259,0.015522,-0.008364,-0.007158,0.000259,0.000000,0.000000,0.000000,0.000000
0.050553,0.000259,0.015140,-0.007975,-0.007165,0.000253,0.000000,0.000000,0.000000,0.000000
0.144573,0.000259,0.043346,0.010817,-0.054163,0.000723,0.000000,0.000000,0.000000,0.000000
-0.189231,0.000259,-0.056795,0.058993,-0.002198,-0.000946,0.000000,0.000000,0.000000,0.000000
0.046952,0.000259,0.014060,-0.017483,0.003423,0.000235,0.000000,0.000000,0.000000,0.000000
0.045744,0.000259,0.013697,-0.017323,0.003626,0.000229,0.000000,0.000000,0.000000,0.000000
0.044654,0.000259,0.013370,-0.017184,0.003814,0.000223,0.000000,0.000000,0.000000,0.000000
0.043322,0.000259,0.012971,-0.006876,-0.006095,0.000217,0.000000,0.000000,0.000000,0.000000
0.042112,0.000259,0.012608,-0.006724,-0.005884,0.000211,0.000000,0.000000,0.000000,0.000000
-0.292161,0.000259,-0.087674,0.033628,0.054046,-0.001461,0.000000,0.000000,0.000000,0.000000
-0.293526,0.000259,-0.088084,0.033825,0.054258,-0.001468,0.000000,0.000000,0.000000,0.000000
0.037823,0.000259,0.011321,-0.005904,-0.005416,0.000189,0.000000,0.000000,0.000000,0.000000
0.036485,0.000259,0.010920,-0.005667,-0.005253,0.000182,0.000000,0.000000,0.000000,0.000000
-0.297786,0.000259,-0.089362,0.044570,0.044792,-0.001489,0.000000,0.000000,0.000000,0.000000
0.033947,0.000259,0.010158,-0.015251,0.005093,0.000170,0.000000,0.000000,0.000000,0.000000
-0.300240,0.000259,-0.090098,0.044841,0.045257,-0.001501,0.000000,0.000000,0.000000,0.000000
-0.301604,0.000259,-0.090507,0.045200,0.045307,-0.001508,0.000000,0.000000,0.000000,0.000000
0.029788,0.000259,0.008910,0.015479,-0.024389,0.000149,0.000000,0.000000,0.000000,0.000000
0.123336,0.000259,0.036975,0.014495,-0.051470,0.000617,0.000000,0.000000,0.000000,0.000000
0.026922,0.000259,0.008051,-0.013992,0.005942,0.000135,0.000000,0.000000,0.000000,0.000000
-0.307353,0.000259,-0.092232,0.046307,0.045925,-0.001537,0.000000,0.000000,0.000000,0.000000
-0.308704,0.000259,-0.092637,0.036540,0.056098,-0.001544,0.000000,0.000000,0.000000,0.000000
-0.405043,0.000259,-0.121539,0.017957,0.103581,-0.002025,0.000000,0.000000,0.000000,0.000000
-0.406881,0.000259,-0.122090,0.018301,0.103789,-0.002034,0.000000,0.000000,0.000000,0.000000
-0.075192,0.000259,-0.022583,-0.030801,0.053385,-0.000376,0.000000,0.000000,0.000000,0.000000
0.018316,0.000259,0.005469,-0.002499,-0.002970,0.000092,0.000000,0.000000,0.000000,0.000000
-0.315949,0.000259,-0.094811,0.047906,0.046905,-0.001580,0.000000,0.000000,0.000000,0.000000
0.015790,0.000259,0.004711,-0.001999,-0.002712,0.000079,0.000000,0.000000,0.000000,0.000000
-0.318469,0.000259,-0.095567,0.048346,0.047221,-0.001592,0.000000,0.000000,0.000000,0.000000
0.013334,0.000259,0.003974,-0.011389,0.007415,0.000067,0.000000,0.000000,0.000000,0.000000
-0.320941,0.000259,-0.096308,0.048515,0.047794,-0.001605,0.000000,0.000000,0.000000,0.000000
0.010793,0.000259,0.003212,-0.001093,-0.002119,0.000054,0.000000,0.000000,0.000000,0.000000
-0.323488,0.000259,-0.097072,0.049178,0.047894,-0.001617,0.000000,0.000000,0.000000,0.000000
0.008231,0.000259,0.002443,-0.000667,-0.001776,0.000041,0.000000,0.000000,0.000000,0.000000
-0.326024,0.000259,-0.097833,0.049673,0.048160,-0.001630,0.000000,0.000000,0.000000,0.000000
0.005698,0.000259,0.001684,-0.000272,-0.001412,0.000028,0.000000,0.000000,0.000000,0.000000
-0.328509,0.000259,-0.098579,0.049837,0.048741,-0.001643,0.000000,0.000000,0.000000,0.000000
-0.329716,0.000259,-0.098941,0.040091,0.058850,-0.001649,0.000000,0.000000,0.000000,0.000000
0.001674,0.000259,0.000476,-0.009502,0.009026,0.000008,0.000000,0.000000,0.000000,0.000000
-0.332581,0.000259,-0.099800,0.050876,0.048925,-0.001663,0.000000,0.000000,0.000000,0.000000
-0.000874,0.000259,-0.000288,-0.009056,0.009344,-0.000004,0.000000,0.000000,0.000000,0.000000
-0.002071,0.000259,-0.000647,-0.008863,0.009511,-0.000010,0.000000,0.000000,0.000000,0.000000
-0.336315,0.000259,-0.100920,0.071507,0.029414,-0.001682,0.000000,0.000000,0.000000,0.000000
-0.337509,0.000259,-0.101279,0.061753,0.039525,-0.001688,0.000000,0.000000,0.000000,0.000000
-0.338696,0.000259,-0.101635,0.052004,0.049631,-0.001693,0.000000,0.000000,0.000000,0.000000
-0.339878,0.000259,-0.101989,0.052247,0.049743,-0.001699,0.000000,0.000000,0.000000,0.000000
-0.341052,0.000259,-0.102342,0.052490,0.049851,-0.001705,0.000000,0.000000,0.000000,0.000000
-0.342604,0.000259,-0.102807,0.042472,0.060335,-0.001713,0.000000,0.000000,0.000000,0.000000
-0.343795,0.000259,-0.103164,0.042758,0.060406,-0.001719,0.000000,0.000000,0.000000,0.000000
-0.344981,0.000259,-0.103520,0.053025,0.050496,-0.001725,0.000000,0.000000,0.000000,0.000000
-0.346147,0.000259,-0.103870,0.053299,0.050572,-0.001731,0.000000,0.000000,0.000000,0.000000
-0.014428,0.000259,-0.004354,0.003289,0.001065,-0.000072,0.000000,0.000000,0.000000,0.000000
-0.349301,0.000259,-0.104816,0.053635,0.051182,-0.001747,0.000000,0.000000,0.000000,0.000000
-0.017579,0.000259,-0.005300,0.003928,0.001372,-0.000088,0.000000,0.000000,0.000000,0.000000
-0.351857,0.000259,-0.105583,0.054264,0.051319,-0.001759,0.000000,0.000000,0.000000,0.000000
-0.353060,0.000259,-0.105944,0.054539,0.051405,-0.001765,0.000000,0.000000,0.000000,0.000000
-0.354246,0.000259,-0.106300,0.044826,0.061474,-0.001771,0.000000,0.000000,0.000000,0.000000
-0.450519,0.000259,-0.135182,0.026013,0.109169,-0.002253,0.000000,0.000000,0.000000,0.000000
-0.357030,0.000259,-0.107135,0.045173,0.061962,-0.001785,0.000000,0.000000,0.000000,0.000000
-0.120007,0.000259,-0.036028,-0.023230,0.059258,-0.000600,0.000000,0.000000,0.000000,0.000000
-0.026512,0.000259,-0.007980,-0.004500,0.012480,-0.000133,0.000000,0.000000,0.000000,0.000000
-0.360794,0.000259,-0.108264,0.055883,0.052381,-0.001804,0.000000,0.000000,0.000000,0.000000
-0.029047,0.000259,-0.008740,-0.004088,0.012828,-0.000145,0.000000,0.000000,0.000000,0.000000
0.302589,0.000259,0.090751,-0.053728,-0.037023,0.001513,0.000000,0.000000,0.000000,0.000000
-0.364758,0.000259,-0.109453,0.056480,0.052973,-0.001824,0.000000,0.000000,0.000000,0.000000
-0.365947,0.000259,-0.109810,0.056767,0.053043,-0.001830,0.000000,0.000000,0.000000,0.000000
-0.128920,0.000259,-0.038702,-0.011661,0.050363,-0.000645,0.000000,0.000000,0.000000,0.000000
-0.368314,0.000259,-0.110520,0.047365,0.063155,-0.001842,0.000000,0.000000,0.000000,0.000000
-0.464371,0.000259,-0.139337,0.028444,0.110893,-0.002322,0.000000,0.000000,0.000000,0.000000
0.294323,0.000259,0.088271,-0.044109,-0.044162,0.001472,0.000000,0.000000,0.000000,0.000000
-0.372527,0.000259,-0.111784,0.058068,0.053716,-0.001863,0.000000,0.000000,0.000000,0.000000
-0.040724,0.000259,-0.012243,0.008337,0.003906,-0.000204,0.000000,0.000000,0.000000,0.000000
-0.041640,0.000259,-0.012518,-0.001541,0.014059,-0.000208,0.000000,0.000000,0.000000,0.000000
-0.374259,0.000259,-0.112304,0.045981,0.066322,-0.001871,0.000000,0.000000,0.000000,0.000000
-0.375546,0.000259,-0.112690,0.046303,0.066387,-0.001878,0.000000,0.000000,0.000000,0.000000
-0.044440,0.000259,-0.013358,-0.001379,0.014737,-0.000222,0.000000,0.000000,0.000000,0.000000
-0.378675,0.000259,-0.113628,0.049461,0.064168,-0.001893,0.000000,0.000000,0.000000,0.000000
-0.379850,0.000259,-0.113981,0.059721,0.054260,-0.001899,0.000000,0.000000,0.000000,0.000000
-0.381005,0.000259,-0.114327,0.060054,0.054273,-0.001905,0.000000,0.000000,0.000000,0.000000
-0.382082,0.000259,-0.114651,0.060354,0.054296,-0.001910,0.000000,0.000000,0.000000,0.000000
-0.050456,0.000259,-0.015163,0.009584,0.005579,-0.000252,0.000000,0.000000,0.000000,0.000000
-0.051250,0.000259,-0.015401,0.009772,0.005629,-0.000256,0.000000,0.000000,0.000000,0.000000
0.190284,0.000259,0.057059,-0.040044,-0.017015,0.000951,0.000000,0.000000,0.000000,0.000000
-0.049836,0.000259,-0.014977,0.009485,0.005492,-0.000249,0.000000,0.000000,0.000000,0.000000
-0.051037,0.000259,-0.015337,0.009637,0.005700,-0.000255,0.000000,0.000000,0.000000,0.000000
0.065791,0.000259,0.019711,-0.034383,0.014672,0.000329,0.000000,0.000000,0.000000,0.000000
0.060189,0.000259,0.018031,-0.022071,0.004040,0.000301,0.000000,0.000000,0.000000,0.000000
-0.143148,0.000259,-0.042970,0.030735,0.012235,-0.000716,0.000000,0.000000,0.000000,0.000000
-0.144596,0.000259,-0.043405,0.030657,0.012748,-0.000723,0.000000,0.000000,0.000000,0.000000
0.089998,0.000259,0.026973,-0.042374,0.015401,0.000450,0.000000,0.000000,0.000000,0.000000
0.091146,0.000259,0.027318,-0.047133,0.019816,0.000456,0.000000,0.000000,0.000000,0.000000
0.089659,0.000259,0.026872,-0.047135,0.020263,0.000448,0.000000,0.000000,0.000000,0.000000
-0.149889,0.000259,-0.044993,0.021284,0.023709,-0.000749,0.000000,0.000000,0.000000,0.000000
0.084373,0.000259,0.025286,-0.061526,0.036240,0.000422,0.000000,0.000000,0.000000,0.000000
0.180676,0.000259,0.054177,-0.027873,-0.026303,0.000903,0.000000,0.000000,0.000000,0.000000
-0.248625,0.000259,-0.074613,-0.006517,0.081131,-0.001243,0.000000,0.000000,0.000000,0.000000
-0.155285,0.000259,-0.046611,0.032459,0.014152,-0.000776,0.000000,0.000000,0.000000,0.000000
-0.156649,0.000259,-0.047021,0.022718,0.024302,-0.000783,0.000000,0.000000,0.000000,0.000000
0.175071,0.000259,0.052495,-0.027010,-0.025486,0.000875,0.000000,0.000000,0.000000,0.000000
-0.159122,0.000259,-0.047762,0.033102,0.014661,-0.000796,0.000000,0.000000,0.000000,0.000000
0.077867,0.000259,0.023334,-0.045422,0.022088,0.000389,0.000000,0.000000,0.000000,0.000000
0.076196,0.000259,0.022833,-0.054794,0.031961,0.000381,0.000000,0.000000,0.000000,0.000000
0.075028,0.000259,0.022482,-0.044630,0.022147,0.000375,0.000000,0.000000,0.000000,0.000000
-0.069247,0.000259,-0.020800,0.062858,-0.042058,-0.000346,0.000000,0.000000,0.000000,0.000000
-0.260759,0.000259,-0.078254,0.005620,0.072634,-0.001304,0.000000,0.000000,0.000000,0.000000
0.165830,0.000259,0.049723,-0.025291,-0.024432,0.000829,0.000000,0.000000,0.000000,0.000000
0.164565,0.000259,0.049344,-0.025185,-0.024159,0.000823,0.000000,0.000000,0.000000,0.000000
0.163217,0.000259,0.048939,-0.024898,-0.024041,0.000816,0.000000,0.000000,0.000000,0.000000
0.066966,0.000259,0.020064,-0.042888,0.022824,0.000335,0.000000,0.000000,0.000000,0.000000
-0.267275,0.000259,-0.080209,-0.003193,0.083402,-0.001336,0.000000,0.000000,0.000000,0.000000
0.159327,0.000259,0.047772,-0.024202,-0.023570,0.000797,0.000000,0.000000,0.000000,0.000000
-0.174937,0.000259,-0.052507,0.025953,0.026554,-0.000875,0.000000,0.000000,0.000000,0.000000
-0.176134,0.000259,-0.052866,0.026129,0.026737,-0.000881,0.000000,0.000000,0.000000,0.000000
-0.272385,0.000259,-0.081742,0.007680,0.074062,-0.001362,0.000000,0.000000,0.000000,0.000000
-0.179042,0.000259,-0.053739,0.036680,0.017059,-0.000895,0.000000,0.000000,0.000000,0.000000
-0.180233,0.000259,-0.054096,0.026914,0.027182,-0.000901,0.000000,0.000000,0.000000,0.000000
0.056753,0.000259,0.017000,-0.031481,0.014481,0.000284,0.000000,0.000000,0.000000,0.000000
0.055178,0.000259,0.016527,-0.043102,0.026575,0.000276,0.000000,0.000000,0.000000,0.000000
0.054008,0.000259,0.016177,-0.052775,0.036599,0.000270,0.000000,0.000000,0.000000,0.000000
-0.185152,0.000259,-0.055571,0.037724,0.017847,-0.000926,0.000000,0.000000,0.000000,0.000000
0.051840,0.000259,0.015526,-0.040592,0.025065,0.000259,0.000000,0.000000,0.000000,0.000000
0.050650,0.000259,0.015169,-0.040353,0.025184,0.000253,0.000000,0.000000,0.000000,0.000000
-0.188755,0.000259,-0.056652,0.028375,0.028277,-0.000944,0.000000,0.000000,0.000000,0.000000
-0.617897,0.000259,-0.185395,0.059838,0.125557,-0.003089,0.000000,0.000000,0.000000,0.000000
0.141462,0.000259,0.042413,-0.021074,-0.021339,0.000707,0.000000,0.000000,0.000000,0.000000
0.045219,0.000259,0.013540,-0.039485,0.025945,0.000226,0.000000,0.000000,0.000000,0.000000
-0.194162,0.000259,-0.058274,0.049361,0.008913,-0.000971,0.000000,0.000000,0.000000,0.000000
-0.290186,0.000259,-0.087082,0.011078,0.076004,-0.001451,0.000000,0.000000,0.000000,0.000000
0.138444,0.000259,0.041507,-0.021497,-0.020010,0.000692,0.000000,0.000000,0.000000,0.000000
0.040284,0.000259,0.012059,-0.042887,0.030828,0.000201,0.000000,0.000000,0.000000,0.000000
0.039200,0.000259,0.011734,-0.042581,0.030847,0.000196,0.000000,0.000000,0.000000,0.000000
-0.198215,0.000259,-0.059490,0.039909,0.019582,-0.000991,0.000000,0.000000,0.000000,0.000000
0.038749,0.000259,0.011599,-0.038180,0.026582,0.000194,0.000000,0.000000,0.000000,0.000000
0.036609,0.000259,0.010957,-0.040881,0.029924,0.000183,0.000000,0.000000,0.000000,0.000000
0.036479,0.000259,0.010918,-0.047625,0.036708,0.000182,0.000000,0.000000,0.000000,0.000000
-0.297789,0.000259,-0.089363,0.001987,0.087376,-0.001489,0.000000,0.000000,0.000000,0.000000
-0.298963,0.000259,-0.089715,0.002169,0.087546,-0.001495,0.000000,0.000000,0.000000,0.000000
0.031486,0.000259,0.009420,-0.030503,0.021083,0.000157,0.000000,0.000000,0.000000,0.000000
-0.301260,0.000259,-0.090404,0.012578,0.077825,-0.001506,0.000000,0.000000,0.000000,0.000000
-0.302489,0.000259,-0.090772,0.022844,0.067928,-0.001512,0.000000,0.000000,0.000000,0.000000
-0.209521,0.000259,-0.062882,0.031928,0.030954,-0.001048,0.000000,0.000000,0.000000,0.000000
0.027464,0.000259,0.008213,-0.036295,0.028082,0.000137,0.000000,0.000000,0.000000,0.000000
0.026258,0.000259,0.007851,-0.036038,0.028186,0.000131,0.000000,0.000000,0.000000,0.000000
-0.213588,0.000259,-0.064102,0.042630,0.021472,-0.001068,0.000000,0.000000,0.000000,0.000000
0.118138,0.000259,0.035416,-0.017086,-0.018329,0.000591,0.000000,0.000000,0.000000,0.000000
-0.216306,0.000259,-0.064918,0.033150,0.031768,-0.001082,0.000000,0.000000,0.000000,0.000000
-0.217496,0.000259,-0.065275,0.043381,0.021894,-0.001087,0.000000,0.000000,0.000000,0.000000
-0.313602,0.000259,-0.094107,0.014804,0.079303,-0.001568,0.000000,0.000000,0.000000,0.000000
-0.214413,0.000259,-0.064350,0.038970,0.025380,-0.001072,0.000000,0.000000,0.000000,0.000000
0.001599,0.000259,0.000454,-0.041150,0.040696,0.000008,0.000000,0.000000,0.000000,0.000000
0.001285,0.000259,0.000360,-0.040878,0.040518,0.000006,0.000000,0.000000,0.000000,0.000000
0.000927,0.000259,0.000252,-0.040607,0.040355,0.000005,0.000000,0.000000,0.000000,0.000000
-0.217804,0.000259,-0.065367,0.039596,0.025771,-0.001089,0.000000,0.000000,0.000000,0.000000
-0.219013,0.000259,-0.065730,0.029757,0.035973,-0.001095,0.000000,0.000000,0.000000,0.000000
-0.001056,0.000259,-0.000343,-0.049845,0.050187,-0.000005,0.000000,0.000000,0.000000,0.000000
0.011978,0.000259,0.003568,-0.032003,0.028435,0.000060,0.000000,0.000000,0.000000,0.000000
-0.655485,0.000259,-0.196671,0.056512,0.140160,-0.003277,0.000000,0.000000,0.000000,0.000000
-0.323952,0.000259,-0.097212,0.016721,0.080490,-0.001620,0.000000,0.000000,0.000000,0.000000
0.007559,0.000259,0.002242,-0.031960,0.029718,0.000038,0.000000,0.000000,0.000000,0.000000
0.006351,0.000259,0.001879,-0.031702,0.029822,0.000032,0.000000,0.000000,0.000000,0.000000
0.099373,0.000259,0.029786,-0.003488,-0.026298,0.000497,0.000000,0.000000,0.000000,0.000000
0.003229,0.000259,0.000943,-0.032366,0.031423,0.000016,0.000000,0.000000,0.000000,0.000000
-0.236193,0.000259,-0.070884,0.036872,0.034012,-0.001181,0.000000,0.000000,0.000000,0.000000
0.095536,0.000259,0.028635,-0.002977,-0.025657,0.000478,0.000000,0.000000,0.000000,0.000000
-0.238729,0.000259,-0.071645,0.037316,0.034328,-0.001194,0.000000,0.000000,0.000000,0.000000
-0.001793,0.000259,-0.000564,-0.020925,0.021488,-0.000009,0.000000,0.000000,0.000000,0.000000
-0.003299,0.000259,-0.001016,-0.040976,0.041991,-0.000016,0.000000,0.000000,0.000000,0.000000
-0.004721,0.000259,-0.001442,-0.040298,0.041740,-0.000024,0.000000,0.000000,0.000000,0.000000
-0.005922,0.000259,-0.001803,-0.040024,0.041827,-0.000030,0.000000,0.000000,0.000000,0.000000
-0.007360,0.000259,-0.002234,-0.030282,0.032516,-0.000037,0.000000,0.000000,0.000000,0.000000
-0.008767,0.000259,-0.002656,-0.029658,0.032315,-0.000044,0.000000,0.000000,0.000000,0.000000
0.084835,0.000259,0.025425,-0.001142,-0.024283,0.000424,0.000000,0.000000,0.000000,0.000000
-0.249650,0.000259,-0.074921,0.049214,0.025706,-0.001248,0.000000,0.000000,0.000000,0.000000
-0.345759,0.000259,-0.103754,0.020576,0.083177,-0.001729,0.000000,0.000000,0.000000,0.000000
-0.014106,0.000259,-0.004258,-0.038530,0.042788,-0.000071,0.000000,0.000000,0.000000,0.000000
-0.015320,0.000259,-0.004622,-0.028234,0.032856,-0.000077,0.000000,0.000000,0.000000,0.000000
-0.254516,0.000259,-0.076381,0.050493,0.025888,-0.001273,0.000000,0.000000,0.000000,0.000000
-0.017763,0.000259,-0.005355,-0.037678,0.043033,-0.000089,0.000000,0.000000,0.000000,0.000000
0.407391,0.000259,0.122191,-0.062901,-0.059291,0.002037,0.000000,0.000000,0.000000,0.000000
-0.258460,0.000259,-0.077564,0.050634,0.026930,-0.001292,0.000000,0.000000,0.000000,0.000000
-0.259660,0.000259,-0.077924,0.050920,0.027004,-0.001298,0.000000,0.000000,0.000000,0.000000
0.072062,0.000259,0.021593,0.001167,-0.022760,0.000360,0.000000,0.000000,0.000000,0.000000
-0.024071,0.000259,-0.007247,-0.027088,0.034335,-0.000120,0.000000,0.000000,0.000000,0.000000
0.069370,0.000259,0.020785,0.011663,-0.032448,0.000347,0.000000,0.000000,0.000000,0.000000
0.067831,0.000259,0.020323,0.001937,-0.022260,0.000339,0.000000,0.000000,0.000000,0.000000
-0.266601,0.000259,-0.080006,0.042143,0.037863,-0.001333,0.000000,0.000000,0.000000,0.000000
-0.268092,0.000259,-0.080454,0.052351,0.028102,-0.001340,0.000000,0.000000,0.000000,0.000000
-0.031183,0.000259,-0.009381,-0.035982,0.045363,-0.000156,0.000000,0.000000,0.000000,0.000000
0.062385,0.000259,0.018689,0.002904,-0.021593,0.000312,0.000000,0.000000,0.000000,0.000000
-0.271905,0.000259,-0.081597,0.043230,0.038368,-0.001360,0.000000,0.000000,0.000000,0.000000
-0.035049,0.000259,-0.010541,-0.025354,0.035895,-0.000175,0.000000,0.000000,0.000000,0.000000
-0.036231,0.000259,-0.010895,-0.035069,0.045964,-0.000181,0.000000,0.000000,0.000000,0.000000
-0.275652,0.000259,-0.082721,0.044005,0.038716,-0.001378,0.000000,0.000000,0.000000,0.000000
0.056077,0.000259,0.016797,0.004017,-0.020814,0.000280,0.000000,0.000000,0.000000,0.000000
-0.040254,0.000259,-0.012102,-0.024455,0.036557,-0.000201,0.000000,0.000000,0.000000,0.000000
-0.041535,0.000259,-0.012487,-0.024098,0.036584,-0.000208,0.000000,0.000000,0.000000,0.000000
-0.280832,0.000259,-0.084276,0.054854,0.029422,-0.001404,0.000000,0.000000,0.000000,0.000000
-0.043935,0.000259,-0.013207,-0.023577,0.036784,-0.000220,0.000000,0.000000,0.000000,0.000000
0.049721,0.000259,0.014890,0.005139,-0.020029,0.000249,0.000000,0.000000,0.000000,0.000000
-0.046587,0.000259,-0.014002,-0.023372,0.037374,-0.000233,0.000000,0.000000,0.000000,0.000000
-0.047776,0.000259,-0.014359,-0.023108,0.037467,-0.000239,0.000000,0.000000,0.000000,0.000000
-0.048962,0.000259,-0.014715,-0.022860,0.037574,-0.000245,0.000000,0.000000,0.000000,0.000000
0.044686,0.000259,0.013380,0.006038,-0.019418,0.000223,0.000000,0.000000,0.000000,0.000000
-0.051528,0.000259,-0.015484,-0.022743,0.038228,-0.000258,0.000000,0.000000,0.000000,0.000000
-0.052738,0.000259,-0.015847,-0.021937,0.037784,-0.000264,0.000000,0.000000,0.000000,0.000000
-0.387028,0.000259,-0.116134,0.027887,0.088247,-0.001935,0.000000,0.000000,0.000000,0.000000
-0.293556,0.000259,-0.088093,0.056936,0.031157,-0.001468,0.000000,0.000000,0.000000,0.000000
0.038147,0.000259,0.011418,0.007185,-0.018603,0.000191,0.000000,0.000000,0.000000,0.000000
-0.058241,0.000259,-0.017498,-0.021414,0.038913,-0.000291,0.000000,0.000000,0.000000,0.000000
-0.297514,0.000259,-0.089280,0.047284,0.041997,-0.001488,0.000000,0.000000,0.000000,0.000000
-0.298748,0.000259,-0.089650,0.047630,0.042020,-0.001494,0.000000,0.000000,0.000000,0.000000
-0.299953,0.000259,-0.090012,0.057962,0.032050,-0.001500,0.000000,0.000000,0.000000,0.000000
0.031747,0.000259,0.009498,-0.001710,-0.007789,0.000159,0.000000,0.000000,0.000000,0.000000
-0.064651,0.000259,-0.019421,-0.020111,0.039532,-0.000323,0.000000,0.000000,0.000000,0.000000
-0.398940,0.000259,-0.119708,0.029951,0.089757,-0.001995,0.000000,0.000000,0.000000,0.000000
-0.305305,0.000259,-0.091617,0.059137,0.032480,-0.001527,0.000000,0.000000,0.000000,0.000000
0.025724,0.000259,0.007691,0.009181,-0.016872,0.000129,0.000000,0.000000,0.000000,0.000000
0.180859,0.000259,0.054232,0.006910,-0.061142,0.000904,0.000000,0.000000,0.000000,0.000000
0.083347,0.000259,0.024978,-0.027655,0.002676,0.000417,0.000000,0.000000,0.000000,0.000000
0.082148,0.000259,0.024618,-0.027463,0.002845,0.000411,0.000000,0.000000,0.000000,0.000000
-0.229356,0.000259,-0.068833,0.016018,0.052815,-0.001147,0.000000,0.000000,0.000000,0.000000
0.098372,0.000259,0.029486,-0.029371,-0.000114,0.000492,0.000000,0.000000,0.000000,0.000000
0.097083,0.000259,0.029099,-0.039090,0.009992,0.000485,0.000000,0.000000,0.000000,0.000000
-0.139047,0.000259,-0.041740,0.047713,-0.005973,-0.000695,0.000000,0.000000,0.000000,0.000000
0.096093,0.000259,0.028802,-0.041376,0.012574,0.000480,0.000000,0.000000,0.000000,0.000000
-0.143142,0.000259,-0.042968,0.036223,0.006746,-0.000716,0.000000,0.000000,0.000000,0.000000
0.093580,0.000259,0.028048,-0.042280,0.014232,0.000468,0.000000,0.000000,0.000000,0.000000
1.850661,0.000259,0.555172,-0.251979,-0.303193,0.009253,0.000000,0.000000,0.000000,0.000000
48.737690,0.000259,14.621281,-7.128686,-7.492595,0.243688,0.000000,0.000000,0.000000,0.000000
91.673401,0.000259,27.501995,-13.477283,-14.024713,0.458367,0.000000,0.000000,0.000000,0.000000
113.135292,0.000259,33.940563,-16.657789,-17.282774,0.565676,0.000000,0.000000,0.000000,0.000000
111.533127,0.000259,33.459911,-16.253021,-17.206890,0.557666,0.000000,0.000000,0.000000,0.000000
109.094559,0.000259,32.728340,-15.723378,-17.004963,0.545473,0.000000,0.000000,0.000000,0.000000
106.079376,0.000259,31.823788,-15.106753,-16.717035,0.530397,0.000000,0.000000,0.000000,0.000000
104.178825,0.000259,31.253622,-14.646273,-16.607349,0.520894,0.000000,0.000000,0.000000,0.000000
100.844101,0.000259,30.253204,-13.957762,-16.295443,0.504220,0.000000,0.000000,0.000000,0.000000
63.499702,0.000259,19.049885,-7.685402,-11.364483,0.317499,0.000000,0.000000,0.000000,0.000000
22.097603,0.000259,6.629255,-0.910931,-5.718324,0.110488,0.000000,0.000000,0.000000,0.000000
16.807434,0.000259,5.042204,-0.304916,-4.737288,0.084037,0.000000,0.000000,0.000000,0.000000
-11.040002,0.000259,-3.312027,3.964402,-0.652375,-0.055200,0.000000,0.000000,0.000000,0.000000
-34.478325,0.000259,-10.343523,7.465418,2.878105,-0.172392,0.000000,0.000000,0.000000,0.000000
-45.310028,0.000259,-13.593035,8.947138,4.645897,-0.226550,0.000000,0.000000,0.000000,0.000000
-43.439640,0.000259,-13.031918,8.415668,4.616249,-0.217198,0.000000,0.000000,0.000000,0.000000
-40.887783,0.000259,-12.266361,7.768387,4.497974,-0.204439,0.000000,0.000000,0.000000,0.000000
-38.302048,0.000259,-11.490641,7.136757,4.353883,-0.191510,0.000000,0.000000,0.000000,0.000000
-36.666656,0.000259,-11.000023,6.632070,4.367953,-0.183333,0.000000,0.000000,0.000000,0.000000
-33.034794,0.000259,-9.910464,5.832960,4.077504,-0.165174,0.000000,0.000000,0.000000,0.000000
-30.353430,0.000259,-9.106055,5.190662,3.915393,-0.151767,0.000000,0.000000,0.000000,0.000000
-27.311186,0.000259,-8.193381,4.475441,3.717940,-0.136556,0.000000,0.000000,0.000000,0.000000
-24.898163,0.000259,-7.469475,3.876130,3.593345,-0.124491,0.000000,0.000000,0.000000,0.000000
-22.126051,0.000259,-6.637841,3.214589,3.423252,-0.110630,0.000000,0.000000,0.000000,0.000000
-19.325367,0.000259,-5.797636,2.550556,3.247080,-0.096627,0.000000,0.000000,0.000000,0.000000
-16.496117,0.000259,-4.948861,1.883227,3.065634,-0.082481,0.000000,0.000000,0.000000,0.000000
-11.314530,0.000259,-3.394385,0.871164,2.523221,-0.056573,0.000000,0.000000,0.000000,0.000000
3.013502,0.000259,0.904025,-1.088740,0.184716,0.015068,0.000000,0.000000,0.000000,0.000000
11.742888,0.000259,3.522840,-2.162935,-1.359905,0.058714,0.000000,0.000000,0.000000,0.000000
7.848402,0.000259,2.354495,-1.385930,-0.968565,0.039242,0.000000,0.000000,0.000000,0.000000
5.302774,0.000259,1.590806,-0.804906,-0.785900,0.026514,0.000000,0.000000,0.000000,0.000000
2.446378,0.000259,0.733888,-0.166280,-0.567607,0.012232,0.000000,0.000000,0.000000,0.000000
1.778513,0.000259,0.533528,-0.078671,-0.454857,0.008893,0.000000,0.000000,0.000000,0.000000
1.971708,0.000259,0.591487,-0.011860,-0.579627,0.009859,0.000000,0.000000,0.000000,0.000000
7.822038,0.000259,2.346586,-0.814166,-1.532420,0.039110,0.000000,0.000000,0.000000,0.000000
7.976087,0.000259,2.392800,-0.626140,-1.766660,0.039880,0.000000,0.000000,0.000000,0.000000
5.384835,0.000259,1.615425,-0.070524,-1.544901,0.026924,0.000000,0.000000,0.000000,0.000000
5.383380,0.000259,1.614988,-0.059077,-1.555911,0.026917,0.000000,0.000000,0.000000,0.000000
6.047582,0.000259,1.814249,-0.161344,-1.652904,0.030238,0.000000,0.000000,0.000000,0.000000
5.380801,0.000259,1.614214,-0.068563,-1.545651,0.026904,0.000000,0.000000,0.000000,0.000000
11.898602,0.000259,3.569555,-0.979476,-2.590079,0.059493,0.000000,0.000000,0.000000,0.000000
25.635729,0.000259,7.690693,-2.906430,-4.784263,0.128179,0.000000,0.000000,0.000000,0.000000
29.416031,0.000259,8.824783,-3.296573,-5.528211,0.147080,0.000000,0.000000,0.000000,0.000000
34.504898,0.000259,10.351443,-3.905298,-6.446145,0.172524,0.000000,0.000000,0.000000,0.000000
41.194244,0.000259,12.358248,-4.778187,-7.580061,0.205971,0.000000,0.000000,0.000000,0.000000
39.086807,0.000259,11.726016,-4.242135,-7.483881,0.195434,0.000000,0.000000,0.000000,0.000000
36.667221,0.000259,11.000140,-3.663658,-7.336483,0.183336,0.000000,0.000000,0.000000,0.000000
33.607754,0.000259,10.082300,-2.958051,-7.124249,0.168039,0.000000,0.000000,0.000000,0.000000
31.543524,0.000259,9.463031,-2.433697,-7.029334,0.157718,0.000000,0.000000,0.000000,0.000000
28.511936,0.000259,8.553555,-1.736553,-6.817001,0.142560,0.000000,0.000000,0.000000,0.000000
25.495546,0.000259,7.648638,-1.030080,-6.618558,0.127478,0.000000,0.000000,0.000000,0.000000
24.752855,0.000259,7.425831,-0.828651,-6.597179,0.123764,0.000000,0.000000,0.000000,0.000000
24.752205,0.000259,7.425635,-0.827974,-6.597661,0.123761,0.000000,0.000000,0.000000,0.000000
24.422375,0.000259,7.326686,-0.772757,-6.553929,0.122112,0.000000,0.000000,0.000000,0.000000
24.421535,0.000259,7.326435,-0.772362,-6.554072,0.122108,0.000000,0.000000,0.000000,0.000000
24.748192,0.000259,7.424432,-0.837726,-6.586706,0.123741,0.000000,0.000000,0.000000,0.000000
24.294012,0.000259,7.288177,-0.793862,-6.494315,0.121470,0.000000,0.000000,0.000000,0.000000
2.967533,0.000259,0.890234,2.579219,-3.469453,0.014838,0.000000,0.000000,0.000000,0.000000
-28.496292,0.000259,-8.548914,7.509659,1.039255,-0.142481,0.000000,0.000000,0.000000,0.000000
-42.336784,0.000259,-12.701061,9.515678,3.185383,-0.211684,0.000000,0.000000,0.000000,0.000000
-62.986763,0.000259,-18.896055,12.555626,6.340429,-0.314934,0.000000,0.000000,0.000000,0.000000
-71.024330,0.000259,-21.307325,13.572803,7.734522,-0.355122,0.000000,0.000000,0.000000,0.000000
-78.653206,0.000259,-23.595987,14.513046,9.082941,-0.393266,0.000000,0.000000,0.000000,0.000000
-77.347939,0.000259,-23.204407,14.062023,9.142384,-0.386740,0.000000,0.000000,0.000000,0.000000
-75.397629,0.000259,-22.619314,13.511182,9.108132,-0.376988,0.000000,0.000000,0.000000,0.000000
-73.103256,0.000259,-21.931004,12.907881,9.023123,-0.365516,0.000000,0.000000,0.000000,0.000000
-78.500473,0.000259,-23.550167,13.473402,10.076765,-0.392502,0.000000,0.000000,0.000000,0.000000
-90.752831,0.000259,-27.225876,15.056659,12.169217,-0.453764,0.000000,0.000000,0.000000,0.000000
-91.239006,0.000259,-27.371727,14.882811,12.488916,-0.456195,0.000000,0.000000,0.000000,0.000000
-104.791153,0.000259,-31.437372,16.638735,14.798637,-0.523956,0.000000,0.000000,0.000000,0.000000
-108.393311,0.000259,-32.518021,16.912058,15.605964,-0.541967,0.000000,0.000000,0.000000,0.000000
-106.626297,0.000259,-31.987915,16.392801,15.595114,-0.533131,0.000000,0.000000,0.000000,0.000000
-104.535866,0.000259,-31.360786,15.825731,15.535055,-0.522679,0.000000,0.000000,0.000000,0.000000
-102.975121,0.000259,-30.892563,15.325387,15.567176,-0.514876,0.000000,0.000000,0.000000,0.000000
-100.228691,0.000259,-30.068634,14.673380,15.395254,-0.501143,0.000000,0.000000,0.000000,0.000000
-98.591599,0.000259,-29.577505,14.171334,15.406171,-0.492958,0.000000,0.000000,0.000000,0.000000
-100.684509,0.000259,-30.205379,14.191325,16.014053,-0.503423,0.000000,0.000000,0.000000,0.000000
-99.014870,0.000259,-29.704487,13.694679,16.009808,-0.495074,0.000000,0.000000,0.000000,0.000000
-81.552452,0.000259,-24.465761,10.959358,13.506403,-0.407762,0.000000,0.000000,0.000000,0.000000
-54.001408,0.000259,-16.200449,6.801921,9.398527,-0.270007,0.000000,0.000000,0.000000,0.000000
-22.712065,0.000259,-6.813645,2.126871,4.686774,-0.113560,0.000000,0.000000,0.000000,0.000000
-5.286225,0.000259,-1.585893,-0.543385,2.129278,-0.026431,0.000000,0.000000,0.000000,0.000000
24.648829,0.000259,7.394623,-4.582304,-2.812319,0.123244,0.000000,0.000000,0.000000,0.000000
44.302471,0.000259,13.290715,-7.166198,-6.124517,0.221512,0.000000,0.000000,0.000000,0.000000
50.125999,0.000259,15.037774,-7.824287,-7.213487,0.250630,0.000000,0.000000,0.000000,0.000000
54.317379,0.000259,16.295187,-8.261770,-8.033417,0.271587,0.000000,0.000000,0.000000,0.000000
59.126617,0.000259,17.737959,-8.805284,-8.932675,0.295633,0.000000,0.000000,0.000000,0.000000
56.613876,0.000259,16.984137,-8.280916,-8.703220,0.283069,0.000000,0.000000,0.000000,0.000000
53.785633,0.000259,16.135664,-7.696589,-8.439075,0.268928,0.000000,0.000000,0.000000,0.000000
50.961029,0.000259,15.288282,-7.118800,-8.169483,0.254805,0.000000,0.000000,0.000000,0.000000
48.141193,0.000259,14.442332,-6.547813,-7.894519,0.240706,0.000000,0.000000,0.000000,0.000000
45.327328,0.000259,13.598172,-5.953933,-7.644239,0.226637,0.000000,0.000000,0.000000,0.000000
42.520569,0.000259,12.756145,-5.377388,-7.378757,0.212603,0.000000,0.000000,0.000000,0.000000
39.396046,0.000259,11.818788,-4.737884,-7.080904,0.196980,0.000000,0.000000,0.000000,0.000000
36.933258,0.000259,11.079951,-4.187780,-6.892171,0.184666,0.000000,0.000000,0.000000,0.000000
34.154598,0.000259,10.246353,-3.594868,-6.651485,0.170773,0.000000,0.000000,0.000000,0.000000
31.387478,0.000259,9.416218,-3.000366,-6.415852,0.156937,0.000000,0.000000,0.000000,0.000000
19.766447,0.000259,5.929908,-1.014792,-4.915116,0.098832,0.000000,0.000000,0.000000,0.000000
-8.290228,0.000259,-2.487094,3.251343,-0.764248,-0.041451,0.000000,0.000000,0.000000,0.000000
-15.898945,0.000259,-4.769710,4.223903,0.545806,-0.079495,0.000000,0.000000,0.000000,0.000000
-31.756359,0.000259,-9.526934,6.473383,3.053551,-0.158782,0.000000,0.000000,0.000000,0.000000
-30.446138,0.000259,-9.133867,6.019820,3.114047,-0.152231,0.000000,0.000000,0.000000,0.000000
-28.452168,0.000259,-8.535676,5.480263,3.055413,-0.142261,0.000000,0.000000,0.000000,0.000000
-25.109217,0.000259,-7.532791,4.724311,2.808480,-0.125546,0.000000,0.000000,0.000000,0.000000
-22.726683,0.000259,-6.818031,4.127093,2.690938,-0.113633,0.000000,0.000000,0.000000,0.000000
-19.653341,0.000259,-5.896029,3.396342,2.499687,-0.098267,0.000000,0.000000,0.000000,0.000000
-16.882608,0.000259,-5.064808,2.743196,2.321612,-0.084413,0.000000,0.000000,0.000000,0.000000
-14.085257,0.000259,-4.225603,2.078467,2.147136,-0.070426,0.000000,0.000000,0.000000,0.000000
-11.593357,0.000259,-3.478033,1.460429,2.017604,-0.057967,0.000000,0.000000,0.000000,0.000000
-8.410933,0.000259,-2.523306,0.741676,1.781630,-0.042055,0.000000,0.000000,0.000000,0.000000
-5.536041,0.000259,-1.660838,0.070574,1.590264,-0.027680,0.000000,0.000000,0.000000,0.000000
-5.537219,0.000259,-1.661191,0.070746,1.590445,-0.027686,0.000000,0.000000,0.000000,0.000000
-5.500740,0.000259,-1.650248,0.099858,1.550390,-0.027504,0.000000,0.000000,0.000000,0.000000
-5.611828,0.000259,-1.683574,0.094600,1.588975,-0.028059,0.000000,0.000000,0.000000,0.000000
-5.488235,0.000259,-1.646496,0.053134,1.593362,-0.027441,0.000000,0.000000,0.000000,0.000000
-5.488749,0.000259,-1.646651,0.053339,1.593311,-0.027444,0.000000,0.000000,0.000000,0.000000
-5.447600,0.000259,-1.634306,0.043729,1.590577,-0.027238,0.000000,0.000000,0.000000,0.000000
-5.446213,0.000259,-1.633890,0.060377,1.573512,-0.027231,0.000000,0.000000,0.000000,0.000000
-5.447426,0.000259,-1.634254,0.050615,1.583638,-0.027237,0.000000,0.000000,0.000000,0.000000
-5.448642,0.000259,-1.634619,0.040839,1.593780,-0.027243,0.000000,0.000000,0.000000,0.000000
-5.449823,0.000259,-1.634973,0.051048,1.583925,-0.027249,0.000000,0.000000,0.000000,0.000000
-5.451025,0.000259,-1.635333,0.051276,1.584057,-0.027255,0.000000,0.000000,0.000000,0.000000
-5.452223,0.000259,-1.635693,0.061485,1.574208,-0.027261,0.000000,0.000000,0.000000,0.000000
-5.784857,0.000259,-1.735483,0.110852,1.624631,-0.028924,0.000000,0.000000,0.000000,0.000000
-5.453713,0.000259,-1.636140,0.073302,1.562838,-0.027269,0.000000,0.000000,0.000000,0.000000
-5.700561,0.000259,-1.710194,0.133013,1.577182,-0.028503,0.000000,0.000000,0.000000,0.000000
-5.456230,0.000259,-1.636895,0.053788,1.583107,-0.027281,0.000000,0.000000,0.000000,0.000000
-5.457188,0.000259,-1.637182,0.053040,1.584143,-0.027286,0.000000,0.000000,0.000000,0.000000
-5.458417,0.000259,-1.637551,0.053249,1.584303,-0.027292,0.000000,0.000000,0.000000,0.000000
-5.459718,0.000259,-1.637941,0.054282,1.583659,-0.027299,0.000000,0.000000,0.000000,0.000000
-5.706673,0.000259,-1.712028,0.132693,1.579335,-0.028533,0.000000,0.000000,0.000000,0.000000
0.364617,0.000259,0.109359,-0.710015,0.600656,0.001823,0.000000,0.000000,0.000000,0.000000
17.059895,0.000259,5.117942,-2.946114,-2.171828,0.085299,0.000000,0.000000,0.000000,0.000000
14.155635,0.000259,4.246665,-2.314153,-1.932512,0.070778,0.000000,0.000000,0.000000,0.000000
11.600945,0.000259,3.480258,-1.741206,-1.739051,0.058005,0.000000,0.000000,0.000000,0.000000
9.397460,0.000259,2.819212,-1.198788,-1.620424,0.046987,0.000000,0.000000,0.000000,0.000000
6.214971,0.000259,1.864465,-0.515596,-1.348870,0.031075,0.000000,0.000000,0.000000,0.000000
4.513811,0.000259,1.354117,-0.144379,-1.209738,0.022569,0.000000,0.000000,0.000000,0.000000
4.179339,0.000259,1.253776,-0.072204,-1.181572,0.020897,0.000000,0.000000,0.000000,0.000000
4.179585,0.000259,1.253850,-0.082246,-1.171604,0.020898,0.000000,0.000000,0.000000,0.000000
4.095571,0.000259,1.228645,-0.082681,-1.145964,0.020478,0.000000,0.000000,0.000000,0.000000
3.764077,0.000259,1.129197,-0.067084,-1.062114,0.018820,0.000000,0.000000,0.000000,0.000000
3.762854,0.000259,1.128830,-0.066945,-1.061886,0.018814,0.000000,0.000000,0.000000,0.000000
3.761688,0.000259,1.128480,-0.046808,-1.081672,0.018808,0.000000,0.000000,0.000000,0.000000
3.760654,0.000259,1.128170,-0.046643,-1.081527,0.018803,0.000000,0.000000,0.000000,0.000000
3.759727,0.000259,1.127892,-0.116402,-1.011491,0.018799,0.000000,0.000000,0.000000,0.000000
3.758834,0.000259,1.127624,-0.266071,-0.861553,0.018794,0.000000,0.000000,0.000000,0.000000
3.758163,0.000259,1.127423,-1.005154,-0.122269,0.018791,0.000000,0.000000,0.000000,0.000000
3.757722,0.000259,1.127291,-2.413577,1.286286,0.018789,0.000000,0.000000,0.000000,0.000000
3.757715,0.000259,1.127288,-3.732108,2.604820,0.018789,0.000000,0.000000,0.000000,0.000000
3.757976,0.000259,1.127367,-4.111598,2.984231,0.018790,0.000000,0.000000,0.000000,0.000000
3.757986,0.000259,1.127370,-4.301288,3.173918,0.018790,0.000000,0.000000,0.000000,0.000000
3.758006,0.000259,1.127376,-4.321165,3.193789,0.018790,0.000000,0.000000,0.000000,0.000000
3.758164,0.000259,1.127423,-4.530871,3.403448,0.018791,0.000000,0.000000,0.000000,0.000000
3.758802,0.000259,1.127615,-6.189150,5.061535,0.018794,0.000000,0.000000,0.000000,0.000000
3.759275,0.000259,1.127757,-7.957323,6.829567,0.018796,0.000000,0.000000,0.000000,0.000000
3.426551,0.000259,1.027939,-9.095101,8.067163,0.017133,0.000000,0.000000,0.000000,0.000000
3.758426,0.000259,1.127502,-9.235521,8.108019,0.018792,0.000000,0.000000,0.000000,0.000000
3.753107,0.000259,1.125906,-9.225389,8.099483,0.018766,0.000000,0.000000,0.000000,0.000000
3.743946,0.000259,1.123158,-9.225211,8.102054,0.018720,0.000000,0.000000,0.000000,0.000000
3.740937,0.000259,1.122255,-8.875471,7.753216,0.018705,0.000000,0.000000,0.000000,0.000000
3.750693,0.000259,1.125182,-7.417153,6.291971,0.018753,0.000000,0.000000,0.000000,0.000000
3.742007,0.000259,1.122576,-5.498874,4.376297,0.018710,0.000000,0.000000,0.000000,0.000000
3.743465,0.000259,1.123014,-3.770659,2.647645,0.018717,0.000000,0.000000,0.000000,0.000000
3.750899,0.000259,1.125244,-2.372209,1.246965,0.018754,0.000000,0.000000,0.000000,0.000000
3.754618,0.000259,1.126360,-2.052577,0.926218,0.018773,0.000000,0.000000,0.000000,0.000000
3.751203,0.000259,1.125335,-2.082485,0.957151,0.018756,0.000000,0.000000,0.000000,0.000000
3.548478,0.000259,1.064518,-2.127593,1.063075,0.017742,0.000000,0.000000,0.000000,0.000000
3.546784,0.000259,1.064009,-2.346897,1.282888,0.017734,0.000000,0.000000,0.000000,0.000000
3.545043,0.000259,1.063487,-2.356391,1.292904,0.017725,0.000000,0.000000,0.000000,0.000000
3.877164,0.000259,1.163123,-2.426983,1.263860,0.019386,0.000000,0.000000,0.000000,0.000000
3.760633,0.000259,1.128164,-2.412727,1.284564,0.018803,0.000000,0.000000,0.000000,0.000000
3.760710,0.000259,1.128187,-2.392668,1.264481,0.018804,0.000000,0.000000,0.000000,0.000000
3.761819,0.000259,1.128520,-2.412608,1.284088,0.018809,0.000000,0.000000,0.000000,0.000000
3.761844,0.000259,1.128527,-2.412548,1.284021,0.018809,0.000000,0.000000,0.000000,0.000000
3.763888,0.000259,1.129140,-2.412539,1.283398,0.018819,0.000000,0.000000,0.000000,0.000000
3.432481,0.000259,1.029718,-2.361540,1.331822,0.017162,0.000000,0.000000,0.000000,0.000000
3.763262,0.000259,1.128953,-2.412416,1.283464,0.018816,0.000000,0.000000,0.000000,0.000000
3.982935,0.000259,1.194854,-2.457552,1.262697,0.019915,0.000000,0.000000,0.000000,0.000000
3.982260,0.000259,1.194652,-2.477144,1.282492,0.019911,0.000000,0.000000,0.000000,0.000000
3.981564,0.000259,1.194443,-2.436792,1.242348,0.019908,0.000000,0.000000,0.000000,0.000000
3.750218,0.000259,1.125039,-2.382630,1.257591,0.018751,0.000000,0.000000,0.000000,0.000000
3.977385,0.000259,1.193190,-2.456204,1.263015,0.019887,0.000000,0.000000,0.000000,0.000000
3.975943,0.000259,1.192757,-2.445772,1.253015,0.019880,0.000000,0.000000,0.000000,0.000000
3.974546,0.000259,1.192338,-2.455373,1.263035,0.019873,0.000000,0.000000,0.000000,0.000000
3.742127,0.000259,1.122612,-2.384438,1.261826,0.018711,0.000000,0.000000,0.000000,0.000000
3.967685,0.000259,1.190279,-2.454647,1.264367,0.019838,0.000000,0.000000,0.000000,0.000000
3.966952,0.000259,1.190060,-2.454314,1.264254,0.019835,0.000000,0.000000,0.000000,0.000000
3.966230,0.000259,1.189843,-2.463967,1.274125,0.019831,0.000000,0.000000,0.000000,0.000000
3.965503,0.000259,1.189625,-2.453616,1.263991,0.019828,0.000000,0.000000,0.000000,0.000000
3.964743,0.000259,1.189397,-2.443285,1.253888,0.019824,0.000000,0.000000,0.000000,0.000000
3.963961,0.000259,1.189162,-2.462922,1.273759,0.019820,0.000000,0.000000,0.000000,0.000000
3.963132,0.000259,1.188914,-2.462596,1.273683,0.019816,0.000000,0.000000,0.000000,0.000000
3.962337,0.000259,1.188675,-2.462255,1.273580,0.019812,0.000000,0.000000,0.000000,0.000000
3.961490,0.000259,1.188421,-2.461922,1.273500,0.019807,0.000000,0.000000,0.000000,0.000000
3.960629,0.000259,1.188163,-2.451597,1.263434,0.019803,0.000000,0.000000,0.000000,0.000000
3.627442,0.000259,1.088207,-2.410602,1.322396,0.018137,0.000000,0.000000,0.000000,0.000000
3.848804,0.000259,1.154615,-2.423258,1.268642,0.019244,0.000000,0.000000,0.000000,0.000000
3.848232,0.000259,1.154444,-2.413290,1.258846,0.019241,0.000000,0.000000,0.000000,0.000000
3.847687,0.000259,1.154280,-2.423305,1.269024,0.019238,0.000000,0.000000,0.000000,0.000000
3.847121,0.000259,1.154110,-2.423332,1.269222,0.019236,0.000000,0.000000,0.000000,0.000000
3.888061,0.000259,1.166392,-2.435297,1.268905,0.019440,0.000000,0.000000,0.000000,0.000000
3.887127,0.000259,1.166112,-2.425091,1.258979,0.019436,0.000000,0.000000,0.000000,0.000000
3.886216,0.000259,1.165839,-2.444851,1.279013,0.019431,0.000000,0.000000,0.000000,0.000000
3.885275,0.000259,1.165557,-2.444632,1.279075,0.019426,0.000000,0.000000,0.000000,0.000000
3.884347,0.000259,1.165278,-2.434429,1.269151,0.019422,0.000000,0.000000,0.000000,0.000000
3.550449,0.000259,1.065109,-2.393402,1.328294,0.017752,0.000000,0.000000,0.000000,0.000000
3.542002,0.000259,1.062575,-2.385988,1.323413,0.017710,0.000000,0.000000,0.000000,0.000000
3.870531,0.000259,1.161133,-2.439270,1.278137,0.019353,0.000000,0.000000,0.000000,0.000000
3.869418,0.000259,1.160799,-2.439073,1.278273,0.019347,0.000000,0.000000,0.000000,0.000000
3.636368,0.000259,1.090885,-2.358109,1.267225,0.018182,0.000000,0.000000,0.000000,0.000000
3.867317,0.000259,1.160169,-2.407380,1.247211,0.019337,0.000000,0.000000,0.000000,0.000000
3.866160,0.000259,1.159822,-2.427188,1.267366,0.019331,0.000000,0.000000,0.000000,0.000000
3.864988,0.000259,1.159470,-2.427012,1.267541,0.019325,0.000000,0.000000,0.000000,0.000000
3.863835,0.000259,1.159125,-2.436820,1.277695,0.019319,0.000000,0.000000,0.000000,0.000000
3.862679,0.000259,1.158778,-2.426650,1.267872,0.019313,0.000000,0.000000,0.000000,0.000000
3.861521,0.000259,1.158430,-2.436457,1.278027,0.019308,0.000000,0.000000,0.000000,0.000000
3.860354,0.000259,1.158080,-2.436270,1.278190,0.019302,0.000000,0.000000,0.000000,0.000000
3.859207,0.000259,1.157736,-2.436094,1.278358,0.019296,0.000000,0.000000,0.000000,0.000000
3.858033,0.000259,1.157384,-2.425928,1.268544,0.019290,0.000000,0.000000,0.000000,0.000000
3.856875,0.000259,1.157036,-2.435742,1.278706,0.019284,0.000000,0.000000,0.000000,0.000000
3.855715,0.000259,1.156689,-2.435570,1.278882,0.019279,0.000000,0.000000,0.000000,0.000000
3.854559,0.000259,1.156342,-2.425401,1.269060,0.019273,0.000000,0.000000,0.000000,0.000000
3.853390,0.000259,1.155991,-2.435210,1.279219,0.019267,0.000000,0.000000,0.000000,0.000000
3.852241,0.000259,1.155646,-2.425042,1.269396,0.019261,0.000000,0.000000,0.000000,0.000000
3.518197,0.000259,1.055433,-2.383998,1.328565,0.017591,0.000000,0.000000,0.000000,0.000000
3.849850,0.000259,1.154929,-2.434136,1.279207,0.019249,0.000000,0.000000,0.000000,0.000000
3.848683,0.000259,1.154579,-2.433964,1.279385,0.019243,0.000000,0.000000,0.000000,0.000000
3.847563,0.000259,1.154243,-2.434297,1.280054,0.019238,0.000000,0.000000,0.000000,0.000000
3.846414,0.000259,1.153898,-2.404143,1.250244,0.019232,0.000000,0.000000,0.000000,0.000000
3.845414,0.000259,1.153598,-2.423193,1.269595,0.019227,0.000000,0.000000,0.000000,0.000000
3.844233,0.000259,1.153244,-2.423029,1.269785,0.019221,0.000000,0.000000,0.000000,0.000000
3.843044,0.000259,1.152887,-2.432852,1.279965,0.019215,0.000000,0.000000,0.000000,0.000000
3.841869,0.000259,1.152535,-2.432693,1.280158,0.019209,0.000000,0.000000,0.000000,0.000000
3.840701,0.000259,1.152184,-2.432523,1.280339,0.019204,0.000000,0.000000,0.000000,0.000000
3.607157,0.000259,1.082121,-2.343463,1.261342,0.018036,0.000000,0.000000,0.000000,0.000000
3.838284,0.000259,1.151459,-2.432199,1.280740,0.019191,0.000000,0.000000,0.000000,0.000000
3.837113,0.000259,1.151108,-2.432023,1.280915,0.019186,0.000000,0.000000,0.000000,0.000000
3.835958,0.000259,1.150761,-2.431855,1.281094,0.019180,0.000000,0.000000,0.000000,0.000000
3.834785,0.000259,1.150410,-2.431689,1.281280,0.019174,0.000000,0.000000,0.000000,0.000000
3.833613,0.000259,1.150058,-2.431520,1.281462,0.019168,0.000000,0.000000,0.000000,0.000000
3.832451,0.000259,1.149709,-2.401386,1.251676,0.019162,0.000000,0.000000,0.000000,0.000000
3.498419,0.000259,1.049500,-2.350362,1.300863,0.017492,0.000000,0.000000,0.000000,0.000000
3.830068,0.000259,1.148994,-2.430637,1.281643,0.019150,0.000000,0.000000,0.000000,0.000000
3.828907,0.000259,1.148646,-2.430476,1.281830,0.019145,0.000000,0.000000,0.000000,0.000000
3.827741,0.000259,1.148296,-2.420319,1.272022,0.019139,0.000000,0.000000,0.000000,0.000000
3.493686,0.000259,1.048080,-2.379287,1.331207,0.017468,0.000000,0.000000,0.000000,0.000000
3.825343,0.000259,1.147577,-2.429838,1.282261,0.019127,0.000000,0.000000,0.000000,0.000000
3.491282,0.000259,1.047359,-2.378811,1.331453,0.017456,0.000000,0.000000,0.000000,0.000000
3.822956,0.000259,1.146861,-2.429401,1.282540,0.019115,0.000000,0.000000,0.000000,0.000000
3.821794,0.000259,1.146512,-2.419253,1.272741,0.019109,0.000000,0.000000,0.000000,0.000000
3.820614,0.000259,1.146158,-2.429082,1.282924,0.019103,0.000000,0.000000,0.000000,0.000000
3.819447,0.000259,1.145808,-2.428922,1.283114,0.019097,0.000000,0.000000,0.000000,0.000000
3.818295,0.000259,1.145463,-2.428761,1.283298,0.019091,0.000000,0.000000,0.000000,0.000000
3.817142,0.000259,1.145117,-2.418610,1.273494,0.019086,0.000000,0.000000,0.000000,0.000000
3.815978,0.000259,1.144768,-2.428443,1.283676,0.019080,0.000000,0.000000,0.000000,0.000000
3.814833,0.000259,1.144424,-2.428287,1.283863,0.019074,0.000000,0.000000,0.000000,0.000000
3.813890,0.000259,1.144141,-2.427318,1.283177,0.019069,0.000000,0.000000,0.000000,0.000000
3.812715,0.000259,1.143789,-2.427177,1.283389,0.019064,0.000000,0.000000,0.000000,0.000000
3.811529,0.000259,1.143433,-2.427029,1.283596,0.019058,0.000000,0.000000,0.000000,0.000000
3.810354,0.000259,1.143080,-2.426884,1.283804,0.019052,0.000000,0.000000,0.000000,0.000000
3.809187,0.000259,1.142730,-2.426744,1.284014,0.019046,0.000000,0.000000,0.000000,0.000000
3.807927,0.000259,1.142352,-2.426844,1.284492,0.019040,0.000000,0.000000,0.000000,0.000000
3.806771,0.000259,1.142005,-2.426691,1.284686,0.019034,0.000000,0.000000,0.000000,0.000000
3.805619,0.000259,1.141660,-2.426534,1.284874,0.019028,0.000000,0.000000,0.000000,0.000000
3.804472,0.000259,1.141316,-2.426378,1.285063,0.019022,0.000000,0.000000,0.000000,0.000000
3.803327,0.000259,1.140972,-2.426220,1.285248,0.019017,0.000000,0.000000,0.000000,0.000000
3.802191,0.000259,1.140631,-2.426064,1.285432,0.019011,0.000000,0.000000,0.000000,0.000000
3.801046,0.000259,1.140288,-2.435893,1.295605,0.019005,0.000000,0.000000,0.000000,0.000000
3.799924,0.000259,1.139951,-2.425738,1.285786,0.019000,0.000000,0.000000,0.000000,0.000000
3.798810,0.000259,1.139617,-2.425571,1.285954,0.018994,0.000000,0.000000,0.000000,0.000000
3.797677,0.000259,1.139277,-2.425405,1.286128,0.018988,0.000000,0.000000,0.000000,0.000000
3.796552,0.000259,1.138940,-2.425242,1.286302,0.018983,0.000000,0.000000,0.000000,0.000000
3.795445,0.000259,1.138608,-2.425077,1.286470,0.018977,0.000000,0.000000,0.000000,0.000000
3.794328,0.000259,1.138273,-2.424908,1.286635,0.018972,0.000000,0.000000,0.000000,0.000000
3.793262,0.000259,1.137953,-2.424736,1.286784,0.018966,0.000000,0.000000,0.000000,0.000000
3.459285,0.000259,1.037760,-2.373688,1.335928,0.017296,0.000000,0.000000,0.000000,0.000000
3.790820,0.000259,1.137220,-2.423290,1.286070,0.018954,0.000000,0.000000,0.000000,0.000000
3.789618,0.000259,1.136860,-2.413155,1.276295,0.018948,0.000000,0.000000,0.000000,0.000000
3.788466,0.000259,1.136514,-2.422992,1.286478,0.018942,0.000000,0.000000,0.000000,0.000000
3.787305,0.000259,1.136166,-2.422842,1.286676,0.018937,0.000000,0.000000,0.000000,0.000000
3.786146,0.000259,1.135818,-2.422692,1.286874,0.018931,0.000000,0.000000,0.000000,0.000000
4.117895,0.000259,1.235343,-2.473092,1.237749,0.020589,0.000000,0.000000,0.000000,0.000000
3.783786,0.000259,1.135110,-2.392140,1.257030,0.018919,0.000000,0.000000,0.000000,0.000000
3.782626,0.000259,1.134762,-2.421963,1.287202,0.018913,0.000000,0.000000,0.000000,0.000000
3.781503,0.000259,1.134425,-2.421812,1.287387,0.018908,0.000000,0.000000,0.000000,0.000000
3.437919,0.000259,1.031350,-2.387223,1.355873,0.017190,0.000000,0.000000,0.000000,0.000000
3.756237,0.000259,1.126845,-2.415747,1.288902,0.018781,0.000000,0.000000,0.000000,0.000000
3.755088,0.000259,1.126500,-2.405650,1.279149,0.018775,0.000000,0.000000,0.000000,0.000000
4.086810,0.000259,1.226017,-2.476221,1.250204,0.020434,0.000000,0.000000,0.000000,0.000000
3.752683,0.000259,1.125779,-2.415376,1.289597,0.018763,0.000000,0.000000,0.000000,0.000000
3.751532,0.000259,1.125434,-2.415229,1.289796,0.018758,0.000000,0.000000,0.000000,0.000000
3.750385,0.000259,1.125090,-2.405087,1.279998,0.018752,0.000000,0.000000,0.000000,0.000000
3.716011,0.000259,1.114777,-2.421758,1.306981,0.018580,0.000000,0.000000,0.000000,0.000000
3.540153,0.000259,1.062020,-2.355370,1.293350,0.017701,0.000000,0.000000,0.000000,0.000000
3.539099,0.000259,1.061704,-2.355056,1.293352,0.017695,0.000000,0.000000,0.000000,0.000000
3.538071,0.000259,1.061395,-2.364720,1.303325,0.017690,0.000000,0.000000,0.000000,0.000000
3.870328,0.000259,1.161072,-2.425456,1.264384,0.019352,0.000000,0.000000,0.000000,0.000000
3.594370,0.000259,1.078285,-2.389238,1.310953,0.017972,0.000000,0.000000,0.000000,0.000000
3.593341,0.000259,1.077976,-2.389139,1.311163,0.017967,0.000000,0.000000,0.000000,0.000000
3.592316,0.000259,1.077669,-2.389040,1.311371,0.017962,0.000000,0.000000,0.000000,0.000000
3.924701,0.000259,1.177384,-2.429841,1.252457,0.019624,0.000000,0.000000,0.000000,0.000000
3.657269,0.000259,1.097155,-2.379785,1.282630,0.018286,0.000000,0.000000,0.000000,0.000000
3.656634,0.000259,1.096964,-2.389581,1.292617,0.018283,0.000000,0.000000,0.000000,0.000000
3.655963,0.000259,1.096763,-2.389387,1.292624,0.018280,0.000000,0.000000,0.000000,0.000000
3.655291,0.000259,1.096561,-2.379207,1.282645,0.018276,0.000000,0.000000,0.000000,0.000000
3.654603,0.000259,1.096355,-2.389004,1.292649,0.018273,0.000000,0.000000,0.000000,0.000000
3.653927,0.000259,1.096152,-2.388812,1.292660,0.018270,0.000000,0.000000,0.000000,0.000000
3.653215,0.000259,1.095939,-2.388619,1.292681,0.018266,0.000000,0.000000,0.000000,0.000000
3.652508,0.000259,1.095727,-2.398416,1.302689,0.018263,0.000000,0.000000,0.000000,0.000000
3.651804,0.000259,1.095515,-2.388234,1.292719,0.018259,0.000000,0.000000,0.000000,0.000000
3.651113,0.000259,1.095308,-2.388040,1.292732,0.018256,0.000000,0.000000,0.000000,0.000000
3.650386,0.000259,1.095090,-2.387847,1.292757,0.018252,0.000000,0.000000,0.000000,0.000000
3.649656,0.000259,1.094871,-2.397642,1.302771,0.018248,0.000000,0.000000,0.000000,0.000000
3.636484,0.000259,1.090919,-2.401332,1.310413,0.018182,0.000000,0.000000,0.000000,0.000000
3.635324,0.000259,1.090571,-2.381242,1.290671,0.018177,0.000000,0.000000,0.000000,0.000000
3.634180,0.000259,1.090228,-2.391124,1.300896,0.018171,0.000000,0.000000,0.000000,0.000000
3.629947,0.000259,1.088958,-2.386424,1.297465,0.018150,0.000000,0.000000,0.000000,0.000000
3.628853,0.000259,1.088630,-2.386231,1.297601,0.018144,0.000000,0.000000,0.000000,0.000000
3.627745,0.000259,1.088298,-2.396026,1.307728,0.018139,0.000000,0.000000,0.000000,0.000000
3.626664,0.000259,1.087973,-2.385844,1.297870,0.018133,0.000000,0.000000,0.000000,0.000000
3.625537,0.000259,1.087635,-2.385656,1.298021,0.018128,0.000000,0.000000,0.000000,0.000000
3.624408,0.000259,1.087296,-2.375478,1.288182,0.018122,0.000000,0.000000,0.000000,0.000000
3.623300,0.000259,1.086964,-2.385278,1.298314,0.018117,0.000000,0.000000,0.000000,0.000000
3.622183,0.000259,1.086629,-2.385089,1.298460,0.018111,0.000000,0.000000,0.000000,0.000000
3.621068,0.000259,1.086294,-2.354927,1.268633,0.018105,0.000000,0.000000,0.000000,0.000000
3.619960,0.000259,1.085962,-2.394694,1.308732,0.018100,0.000000,0.000000,0.000000,0.000000
3.618833,0.000259,1.085624,-2.394506,1.308881,0.018094,0.000000,0.000000,0.000000,0.000000
3.617697,0.000259,1.085283,-2.384329,1.299046,0.018088,0.000000,0.000000,0.000000,0.000000
3.616582,0.000259,1.084949,-2.384136,1.299187,0.018083,0.000000,0.000000,0.000000,0.000000
3.615455,0.000259,1.084611,-2.383944,1.299333,0.018077,0.000000,0.000000,0.000000,0.000000
3.614322,0.000259,1.084271,-2.393740,1.309469,0.018072,0.000000,0.000000,0.000000,0.000000
3.612667,0.000259,1.083774,-2.384591,1.300816,0.018063,0.000000,0.000000,0.000000,0.000000
3.611478,0.000259,1.083417,-2.384413,1.300996,0.018057,0.000000,0.000000,0.000000,0.000000
3.610307,0.000259,1.083066,-2.384239,1.301172,0.018052,0.000000,0.000000,0.000000,0.000000
3.609149,0.000259,1.082719,-2.384063,1.301345,0.018046,0.000000,0.000000,0.000000,0.000000
3.607960,0.000259,1.082362,-2.383873,1.301511,0.018040,0.000000,0.000000,0.000000,0.000000
3.939678,0.000259,1.181877,-2.434580,1.252703,0.019698,0.000000,0.000000,0.000000,0.000000
3.605627,0.000259,1.081662,-2.383526,1.301863,0.018028,0.000000,0.000000,0.000000,0.000000
3.604456,0.000259,1.081311,-2.383327,1.302016,0.018022,0.000000,0.000000,0.000000,0.000000
3.603280,0.000259,1.080958,-2.383130,1.302172,0.018016,0.000000,0.000000,0.000000,0.000000
3.602120,0.000259,1.080610,-2.382952,1.302342,0.018011,0.000000,0.000000,0.000000,0.000000
3.600929,0.000259,1.080253,-2.382758,1.302506,0.018005,0.000000,0.000000,0.000000,0.000000
3.599336,0.000259,1.079775,-2.381124,1.301349,0.017997,0.000000,0.000000,0.000000,0.000000
3.598217,0.000259,1.079439,-2.380925,1.301486,0.017991,0.000000,0.000000,0.000000,0.000000
3.597084,0.000259,1.079099,-2.380725,1.301626,0.017985,0.000000,0.000000,0.000000,0.000000
3.595962,0.000259,1.078763,-2.380522,1.301759,0.017980,0.000000,0.000000,0.000000,0.000000
3.927334,0.000259,1.178174,-2.432026,1.253852,0.019637,0.000000,0.000000,0.000000,0.000000
3.593312,0.000259,1.077968,-2.370554,1.292587,0.017967,0.000000,0.000000,0.000000,0.000000
3.925034,0.000259,1.177484,-2.431239,1.253755,0.019625,0.000000,0.000000,0.000000,0.000000
3.923764,0.000259,1.177103,-2.431331,1.254228,0.019619,0.000000,0.000000,0.000000,0.000000
3.589716,0.000259,1.076889,-2.379928,1.303039,0.017949,0.000000,0.000000,0.000000,0.000000
3.921452,0.000259,1.176410,-2.440609,1.264199,0.019607,0.000000,0.000000,0.000000,0.000000
3.587297,0.000259,1.076163,-2.379748,1.303585,0.017936,0.000000,0.000000,0.000000,0.000000
3.818866,0.000259,1.145634,-2.447760,1.302126,0.019094,0.000000,0.000000,0.000000,0.000000
3.584812,0.000259,1.075418,-2.379268,1.303850,0.017924,0.000000,0.000000,0.000000,0.000000
3.583654,0.000259,1.075070,-2.379057,1.303987,0.017918,0.000000,0.000000,0.000000,0.000000
3.582499,0.000259,1.074724,-2.378858,1.304134,0.017912,0.000000,0.000000,0.000000,0.000000
3.581319,0.000259,1.074370,-2.378649,1.304279,0.017907,0.000000,0.000000,0.000000,0.000000
3.580144,0.000259,1.074017,-2.378446,1.304429,0.017901,0.000000,0.000000,0.000000,0.000000
3.578987,0.000259,1.073670,-2.378243,1.304574,0.017895,0.000000,0.000000,0.000000,0.000000
3.577826,0.000259,1.073322,-2.378031,1.304710,0.017889,0.000000,0.000000,0.000000,0.000000
3.576662,0.000259,1.072973,-2.377833,1.304860,0.017883,0.000000,0.000000,0.000000,0.000000
3.908394,0.000259,1.172492,-2.428525,1.256032,0.019542,0.000000,0.000000,0.000000,0.000000
3.574337,0.000259,1.072275,-2.377093,1.304818,0.017872,0.000000,0.000000,0.000000,0.000000
3.573049,0.000259,1.071889,-2.377117,1.305228,0.017865,0.000000,0.000000,0.000000,0.000000
3.571889,0.000259,1.071541,-2.366917,1.295376,0.017859,0.000000,0.000000,0.000000,0.000000
3.903631,0.000259,1.171063,-2.427578,1.256515,0.019518,0.000000,0.000000,0.000000,0.000000
3.569538,0.000259,1.070835,-2.376291,1.305456,0.017848,0.000000,0.000000,0.000000,0.000000
3.568393,0.000259,1.070492,-2.376067,1.305575,0.017842,0.000000,0.000000,0.000000,0.000000
3.567225,0.000259,1.070141,-2.375838,1.305697,0.017836,0.000000,0.000000,0.000000,0.000000
3.566083,0.000259,1.069799,-2.375618,1.305819,0.017830,0.000000,0.000000,0.000000,0.000000
3.564940,0.000259,1.069456,-2.375383,1.305927,0.017825,0.000000,0.000000,0.000000,0.000000
3.563779,0.000259,1.069108,-2.375154,1.306046,0.017819,0.000000,0.000000,0.000000,0.000000
3.562635,0.000259,1.068765,-2.374919,1.306154,0.017813,0.000000,0.000000,0.000000,0.000000
3.561471,0.000259,1.068415,-2.374684,1.306268,0.017807,0.000000,0.000000,0.000000,0.000000
3.893178,0.000259,1.167928,-2.425366,1.257439,0.019466,0.000000,0.000000,0.000000,0.000000
3.559085,0.000259,1.067699,-2.374916,1.307216,0.017795,0.000000,0.000000,0.000000,0.000000
3.557920,0.000259,1.067350,-2.374691,1.307341,0.017790,0.000000,0.000000,0.000000,0.000000
3.556765,0.000259,1.067003,-2.364466,1.297463,0.017784,0.000000,0.000000,0.000000,0.000000
3.555576,0.000259,1.066647,-2.374221,1.307574,0.017778,0.000000,0.000000,0.000000,0.000000
3.554399,0.000259,1.066294,-2.373980,1.307686,0.017772,0.000000,0.000000,0.000000,0.000000
3.553223,0.000259,1.065941,-2.373740,1.307799,0.017766,0.000000,0.000000,0.000000,0.000000
3.552049,0.000259,1.065589,-2.363522,1.297933,0.017760,0.000000,0.000000,0.000000,0.000000
3.550892,0.000259,1.065242,-2.373265,1.308024,0.017754,0.000000,0.000000,0.000000,0.000000
3.782479,0.000259,1.134718,-2.451499,1.316781,0.018912,0.000000,0.000000,0.000000,0.000000
3.548538,0.000259,1.064535,-2.372574,1.308038,0.017743,0.000000,0.000000,0.000000,0.000000
3.780122,0.000259,1.134011,-2.440742,1.306731,0.018901,0.000000,0.000000,0.000000,0.000000
3.778976,0.000259,1.133667,-2.440454,1.306788,0.018895,0.000000,0.000000,0.000000,0.000000
6.074237,0.000259,1.822245,-2.663054,0.840809,0.030371,0.000000,0.000000,0.000000,0.000000
41.516251,0.000259,12.454849,-7.930727,-4.524123,0.207581,0.000000,0.000000,0.000000,0.000000
43.578796,0.000259,13.073613,-8.056922,-5.016691,0.217894,0.000000,0.000000,0.000000,0.000000
43.702072,0.000259,13.110596,-7.883370,-5.227225,0.218510,0.000000,0.000000,0.000000,0.000000
40.591057,0.000259,12.177291,-7.198619,-4.978672,0.202955,0.000000,0.000000,0.000000,0.000000
37.815620,0.000259,11.344660,-6.563989,-4.780671,0.189078,0.000000,0.000000,0.000000,0.000000
35.052349,0.000259,10.515678,-5.928635,-4.587043,0.175262,0.000000,0.000000,0.000000,0.000000
9.088893,0.000259,2.726642,-1.742189,-0.984453,0.045444,0.000000,0.000000,0.000000,0.000000
-2.483648,0.000259,-0.745120,-0.106020,0.851141,-0.012418,0.000000,0.000000,0.000000,0.000000
-2.757496,0.000259,-0.827275,-0.290185,1.117460,-0.013787,0.000000,0.000000,0.000000,0.000000
-2.682943,0.000259,-0.804909,-0.540362,1.345271,-0.013415,0.000000,0.000000,0.000000,0.000000
-11.251225,0.000259,-3.375393,0.571978,2.803416,-0.056256,0.000000,0.000000,0.000000,0.000000
-7.506099,0.000259,-2.251856,-0.238374,2.490230,-0.037530,0.000000,0.000000,0.000000,0.000000
-4.732769,0.000259,-1.419857,-0.885430,2.305287,-0.023664,0.000000,0.000000,0.000000,0.000000
-9.597330,0.000259,-2.879225,-0.380393,3.259618,-0.047987,0.000000,0.000000,0.000000,0.000000
-39.226963,0.000259,-11.768115,3.875318,7.892797,-0.196135,0.000000,0.000000,0.000000,0.000000
-67.751518,0.000259,-20.325481,7.939814,12.385668,-0.338758,0.000000,0.000000,0.000000,0.000000
-83.231049,0.000259,-24.969341,10.010900,14.958441,-0.416155,0.000000,0.000000,0.000000,0.000000
-101.636215,0.000259,-30.490891,12.486986,18.003904,-0.508181,0.000000,0.000000,0.000000,0.000000
-128.183609,0.000259,-38.455109,16.169479,22.285629,-0.640918,0.000000,0.000000,0.000000,0.000000
-146.518692,0.000259,-43.955635,18.606754,25.348881,-0.732593,0.000000,0.000000,0.000000,0.000000
-165.782288,0.000259,-45.000000,18.828922,26.171078,-0.828911,0.000000,0.000000,0.000000,0.000000
-176.789993,0.000259,-45.000000,18.559069,26.440931,-0.883950,0.000000,0.000000,0.000000,0.000000
-176.260864,0.000259,-45.000000,18.302553,26.697447,-0.881304,0.000000,0.000000,0.000000,0.000000
-171.434341,0.000259,-45.000000,18.091526,26.908474,-0.857172,0.000000,0.000000,0.000000,0.000000
-144.374802,0.000259,-43.312466,17.144302,26.168163,-0.721874,0.000000,0.000000,0.000000,0.000000
-79.547050,0.000259,-23.864141,7.762205,16.101936,-0.397735,0.000000,0.000000,0.000000,0.000000
14.894652,0.000259,4.468370,-5.389585,0.921215,0.074473,0.000000,0.000000,0.000000,0.000000
79.380508,0.000259,23.814127,-14.056965,-9.757162,0.396903,0.000000,0.000000,0.000000,0.000000
128.113556,0.000259,38.434040,-20.595390,-17.838650,0.640568,0.000000,0.000000,0.000000,0.000000
158.659012,0.000259,45.000000,-23.469141,-21.530859,0.793295,0.000000,0.000000,0.000000,0.000000
157.325562,0.000259,45.000000,-23.385540,-21.614460,0.786628,0.000000,0.000000,0.000000,0.000000
132.877808,0.000259,39.863316,-20.906483,-18.956833,0.664389,0.000000,0.000000,0.000000,0.000000
63.517200,0.000259,19.055134,-10.792576,-8.262558,0.317586,0.000000,0.000000,0.000000,0.000000
-2.387080,0.000259,-0.716150,-1.383610,2.099760,-0.011935,0.000000,0.000000,0.000000,0.000000
-55.446869,0.000259,-16.634087,5.998875,10.635212,-0.277234,0.000000,0.000000,0.000000,0.000000
-93.093750,0.000259,-27.928150,11.136930,16.791220,-0.465469,0.000000,0.000000,0.000000,0.000000
-93.453827,0.000259,-28.036175,10.929411,17.106764,-0.467269,0.000000,0.000000,0.000000,0.000000
-90.242455,0.000259,-27.072762,10.211544,16.861217,-0.451212,0.000000,0.000000,0.000000,0.000000
-80.017197,0.000259,-24.005184,8.482650,15.522534,-0.400086,0.000000,0.000000,0.000000,0.000000
-73.522240,0.000259,-22.056698,7.291268,14.765429,-0.367611,0.000000,0.000000,0.000000,0.000000
-70.961540,0.000259,-21.288488,6.653625,14.634864,-0.354808,0.000000,0.000000,0.000000,0.000000
-92.048386,0.000259,-27.614542,9.314766,18.299776,-0.460242,0.000000,0.000000,0.000000,0.000000
-136.043625,0.000259,-40.813114,15.181269,25.631845,-0.680218,0.000000,0.000000,0.000000,0.000000
-158.336700,0.000259,-45.000000,16.827705,28.172295,-0.791683,0.000000,0.000000,0.000000,0.000000
-168.421494,0.000259,-45.000000,16.481842,28.518158,-0.842107,0.000000,0.000000,0.000000,0.000000
-170.771698,0.000259,-45.000000,16.207745,28.792255,-0.853858,0.000000,0.000000,0.000000,0.000000
-172.840469,0.000259,-45.000000,15.933508,29.066492,-0.864202,0.000000,0.000000,0.000000,0.000000
-179.953629,0.000259,-45.000000,15.644680,29.355320,-0.899768,0.000000,0.000000,0.000000,0.000000
-179.865189,0.000259,-45.000000,15.398525,29.601475,-0.899326,0.000000,0.000000,0.000000,0.000000
-179.070618,0.000259,-45.000000,15.135285,29.864716,-0.895353,0.000000,0.000000,0.000000,0.000000
-176.961960,0.000259,-45.000000,14.880842,30.119158,-0.884810,0.000000,0.000000,0.000000,0.000000
-162.983841,0.000259,-45.000000,14.774188,30.225811,-0.814919,0.000000,0.000000,0.000000,0.000000
-139.666824,0.000259,-41.900074,13.328894,28.571180,-0.698334,0.000000,0.000000,0.000000,0.000000
-119.427917,0.000259,-35.828400,10.412479,25.415920,-0.597140,0.000000,0.000000,0.000000,0.000000
-88.286896,0.000259,-26.486095,6.164132,20.321964,-0.441434,0.000000,0.000000,0.000000,0.000000
-65.543297,0.000259,-19.663015,3.018127,16.644888,-0.327716,0.000000,0.000000,0.000000,0.000000
-54.760082,0.000259,-16.428051,1.308619,15.119432,-0.273800,0.000000,0.000000,0.000000,0.000000
-52.008980,0.000259,-15.602720,0.581439,15.021281,-0.260045,0.000000,0.000000,0.000000,0.000000
-38.032013,0.000259,-11.409630,-1.527254,12.936884,-0.190160,0.000000,0.000000,0.000000,0.000000
-21.754044,0.000259,-6.526239,-3.527720,10.053959,-0.108770,0.000000,0.000000,0.000000,0.000000
-14.781171,0.000259,-4.434377,-4.293633,8.728010,-0.073906,0.000000,0.000000,0.000000,0.000000
-9.229137,0.000259,-2.768767,-4.844531,7.613298,-0.046146,0.000000,0.000000,0.000000,0.000000
-5.993731,0.000259,-1.798145,-5.087139,6.885284,-0.029969,0.000000,0.000000,0.000000,0.000000
-8.639930,0.000259,-2.592005,-4.620583,7.212587,-0.043200,0.000000,0.000000,0.000000,0.000000
-11.277097,0.000259,-3.383155,-4.138438,7.521593,-0.056385,0.000000,0.000000,0.000000,0.000000
-14.546554,0.000259,-4.363992,-3.564568,7.928560,-0.072733,0.000000,0.000000,0.000000,0.000000
-17.147749,0.000259,-5.144351,-3.089549,8.233899,-0.085739,0.000000,0.000000,0.000000,0.000000
-20.380827,0.000259,-6.114274,-2.510530,8.624804,-0.101904,0.000000,0.000000,0.000000,0.000000
-21.479225,0.000259,-6.443793,-2.276848,8.720641,-0.107396,0.000000,0.000000,0.000000,0.000000
-21.220804,0.000259,-6.366267,-2.359721,8.725988,-0.106104,0.000000,0.000000,0.000000,0.000000
-21.157810,0.000259,-6.347369,-2.317429,8.664798,-0.105789,0.000000,0.000000,0.000000,0.000000
-21.159063,0.000259,-6.347745,-2.307328,8.655073,-0.105795,0.000000,0.000000,0.000000,0.000000
-21.220913,0.000259,-6.366300,-2.351772,8.718072,-0.106105,0.000000,0.000000,0.000000,0.000000
-21.222357,0.000259,-6.366733,-2.341590,8.708323,-0.106112,0.000000,0.000000,0.000000,0.000000
-21.881197,0.000259,-6.564385,-2.263286,8.827671,-0.109406,0.000000,0.000000,0.000000,0.000000
-21.613512,0.000259,-6.484079,-2.312228,8.796307,-0.108068,0.000000,0.000000,0.000000,0.000000
-21.226423,0.000259,-6.367953,-2.321179,8.689132,-0.106132,0.000000,0.000000,0.000000,0.000000
-21.556604,0.000259,-6.467007,-2.296989,8.763996,-0.107783,0.000000,0.000000,0.000000,0.000000
-21.557251,0.000259,-6.467201,-2.296954,8.764155,-0.107786,0.000000,0.000000,0.000000,0.000000
-21.618504,0.000259,-6.485577,-2.311978,8.797555,-0.108093,0.000000,0.000000,0.000000,0.000000
-21.558895,0.000259,-6.467694,-2.297226,8.764920,-0.107794,0.000000,0.000000,0.000000,0.000000
-21.619123,0.000259,-6.485763,-2.331360,8.817123,-0.108096,0.000000,0.000000,0.000000,0.000000
-21.889170,0.000259,-6.566777,-2.232507,8.799283,-0.109446,0.000000,0.000000,0.000000,0.000000
-21.561678,0.000259,-6.468529,-2.266443,8.734972,-0.107808,0.000000,0.000000,0.000000,0.000000
-21.668516,0.000259,-6.500581,-2.303722,8.804302,-0.108343,0.000000,0.000000,0.000000,0.000000
-21.664114,0.000259,-6.499260,-2.324648,8.823908,-0.108321,0.000000,0.000000,0.000000,0.000000
-21.607361,0.000259,-6.482234,-2.287020,8.769255,-0.108037,0.000000,0.000000,0.000000,0.000000
-21.936813,0.000259,-6.581070,-2.216251,8.797321,-0.109684,0.000000,0.000000,0.000000,0.000000
-21.665737,0.000259,-6.499747,-2.304192,8.803939,-0.108329,0.000000,0.000000,0.000000,0.000000
-21.933767,0.000259,-6.580156,-2.234154,8.814310,-0.109669,0.000000,0.000000,0.000000,0.000000
-21.935493,0.000259,-6.580674,-2.233329,8.814003,-0.109677,0.000000,0.000000,0.000000,0.000000
-21.937128,0.000259,-6.581164,-2.212564,8.793728,-0.109686,0.000000,0.000000,0.000000,0.000000
-21.609161,0.000259,-6.482774,-2.257334,8.740108,-0.108046,0.000000,0.000000,0.000000,0.000000
-21.939285,0.000259,-6.581811,-2.222933,8.804745,-0.109696,0.000000,0.000000,0.000000,0.000000
-21.671606,0.000259,-6.501508,-2.291934,8.793442,-0.108358,0.000000,0.000000,0.000000,0.000000
-21.941948,0.000259,-6.582610,-2.232526,8.815136,-0.109710,0.000000,0.000000,0.000000,0.000000
-21.614607,0.000259,-6.484408,-2.286543,8.770950,-0.108073,0.000000,0.000000,0.000000,0.000000
-21.943661,0.000259,-6.583124,-2.223430,8.806554,-0.109718,0.000000,0.000000,0.000000,0.000000
-21.617313,0.000259,-6.485220,-2.256210,8.741430,-0.108087,0.000000,0.000000,0.000000,0.000000
-21.678560,0.000259,-6.503594,-2.300774,8.804368,-0.108393,0.000000,0.000000,0.000000,0.000000
-21.620859,0.000259,-6.486284,-2.281141,8.767425,-0.108104,0.000000,0.000000,0.000000,0.000000
-21.707165,0.000259,-6.512176,-2.268116,8.780292,-0.108536,0.000000,0.000000,0.000000,0.000000
-21.708832,0.000259,-6.512675,-2.267551,8.780226,-0.108544,0.000000,0.000000,0.000000,0.000000
-21.710108,0.000259,-6.513058,-2.267386,8.780444,-0.108551,0.000000,0.000000,0.000000,0.000000
-21.771503,0.000259,-6.531477,-2.282248,8.813725,-0.108858,0.000000,0.000000,0.000000,0.000000
-21.443085,0.000259,-6.432951,-2.339145,8.772097,-0.107215,0.000000,0.000000,0.000000,0.000000
-21.445686,0.000259,-6.433732,-2.345149,8.778881,-0.107228,0.000000,0.000000,0.000000,0.000000
-21.446674,0.000259,-6.434028,-2.325543,8.759571,-0.107233,0.000000,0.000000,0.000000,0.000000
-21.776829,0.000259,-6.533074,-2.271525,8.804600,-0.108884,0.000000,0.000000,0.000000,0.000000
-21.449106,0.000259,-6.434758,-2.349664,8.784422,-0.107246,0.000000,0.000000,0.000000,0.000000
-21.450350,0.000259,-6.435131,-2.339294,8.774426,-0.107252,0.000000,0.000000,0.000000,0.000000
-21.780394,0.000259,-6.534144,-2.301061,8.835205,-0.108902,0.000000,0.000000,0.000000,0.000000
-21.725407,0.000259,-6.517648,-2.263284,8.780931,-0.108627,0.000000,0.000000,0.000000,0.000000
-21.727316,0.000259,-6.518221,-2.246543,8.764765,-0.108637,0.000000,0.000000,0.000000,0.000000
-21.462784,0.000259,-6.438861,-2.322910,8.761771,-0.107314,0.000000,0.000000,0.000000,0.000000
-21.792761,0.000259,-6.537854,-2.268777,8.806631,-0.108964,0.000000,0.000000,0.000000,0.000000
-21.465172,0.000259,-6.439578,-2.343812,8.783389,-0.107326,0.000000,0.000000,0.000000,0.000000
-21.794497,0.000259,-6.538375,-2.269814,8.808189,-0.108972,0.000000,0.000000,0.000000,0.000000
-21.523870,0.000259,-6.457187,-2.307698,8.764885,-0.107619,0.000000,0.000000,0.000000,0.000000
-21.525042,0.000259,-6.457539,-2.327549,8.785088,-0.107625,0.000000,0.000000,0.000000,0.000000
-21.849117,0.000259,-6.554761,-2.288203,8.842964,-0.109246,0.000000,0.000000,0.000000,0.000000
-21.851927,0.000259,-6.555604,-2.276576,8.832180,-0.109260,0.000000,0.000000,0.000000,0.000000
-21.524780,0.000259,-6.457460,-2.331214,8.788674,-0.107624,0.000000,0.000000,0.000000,0.000000
-21.854660,0.000259,-6.556424,-2.267178,8.823602,-0.109273,0.000000,0.000000,0.000000,0.000000
-21.856741,0.000259,-6.557048,-2.266160,8.823209,-0.109284,0.000000,0.000000,0.000000,0.000000
-21.798658,0.000259,-6.539623,-2.250728,8.790351,-0.108993,0.000000,0.000000,0.000000,0.000000
-21.530731,0.000259,-6.459245,-2.330273,8.789518,-0.107654,0.000000,0.000000,0.000000,0.000000
-21.532015,0.000259,-6.459630,-2.310121,8.769752,-0.107660,0.000000,0.000000,0.000000,0.000000
-21.862150,0.000259,-6.558671,-2.265793,8.824465,-0.109311,0.000000,0.000000,0.000000,0.000000
-21.803688,0.000259,-6.541132,-2.240491,8.781623,-0.109018,0.000000,0.000000,0.000000,0.000000
-21.536186,0.000259,-6.460882,-2.309318,8.770200,-0.107681,0.000000,0.000000,0.000000,0.000000
-21.537458,0.000259,-6.461264,-2.329135,8.790399,-0.107687,0.000000,0.000000,0.000000,0.000000
-21.538736,0.000259,-6.461647,-2.318975,8.780622,-0.107694,0.000000,0.000000,0.000000,0.000000
-21.480303,0.000259,-6.444117,-2.273885,8.718001,-0.107402,0.000000,0.000000,0.000000,0.000000
-21.867104,0.000259,-6.560157,-2.265869,8.826025,-0.109336,0.000000,0.000000,0.000000,0.000000
-21.541048,0.000259,-6.462340,-2.308318,8.770658,-0.107705,0.000000,0.000000,0.000000,0.000000
-21.870390,0.000259,-6.561143,-2.254682,8.815825,-0.109352,0.000000,0.000000,0.000000,0.000000
-21.542841,0.000259,-6.462878,-2.298849,8.761726,-0.107714,0.000000,0.000000,0.000000,0.000000
-21.544357,0.000259,-6.463333,-2.318411,8.781744,-0.107722,0.000000,0.000000,0.000000,0.000000
-21.545666,0.000259,-6.463726,-2.298339,8.762065,-0.107728,0.000000,0.000000,0.000000,0.000000
-21.547073,0.000259,-6.464148,-2.338052,8.802199,-0.107735,0.000000,0.000000,0.000000,0.000000
-21.877047,0.000259,-6.563140,-2.264018,8.827158,-0.109385,0.000000,0.000000,0.000000,0.000000
-21.489971,0.000259,-6.447017,-2.282747,8.729764,-0.107450,0.000000,0.000000,0.000000,0.000000
-21.880148,0.000259,-6.564070,-2.263420,8.827490,-0.109401,0.000000,0.000000,0.000000,0.000000
-21.821861,0.000259,-6.546584,-2.228034,8.774618,-0.109109,0.000000,0.000000,0.000000,0.000000
-21.554180,0.000259,-6.466280,-2.307220,8.773500,-0.107771,0.000000,0.000000,0.000000,0.000000
-21.884270,0.000259,-6.565307,-2.262978,8.828284,-0.109421,0.000000,0.000000,0.000000,0.000000
-21.556892,0.000259,-6.467093,-2.306768,8.773862,-0.107784,0.000000,0.000000,0.000000,0.000000
-21.827139,0.000259,-6.548168,-2.217507,8.765675,-0.109136,0.000000,0.000000,0.000000,0.000000
-21.559694,0.000259,-6.467934,-2.306365,8.774299,-0.107798,0.000000,0.000000,0.000000,0.000000
-21.829969,0.000259,-6.549017,-2.227088,8.776105,-0.109150,0.000000,0.000000,0.000000,0.000000
-21.891073,0.000259,-6.567348,-2.262050,8.829398,-0.109455,0.000000,0.000000,0.000000,0.000000
-21.892429,0.000259,-6.567755,-2.281855,8.849609,-0.109462,0.000000,0.000000,0.000000,0.000000
-21.893648,0.000259,-6.568120,-2.251774,8.819894,-0.109468,0.000000,0.000000,0.000000,0.000000
-21.566252,0.000259,-6.469902,-2.315534,8.785436,-0.107831,0.000000,0.000000,0.000000,0.000000
-21.896339,0.000259,-6.568928,-2.251355,8.820283,-0.109482,0.000000,0.000000,0.000000,0.000000
-21.897701,0.000259,-6.569336,-2.281147,8.850483,-0.109489,0.000000,0.000000,0.000000,0.000000
-21.899088,0.000259,-6.569752,-2.260975,8.830728,-0.109495,0.000000,0.000000,0.000000,0.000000
-21.900440,0.000259,-6.570158,-2.250809,8.820967,-0.109502,0.000000,0.000000,0.000000,0.000000
-21.513350,0.000259,-6.454031,-2.269563,8.723594,-0.107567,0.000000,0.000000,0.000000,0.000000
-21.903313,0.000259,-6.571020,-2.260353,8.831372,-0.109517,0.000000,0.000000,0.000000,0.000000
-21.575941,0.000259,-6.472808,-2.314131,8.786939,-0.107880,0.000000,0.000000,0.000000,0.000000
-21.577293,0.000259,-6.473214,-2.293999,8.767214,-0.107886,0.000000,0.000000,0.000000,0.000000
-21.907198,0.000259,-6.572186,-2.259943,8.832129,-0.109536,0.000000,0.000000,0.000000,0.000000
-21.908621,0.000259,-6.572612,-2.279657,8.852269,-0.109543,0.000000,0.000000,0.000000,0.000000
-21.850149,0.000259,-6.555071,-2.244318,8.799389,-0.109251,0.000000,0.000000,0.000000,0.000000
-21.851536,0.000259,-6.555487,-2.244127,8.799614,-0.109258,0.000000,0.000000,0.000000,0.000000
-21.584150,0.000259,-6.475271,-2.323016,8.798287,-0.107921,0.000000,0.000000,0.000000,0.000000
-21.854404,0.000259,-6.556347,-2.243553,8.799901,-0.109272,0.000000,0.000000,0.000000,0.000000
-21.855627,0.000259,-6.556714,-2.223577,8.780292,-0.109278,0.000000,0.000000,0.000000,0.000000
-21.588144,0.000259,-6.476469,-2.302515,8.778984,-0.107941,0.000000,0.000000,0.000000,0.000000
-21.858385,0.000259,-6.557541,-2.223135,8.780677,-0.109292,0.000000,0.000000,0.000000,0.000000
-21.531168,0.000259,-6.459376,-2.276618,8.735994,-0.107656,0.000000,0.000000,0.000000,0.000000
-21.592127,0.000259,-6.477664,-2.302061,8.779724,-0.107961,0.000000,0.000000,0.000000,0.000000
-21.593643,0.000259,-6.478119,-2.311712,8.789831,-0.107968,0.000000,0.000000,0.000000,0.000000
-21.863880,0.000259,-6.559190,-2.252319,8.811508,-0.109319,0.000000,0.000000,0.000000,0.000000
-21.596256,0.000259,-6.478903,-2.331350,8.810253,-0.107981,0.000000,0.000000,0.000000,0.000000
-21.597628,0.000259,-6.479314,-2.311203,8.790517,-0.107988,0.000000,0.000000,0.000000,0.000000
-21.927795,0.000259,-6.578364,-2.257063,8.835428,-0.109639,0.000000,0.000000,0.000000,0.000000
-21.600414,0.000259,-6.480150,-2.300841,8.780991,-0.108002,0.000000,0.000000,0.000000,0.000000
-21.930458,0.000259,-6.579164,-2.256692,8.835855,-0.109652,0.000000,0.000000,0.000000,0.000000
-21.872095,0.000259,-6.561655,-2.251154,8.812809,-0.109360,0.000000,0.000000,0.000000,0.000000
-21.604439,0.000259,-6.481358,-2.290424,8.771782,-0.108022,0.000000,0.000000,0.000000,0.000000
-21.874945,0.000259,-6.562510,-2.240613,8.803123,-0.109375,0.000000,0.000000,0.000000,0.000000
-21.876207,0.000259,-6.562888,-2.220587,8.783475,-0.109381,0.000000,0.000000,0.000000,0.000000
-21.877653,0.000259,-6.563322,-2.220359,8.783682,-0.109388,0.000000,0.000000,0.000000,0.000000
-21.879044,0.000259,-6.563739,-2.250157,8.813896,-0.109395,0.000000,0.000000,0.000000,0.000000
-21.611284,0.000259,-6.483411,-2.299513,8.782925,-0.108056,0.000000,0.000000,0.000000,0.000000
-21.941187,0.000259,-6.582382,-2.255466,8.837848,-0.109706,0.000000,0.000000,0.000000,0.000000
-21.613827,0.000259,-6.484174,-2.299251,8.783424,-0.108069,0.000000,0.000000,0.000000,0.000000
-21.615114,0.000259,-6.484560,-2.299117,8.783676,-0.108076,0.000000,0.000000,0.000000,0.000000
-21.885963,0.000259,-6.565815,-2.238873,8.804688,-0.109430,0.000000,0.000000,0.000000,0.000000
-21.558363,0.000259,-6.467535,-2.283416,8.750952,-0.107792,0.000000,0.000000,0.000000,0.000000
-21.559811,0.000259,-6.467969,-2.263225,8.731194,-0.107799,0.000000,0.000000,0.000000,0.000000
-21.949844,0.000259,-6.584979,-2.284083,8.869062,-0.109749,0.000000,0.000000,0.000000,0.000000
-21.562778,0.000259,-6.468860,-2.272798,8.741657,-0.107814,0.000000,0.000000,0.000000,0.000000
-21.952555,0.000259,-6.585793,-2.243755,8.829548,-0.109763,0.000000,0.000000,0.000000,0.000000
-21.954485,0.000259,-6.586371,-2.253272,8.839643,-0.109772,0.000000,0.000000,0.000000,0.000000
