
2556.000000,142.000000,142.000000,142.000000,142.000000,142.000000,0.000000,0.000000,0.000000,0.000000
2537.000000,142.000000,142.000000,142.000000,142.000000,142.000000,0.000000,0.000000,0.000000,0.000000
2548.000000,142.000000,142.000000,142.000000,142.000000,142.000000,0.000000,0.000000,0.000000,0.000000
2547.000000,142.000000,142.000000,142.000000,142.000000,142.000000,0.000000,0.000000,0.000000,0.000000
2536.000000,142.000000,142.000000,142.000000,142.000000,142.000000,0.000000,0.000000,0.000000,0.000000
2551.000000,142.000000,142.000000,142.000000,142.000000,142.000000,0.000000,0.000000,0.000000,0.000000
2539.000000,142.000000,142.000000,142.000000,142.000000,142.000000,0.000000,0.000000,0.000000,0.000000
2539.000000,142.000000,142.000000,142.000000,142.000000,142.000000,0.000000,0.000000,0.000000,0.000000
2539.000000,142.000000,142.000000,142.000000,142.000000,142.000000,0.000000,0.000000,0.000000,0.000000
2560.000000,142.000000,142.000000,142.000000,142.000000,142.000000,0.000000,0.000000,0.000000,0.000000
2540.000000,142.000000,142.000000,142.000000,142.000000,142.000000,0.000000,0.000000,0.000000,0.000000
2537.000000,142.000000,142.000000,142.000000,142.000000,142.000000,0.000000,0.000000,0.000000,0.000000
2540.000000,142.000000,142.000000,142.000000,142.000000,142.000000,0.000000,0.000000,0.000000,0.000000
2537.000000,142.000000,142.000000,142.000000,142.000000,142.000000,0.000000,0.000000,0.000000,0.000000
2535.000000,142.000000,142.000000,142.000000,142.000000,142.000000,0.000000,0.000000,0.000000,0.000000
2541.000000,142.000000,142.000000,142.000000,142.000000,142.000000,0.000000,0.000000,0.000000,0.000000
2524.000000,142.000000,142.000000,142.000000,142.000000,142.000000,0.000000,0.000000,0.000000,0.000000
2530.000000,142.000000,142.000000,142.000000,142.000000,142.000000,0.000000,0.000000,0.000000,0.000000
2533.000000,142.000000,142.000000,142.000000,142.000000,142.000000,0.000000,0.000000,0.000000,0.000000
2524.000000,142.000000,142.000000,142.000000,142.000000,142.000000,0.000000,0.000000,0.000000,0.000000
2524.000000,142.000000,142.000000,142.000000,142.000000,142.000000,0.000000,0.000000,0.000000,0.000000
2522.000000,142.000000,142.000000,142.000000,142.000000,142.000000,0.000000,0.000000,0.000000,0.000000
2526.000000,142.000000,142.000000,142.000000,142.000000,142.000000,0.000000,0.000000,0.000000,0.000000
2510.000000,142.000000,142.000000,142.000000,142.000000,142.000000,0.000000,0.000000,0.000000,0.000000
2529.000000,142.000000,142.000000,142.000000,142.000000,142.000000,0.000000,0.000000,0.000000,0.000000
2522.000000,142.000000,142.000000,142.000000,142.000000,142.000000,0.000000,0.000000,0.000000,0.000000
2530.000000,142.000000,142.000000,142.000000,142.000000,142.000000,0.000000,0.000000,0.000000,0.000000
2537.000000,142.000000,142.000000,142.000000,142.000000,142.000000,0.000000,0.000000,0.000000,0.000000
2527.000000,142.000000,142.000000,142.000000,142.000000,142.000000,0.000000,0.000000,0.000000,0.000000
2521.000000,142.000000,142.000000,142.000000,142.000000,142.000000,0.000000,0.000000,0.000000,0.000000
2518.000000,142.000000,142.000000,142.000000,142.000000,142.000000,0.000000,0.000000,0.000000,0.000000
2535.000000,142.000000,142.000000,142.000000,142.000000,142.000000,0.000000,0.000000,0.000000,0.000000
2544.000000,142.000000,142.000000,142.000000,142.000000,142.000000,0.000000,0.000000,0.000000,0.000000
2537.000000,142.000000,142.000000,142.000000,142.000000,142.000000,0.000000,0.000000,0.000000,0.000000
2537.000000,142.000000,142.000000,142.000000,142.000000,142.000000,0.000000,0.000000,0.000000,0.000000
2546.000000,142.000000,142.000000,142.000000,142.000000,142.000000,0.000000,0.000000,0.000000,0.000000
2555.000000,142.000000,142.000000,142.000000,142.000000,142.000000,0.000000,0.000000,0.000000,0.000000
2539.000000,142.000000,142.000000,142.000000,142.000000,142.000000,0.000000,0.000000,0.000000,0.000000
2551.000000,142.000000,142.000000,142.000000,142.000000,142.000000,0.000000,0.000000,0.000000,0.000000
2539.000000,142.000000,142.000000,142.000000,142.000000,142.000000,0.000000,0.000000,0.000000,0.000000
2547.000000,142.000000,142.000000,142.000000,142.000000,142.000000,0.000000,0.000000,0.000000,0.000000
2555.000000,142.000000,142.000000,142.000000,142.000000,142.000000,0.000000,0.000000,0.000000,0.000000
2555.000000,142.000000,142.000000,142.000000,142.000000,142.000000,0.000000,0.000000,0.000000,0.000000
2560.000000,142.000000,142.000000,142.000000,142.000000,142.000000,0.000000,0.000000,0.000000,0.000000
2560.000000,142.000000,142.000000,142.000000,142.000000,142.000000,0.000000,0.000000,0.000000,0.000000
2550.000000,142.000000,142.000000,142.000000,142.000000,142.000000,0.000000,0.000000,0.000000,0.000000
2553.000000,142.000000,142.000000,142.000000,142.000000,142.000000,0.000000,0.000000,0.000000,0.000000
2557.000000,142.000000,142.000000,142.000000,142.000000,142.000000,0.000000,0.000000,0.000000,0.000000
2557.000000,142.000000,142.000000,142.000000,142.000000,142.000000,0.000000,0.000000,0.000000,0.000000
2551.000000,142.000000,142.000000,142.000000,142.000000,142.000000,0.000000,0.000000,0.000000,0.000000
2560.000000,142.000000,142.000000,142.000000,142.000000,142.000000,0.000000,0.000000,0.000000,0.000000
2555.000000,142.000000,142.000000,142.000000,142.000000,142.000000,0.000000,0.000000,0.000000,0.000000
2549.000000,142.000000,142.000000,142.000000,142.000000,142.000000,0.000000,0.000000,0.000000,0.000000
2549.000000,142.000000,142.000000,142.000000,142.000000,142.000000,0.000000,0.000000,0.000000,0.000000
2560.000000,142.000000,142.000000,142.000000,142.000000,142.000000,0.000000,0.000000,0.000000,0.000000
2553.000000,142.000000,142.000000,142.000000,142.000000,142.000000,0.000000,0.000000,0.000000,0.000000
2529.000000,142.000000,142.000000,142.000000,142.000000,142.000000,0.000000,0.000000,0.000000,0.000000
2527.000000,142.000000,142.000000,142.000000,142.000000,142.000000,0.000000,0.000000,0.000000,0.000000
2552.000000,142.000000,142.000000,142.000000,142.000000,142.000000,0.000000,0.000000,0.000000,0.000000
2537.000000,142.000000,142.000000,142.000000,142.000000,142.000000,0.000000,0.000000,0.000000,0.000000
2538.000000,142.000000,142.000000,142.000000,142.000000,142.000000,0.000000,0.000000,0.000000,0.000000
2541.000000,142.000000,142.000000,142.000000,142.000000,142.000000,0.000000,0.000000,0.000000,0.000000
2530.000000,142.000000,142.000000,142.000000,142.000000,142.000000,0.000000,0.000000,0.000000,0.000000
2521.000000,142.000000,142.000000,142.000000,142.000000,142.000000,0.000000,0.000000,0.000000,0.000000
2537.000000,142.000000,142.000000,142.000000,142.000000,142.000000,0.000000,0.000000,0.000000,0.000000
2536.000000,142.000000,142.000000,142.000000,142.000000,142.000000,0.000000,0.000000,0.000000,0.000000
2537.000000,142.000000,142.000000,142.000000,142.000000,142.000000,0.000000,0.000000,0.000000,0.000000
2524.000000,142.000000,142.000000,142.000000,142.000000,142.000000,0.000000,0.000000,0.000000,0.000000
2520.000000,142.000000,142.000000,142.000000,142.000000,142.000000,0.000000,0.000000,0.000000,0.000000
2535.000000,142.000000,142.000000,142.000000,142.000000,142.000000,0.000000,0.000000,0.000000,0.000000
2525.000000,142.000000,142.000000,142.000000,142.000000,142.000000,0.000000,0.000000,0.000000,0.000000
2521.000000,142.000000,142.000000,142.000000,142.000000,142.000000,0.000000,0.000000,0.000000,0.000000
2517.000000,142.000000,142.000000,142.000000,142.000000,142.000000,0.000000,0.000000,0.000000,0.000000
2528.000000,142.000000,142.000000,142.000000,142.000000,142.000000,0.000000,0.000000,0.000000,0.000000
2527.000000,142.000000,142.000000,142.000000,142.000000,142.000000,0.000000,0.000000,0.000000,0.000000
2526.000000,142.000000,142.000000,142.000000,142.000000,142.000000,0.000000,0.000000,0.000000,0.000000
2515.000000,142.000000,142.000000,142.000000,142.000000,142.000000,0.000000,0.000000,0.000000,0.000000
2500.000000,142.000000,142.000000,142.000000,142.000000,142.000000,0.000000,0.000000,0.000000,0.000000
2497.000000,142.000000,142.000000,142.000000,142.000000,142.000000,0.000000,0.000000,0.000000,0.000000
2514.000000,142.000000,142.000000,142.000000,142.000000,142.000000,0.000000,0.000000,0.000000,0.000000
2510.000000,142.000000,142.000000,142.000000,142.000000,142.000000,0.000000,0.000000,0.000000,0.000000
2513.000000,142.000000,142.000000,142.000000,142.000000,142.000000,0.000000,0.000000,0.000000,0.000000
2510.000000,142.000000,142.000000,142.000000,142.000000,142.000000,0.000000,0.000000,0.000000,0.000000
2516.000000,142.000000,142.000000,142.000000,142.000000,142.000000,0.000000,0.000000,0.000000,0.000000
2502.000000,142.000000,142.000000,142.000000,142.000000,142.000000,0.000000,0.000000,0.000000,0.000000
2502.000000,142.000000,142.000000,142.000000,142.000000,142.000000,0.000000,0.000000,0.000000,0.000000
2513.000000,142.000000,142.000000,142.000000,142.000000,142.000000,0.000000,0.000000,0.000000,0.000000
2496.000000,142.000000,142.000000,142.000000,142.000000,142.000000,0.000000,0.000000,0.000000,0.000000
2511.000000,142.000000,142.000000,142.000000,142.000000,142.000000,0.000000,0.000000,0.000000,0.000000
2501.000000,142.000000,142.000000,142.000000,142.000000,142.000000,0.000000,0.000000,0.000000,0.000000
2513.000000,142.000000,142.000000,142.000000,142.000000,142.000000,0.000000,0.000000,0.000000,0.000000
2505.000000,142.000000,142.000000,142.000000,142.000000,142.000000,0.000000,0.000000,0.000000,0.000000
2508.000000,142.000000,142.000000,142.000000,142.000000,142.000000,0.000000,0.000000,0.000000,0.000000
2495.000000,142.000000,142.000000,142.000000,142.000000,142.000000,0.000000,0.000000,0.000000,0.000000
2510.000000,142.000000,142.000000,142.000000,142.000000,142.000000,0.000000,0.000000,0.000000,0.000000
2514.000000,142.000000,142.000000,142.000000,142.000000,142.000000,0.000000,0.000000,0.000000,0.000000
2513.000000,142.000000,142.000000,142.000000,142.000000,142.000000,0.000000,0.000000,0.000000,0.000000
2517.000000,142.000000,142.000000,142.000000,142.000000,142.000000,0.000000,0.000000,0.000000,0.000000
2512.000000,142.000000,142.000000,142.000000,142.000000,142.000000,0.000000,0.000000,0.000000,0.000000
2513.000000,142.000000,142.000000,142.000000,142.000000,142.000000,0.000000,0.000000,0.000000,0.000000
2517.000000,142.000000,142.000000,142.000000,142.000000,142.000000,0.000000,0.000000,0.000000,0.000000
2510.000000,142.000000,142.000000,142.000000,142.000000,142.000000,0.000000,0.000000,0.000000,0.000000
2510.000000,142.000000,142.000000,142.000000,142.000000,142.000000,0.000000,0.000000,0.000000,0.000000
2515.000000,142.000000,142.000000,142.000000,142.000000,142.000000,0.000000,0.000000,0.000000,0.000000
2521.000000,142.000000,142.000000,142.000000,142.000000,142.000000,0.000000,0.000000,0.000000,0.000000
2522.000000,142.000000,142.000000,142.000000,142.000000,142.000000,0.000000,0.000000,0.000000,0.000000
2507.000000,142.000000,142.000000,142.000000,142.000000,142.000000,0.000000,0.000000,0.000000,0.000000
2511.000000,142.000000,142.000000,142.000000,142.000000,142.000000,0.000000,0.000000,0.000000,0.000000
2511.000000,142.000000,142.000000,142.000000,142.000000,142.000000,0.000000,0.000000,0.000000,0.000000
2521.000000,142.000000,142.000000,142.000000,142.000000,142.000000,0.000000,0.000000,0.000000,0.000000
2508.000000,142.000000,142.000000,142.000000,142.000000,142.000000,0.000000,0.000000,0.000000,0.000000
2512.000000,142.000000,142.000000,142.000000,142.000000,142.000000,0.000000,0.000000,0.000000,0.000000
2505.000000,142.000000,142.000000,142.000000,142.000000,142.000000,0.000000,0.000000,0.000000,0.000000
2501.000000,142.000000,142.000000,142.000000,142.000000,142.000000,0.000000,0.000000,0.000000,0.000000
2484.000000,142.000000,142.000000,142.000000,142.000000,142.000000,0.000000,0.000000,0.000000,0.000000
2501.000000,142.000000,142.000000,142.000000,142.000000,142.000000,0.000000,0.000000,0.000000,0.000000
2515.000000,142.000000,142.000000,142.000000,142.000000,142.000000,0.000000,0.000000,0.000000,0.000000
2523.000000,142.000000,142.000000,142.000000,142.000000,142.000000,0.000000,0.000000,0.000000,0.000000
2532.000000,142.000000,142.000000,142.000000,142.000000,142.000000,0.000000,0.000000,0.000000,0.000000
2502.000000,142.000000,142.000000,142.000000,142.000000,142.000000,0.000000,0.000000,0.000000,0.000000
2511.000000,142.000000,142.000000,142.000000,142.000000,142.000000,0.000000,0.000000,0.000000,0.000000
2514.000000,142.000000,142.000000,142.000000,142.000000,142.000000,0.000000,0.000000,0.000000,0.000000
2525.000000,142.000000,142.000000,142.000000,142.000000,142.000000,0.000000,0.000000,0.000000,0.000000
2526.000000,142.000000,142.000000,142.000000,142.000000,142.000000,0.000000,0.000000,0.000000,0.000000
2520.000000,142.000000,142.000000,142.000000,142.000000,142.000000,0.000000,0.000000,0.000000,0.000000
2513.000000,142.000000,142.000000,142.000000,142.000000,142.000000,0.000000,0.000000,0.000000,0.000000
2533.000000,142.000000,142.000000,142.000000,142.000000,142.000000,0.000000,0.000000,0.000000,0.000000
2510.000000,142.000000,142.000000,142.000000,142.000000,142.000000,0.000000,0.000000,0.000000,0.000000
2536.000000,142.000000,142.000000,142.000000,142.000000,142.000000,0.000000,0.000000,0.000000,0.000000
2512.000000,142.000000,142.000000,142.000000,142.000000,142.000000,0.000000,0.000000,0.000000,0.000000
2521.000000,142.000000,142.000000,142.000000,142.000000,142.000000,0.000000,0.000000,0.000000,0.000000
2529.000000,142.000000,142.000000,142.000000,142.000000,142.000000,0.000000,0.000000,0.000000,0.000000
2545.000000,142.000000,142.000000,142.000000,142.000000,142.000000,0.000000,0.000000,0.000000,0.000000
2560.000000,142.000000,142.000000,142.000000,142.000000,142.000000,0.000000,0.000000,0.000000,0.000000
2552.000000,142.000000,142.000000,142.000000,142.000000,142.000000,0.000000,0.000000,0.000000,0.000000
2562.000000,142.000000,142.000000,142.000000,142.000000,142.000000,0.000000,0.000000,0.000000,0.000000
2560.000000,142.000000,142.000000,142.000000,142.000000,142.000000,0.000000,0.000000,0.000000,0.000000
2560.000000,142.000000,142.000000,142.000000,142.000000,142.000000,0.000000,0.000000,0.000000,0.000000
2568.000000,142.000000,142.000000,142.000000,142.000000,142.000000,0.000000,0.000000,0.000000,0.000000
2567.000000,142.000000,142.000000,142.000000,142.000000,142.000000,0.000000,0.000000,0.000000,0.000000
2582.000000,142.000000,142.000000,142.000000,142.000000,142.000000,0.000000,0.000000,0.000000,0.000000
2580.000000,142.000000,142.000000,142.000000,142.000000,142.000000,0.000000,0.000000,0.000000,0.000000
2584.000000,142.000000,142.000000,142.000000,142.000000,142.000000,0.000000,0.000000,0.000000,0.000000
2582.000000,142.000000,142.000000,142.000000,142.000000,142.000000,0.000000,0.000000,0.000000,0.000000
2612.000000,142.000000,142.000000,142.000000,142.000000,142.000000,0.000000,0.000000,0.000000,0.000000
2620.000000,142.000000,142.000000,142.000000,142.000000,142.000000,0.000000,0.000000,0.000000,0.000000
2606.000000,142.000000,142.000000,142.000000,142.000000,142.000000,0.000000,0.000000,0.000000,0.000000
2598.000000,142.000000,142.000000,142.000000,142.000000,142.000000,0.000000,0.000000,0.000000,0.000000
2620.000000,142.000000,142.000000,142.000000,142.000000,142.000000,0.000000,0.000000,0.000000,0.000000
2606.000000,142.000000,142.000000,142.000000,142.000000,142.000000,0.000000,0.000000,0.000000,0.000000
2622.000000,142.000000,142.000000,142.000000,142.000000,142.000000,0.000000,0.000000,0.000000,0.000000
2632.000000,142.000000,142.000000,142.000000,142.000000,142.000000,0.000000,0.000000,0.000000,0.000000
2626.000000,142.000000,142.000000,142.000000,142.000000,142.000000,0.000000,0.000000,0.000000,0.000000
2611.000000,142.000000,142.000000,142.000000,142.000000,142.000000,0.000000,0.000000,0.000000,0.000000
2616.000000,142.000000,142.000000,142.000000,142.000000,142.000000,0.000000,0.000000,0.000000,0.000000
2608.000000,142.000000,142.000000,142.000000,142.000000,142.000000,0.000000,0.000000,0.000000,0.000000
2613.000000,142.000000,142.000000,142.000000,142.000000,142.000000,0.000000,0.000000,0.000000,0.000000
2604.000000,142.000000,142.000000,142.000000,142.000000,142.000000,0.000000,0.000000,0.000000,0.000000
2610.000000,142.000000,142.000000,142.000000,142.000000,142.000000,0.000000,0.000000,0.000000,0.000000
2624.000000,142.000000,142.000000,142.000000,142.000000,142.000000,0.000000,0.000000,0.000000,0.000000
2620.000000,142.000000,142.000000,142.000000,142.000000,142.000000,0.000000,0.000000,0.000000,0.000000
2633.000000,142.000000,142.000000,142.000000,142.000000,142.000000,0.000000,0.000000,0.000000,0.000000
2637.000000,142.000000,142.000000,142.000000,142.000000,142.000000,0.000000,0.000000,0.000000,0.000000
2640.000000,142.000000,142.000000,142.000000,142.000000,142.000000,0.000000,0.000000,0.000000,0.000000
2628.000000,142.000000,142.000000,142.000000,142.000000,142.000000,0.000000,0.000000,0.000000,0.000000
2642.000000,142.000000,142.000000,142.000000,142.000000,142.000000,0.000000,0.000000,0.000000,0.000000
2642.000000,142.000000,142.000000,142.000000,142.000000,142.000000,0.000000,0.000000,0.000000,0.000000
2632.000000,142.000000,142.000000,142.000000,142.000000,142.000000,0.000000,0.000000,0.000000,0.000000
2646.000000,142.000000,142.000000,142.000000,142.000000,142.000000,0.000000,0.000000,0.000000,0.000000
2626.000000,142.000000,142.000000,142.000000,142.000000,142.000000,0.000000,0.000000,0.000000,0.000000
2641.000000,142.000000,142.000000,142.000000,142.000000,142.000000,0.000000,0.000000,0.000000,0.000000
2627.000000,142.000000,142.000000,142.000000,142.000000,142.000000,0.000000,0.000000,0.000000,0.000000
2620.000000,142.000000,142.000000,142.000000,142.000000,142.000000,0.000000,0.000000,0.000000,0.000000
2634.000000,142.000000,142.000000,142.000000,142.000000,142.000000,0.000000,0.000000,0.000000,0.000000
2635.000000,142.000000,142.000000,142.000000,142.000000,142.000000,0.000000,0.000000,0.000000,0.000000
2640.000000,142.000000,142.000000,142.000000,142.000000,142.000000,0.000000,0.000000,0.000000,0.000000
2635.000000,142.000000,142.000000,142.000000,142.000000,142.000000,0.000000,0.000000,0.000000,0.000000
2636.000000,142.000000,142.000000,142.000000,142.000000,142.000000,0.000000,0.000000,0.000000,0.000000
2624.000000,142.000000,142.000000,142.000000,142.000000,142.000000,0.000000,0.000000,0.000000,0.000000
2626.000000,142.000000,142.000000,142.000000,142.000000,142.000000,0.000000,0.000000,0.000000,0.000000
2631.000000,142.000000,142.000000,142.000000,142.000000,142.000000,0.000000,0.000000,0.000000,0.000000
2624.000000,142.000000,142.000000,142.000000,142.000000,142.000000,0.000000,0.000000,0.000000,0.000000
2631.000000,142.000000,142.000000,142.000000,142.000000,142.000000,0.000000,0.000000,0.000000,0.000000
2624.000000,142.000000,142.000000,142.000000,142.000000,142.000000,0.000000,0.000000,0.000000,0.000000
2610.000000,142.000000,142.000000,142.000000,142.000000,142.000000,0.000000,0.000000,0.000000,0.000000
2624.000000,142.000000,142.000000,142.000000,142.000000,142.000000,0.000000,0.000000,0.000000,0.000000
2626.000000,142.000000,142.000000,142.000000,142.000000,142.000000,0.000000,0.000000,0.000000,0.000000
2632.000000,142.000000,142.000000,142.000000,142.000000,142.000000,0.000000,0.000000,0.000000,0.000000
2631.000000,142.000000,142.000000,142.000000,142.000000,142.000000,0.000000,0.000000,0.000000,0.000000
2635.000000,142.000000,142.000000,142.000000,142.000000,142.000000,0.000000,0.000000,0.000000,0.000000
2628.000000,142.000000,142.000000,142.000000,142.000000,142.000000,0.000000,0.000000,0.000000,0.000000
2628.000000,142.000000,142.000000,142.000000,142.000000,142.000000,0.000000,0.000000,0.000000,0.000000
2636.000000,142.000000,142.000000,142.000000,142.000000,142.000000,0.000000,0.000000,0.000000,0.000000
2626.000000,142.000000,142.000000,142.000000,142.000000,142.000000,0.000000,0.000000,0.000000,0.000000
2634.000000,142.000000,142.000000,142.000000,142.000000,142.000000,0.000000,0.000000,0.000000,0.000000
2638.000000,142.000000,142.000000,142.000000,142.000000,142.000000,0.000000,0.000000,0.000000,0.000000
2634.000000,142.000000,142.000000,142.000000,142.000000,142.000000,0.000000,0.000000,0.000000,0.000000
2637.000000,142.000000,142.000000,142.000000,142.000000,142.000000,0.000000,0.000000,0.000000,0.000000
2610.000000,142.000000,142.000000,142.000000,142.000000,142.000000,0.000000,0.000000,0.000000,0.000000
2615.000000,142.000000,142.000000,142.000000,142.000000,142.000000,0.000000,0.000000,0.000000,0.000000
2629.000000,142.000000,142.000000,142.000000,142.000000,142.000000,0.000000,0.000000,0.000000,0.000000
2633.000000,142.000000,142.000000,142.000000,142.000000,142.000000,0.000000,0.000000,0.000000,0.000000
2624.000000,142.000000,142.000000,142.000000,142.000000,142.000000,0.000000,0.000000,0.000000,0.000000
2646.000000,142.000000,142.000000,142.000000,142.000000,142.000000,0.000000,0.000000,0.000000,0.000000
2635.000000,142.000000,142.000000,142.000000,142.000000,142.000000,0.000000,0.000000,0.000000,0.000000
2629.000000,142.000000,142.000000,142.000000,142.000000,142.000000,0.000000,0.000000,0.000000,0.000000
2638.000000,142.000000,142.000000,142.000000,142.000000,142.000000,0.000000,0.000000,0.000000,0.000000
2637.000000,142.000000,142.000000,142.000000,142.000000,142.000000,0.000000,0.000000,0.000000,0.000000
2642.000000,142.000000,142.000000,142.000000,142.000000,142.000000,0.000000,0.000000,0.000000,0.000000
2642.000000,142.000000,142.000000,142.000000,142.000000,142.000000,0.000000,0.000000,0.000000,0.000000
2646.000000,142.000000,142.000000,142.000000,142.000000,142.000000,0.000000,0.000000,0.000000,0.000000
2644.000000,142.000000,142.000000,142.000000,142.000000,142.000000,0.000000,0.000000,0.000000,0.000000
2646.000000,142.000000,142.000000,142.000000,142.000000,142.000000,0.000000,0.000000,0.000000,0.000000
2654.000000,142.000000,142.000000,142.000000,142.000000,142.000000,0.000000,0.000000,0.000000,0.000000
2646.000000,142.000000,142.000000,142.000000,142.000000,142.000000,0.000000,0.000000,0.000000,0.000000
2646.000000,142.000000,142.000000,142.000000,142.000000,142.000000,0.000000,0.000000,0.000000,0.000000
2660.000000,142.000000,142.000000,142.000000,142.000000,142.000000,0.000000,0.000000,0.000000,0.000000
2656.000000,142.000000,142.000000,142.000000,142.000000,142.000000,0.000000,0.000000,0.000000,0.000000
2653.000000,142.000000,142.000000,142.000000,142.000000,142.000000,0.000000,0.000000,0.000000,0.000000
2654.000000,142.000000,142.000000,142.000000,142.000000,142.000000,0.000000,0.000000,0.000000,0.000000
2646.000000,142.000000,142.000000,142.000000,142.000000,142.000000,0.000000,0.000000,0.000000,0.000000
2653.000000,142.000000,142.000000,142.000000,142.000000,142.000000,0.000000,0.000000,0.000000,0.000000
2661.000000,142.000000,142.000000,142.000000,142.000000,142.000000,0.000000,0.000000,0.000000,0.000000
2658.000000,142.000000,142.000000,142.000000,142.000000,142.000000,0.000000,0.000000,0.000000,0.000000
2665.000000,142.000000,142.000000,142.000000,142.000000,142.000000,0.000000,0.000000,0.000000,0.000000
2648.000000,142.000000,142.000000,142.000000,142.000000,142.000000,0.000000,0.000000,0.000000,0.000000
2661.000000,142.000000,142.000000,142.000000,142.000000,142.000000,0.000000,0.000000,0.000000,0.000000
2649.000000,142.000000,142.000000,142.000000,142.000000,142.000000,0.000000,0.000000,0.000000,0.000000
2644.000000,142.000000,142.000000,142.000000,142.000000,142.000000,0.000000,0.000000,0.000000,0.000000
2663.000000,142.000000,142.000000,142.000000,142.000000,142.000000,0.000000,0.000000,0.000000,0.000000
2664.000000,142.000000,142.000000,142.000000,142.000000,142.000000,0.000000,0.000000,0.000000,0.000000
2655.000000,142.000000,142.000000,142.000000,142.000000,142.000000,0.000000,0.000000,0.000000,0.000000
2661.000000,142.000000,142.000000,142.000000,142.000000,142.000000,0.000000,0.000000,0.000000,0.000000
2654.000000,142.000000,142.000000,142.000000,142.000000,142.000000,0.000000,0.000000,0.000000,0.000000
2657.000000,142.000000,142.000000,142.000000,142.000000,142.000000,0.000000,0.000000,0.000000,0.000000
2667.000000,142.000000,142.000000,142.000000,142.000000,142.000000,0.000000,0.000000,0.000000,0.000000
2659.000000,142.000000,142.000000,142.000000,142.000000,142.000000,0.000000,0.000000,0.000000,0.000000
2673.000000,142.000000,142.000000,142.000000,142.000000,142.000000,0.000000,0.000000,0.000000,0.000000
2664.000000,142.000000,142.000000,142.000000,142.000000,142.000000,0.000000,0.000000,0.000000,0.000000
2653.000000,142.000000,142.000000,142.000000,142.000000,142.000000,0.000000,0.000000,0.000000,0.000000
2660.000000,142.000000,142.000000,142.000000,142.000000,142.000000,0.000000,0.000000,0.000000,0.000000
2666.000000,142.000000,142.000000,142.000000,142.000000,142.000000,0.000000,0.000000,0.000000,0.000000
2667.000000,142.000000,142.000000,142.000000,142.000000,142.000000,0.000000,0.000000,0.000000,0.000000
2668.000000,142.000000,142.000000,142.000000,142.000000,142.000000,0.000000,0.000000,0.000000,0.000000
2667.000000,142.000000,142.000000,142.000000,142.000000,142.000000,0.000000,0.000000,0.000000,0.000000
2664.000000,142.000000,142.000000,142.000000,142.000000,142.000000,0.000000,0.000000,0.000000,0.000000
2661.000000,142.000000,142.000000,142.000000,142.000000,142.000000,0.000000,0.000000,0.000000,0.000000
2659.000000,142.000000,142.000000,142.000000,142.000000,142.000000,0.000000,0.000000,0.000000,0.000000
2663.000000,142.000000,142.000000,142.000000,142.000000,142.000000,0.000000,0.000000,0.000000,0.000000
2652.000000,142.000000,142.000000,142.000000,142.000000,142.000000,0.000000,0.000000,0.000000,0.000000
2659.000000,142.000000,142.000000,142.000000,142.000000,142.000000,0.000000,0.000000,0.000000,0.000000
2654.000000,142.000000,142.000000,142.000000,142.000000,142.000000,0.000000,0.000000,0.000000,0.000000
2658.000000,142.000000,142.000000,142.000000,142.000000,142.000000,0.000000,0.000000,0.000000,0.000000
2654.000000,142.000000,142.000000,142.000000,142.000000,142.000000,0.000000,0.000000,0.000000,0.000000
2661.000000,142.000000,142.000000,142.000000,142.000000,142.000000,0.000000,0.000000,0.000000,0.000000
2671.000000,142.000000,142.000000,142.000000,142.000000,142.000000,0.000000,0.000000,0.000000,0.000000
2646.000000,142.000000,142.000000,142.000000,142.000000,142.000000,0.000000,0.000000,0.000000,0.000000
2667.000000,142.000000,142.000000,142.000000,142.000000,142.000000,0.000000,0.000000,0.000000,0.000000
2652.000000,142.000000,142.000000,142.000000,142.000000,142.000000,0.000000,0.000000,0.000000,0.000000
2658.000000,142.000000,142.000000,142.000000,142.000000,142.000000,0.000000,0.000000,0.000000,0.000000
2652.000000,142.000000,142.000000,142.000000,142.000000,142.000000,0.000000,0.000000,0.000000,0.000000
2659.000000,142.000000,142.000000,142.000000,142.000000,142.000000,0.000000,0.000000,0.000000,0.000000
2641.000000,142.000000,142.000000,142.000000,142.000000,142.000000,0.000000,0.000000,0.000000,0.000000
2655.000000,142.000000,142.000000,142.000000,142.000000,142.000000,0.000000,0.000000,0.000000,0.000000
2653.000000,142.000000,142.000000,142.000000,142.000000,142.000000,0.000000,0.000000,0.000000,0.000000
2642.000000,142.000000,142.000000,142.000000,142.000000,142.000000,0.000000,0.000000,0.000000,0.000000
2644.000000,142.000000,142.000000,142.000000,142.000000,142.000000,0.000000,0.000000,0.000000,0.000000
2640.000000,142.000000,142.000000,142.000000,142.000000,142.000000,0.000000,0.000000,0.000000,0.000000
2637.000000,142.000000,142.000000,142.000000,142.000000,142.000000,0.000000,0.000000,0.000000,0.000000
2644.000000,142.000000,142.000000,142.000000,142.000000,142.000000,0.000000,0.000000,0.000000,0.000000
2645.000000,142.000000,142.000000,142.000000,142.000000,142.000000,0.000000,0.000000,0.000000,0.000000
2656.000000,142.000000,142.000000,142.000000,142.000000,142.000000,0.000000,0.000000,0.000000,0.000000
2648.000000,142.000000,142.000000,142.000000,142.000000,142.000000,0.000000,0.000000,0.000000,0.000000
2650.000000,142.000000,142.000000,142.000000,142.000000,142.000000,0.000000,0.000000,0.000000,0.000000
2641.000000,142.000000,142.000000,142.000000,142.000000,142.000000,0.000000,0.000000,0.000000,0.000000
2636.000000,142.000000,142.000000,142.000000,142.000000,142.000000,0.000000,0.000000,0.000000,0.000000
2645.000000,142.000000,142.000000,142.000000,142.000000,142.000000,0.000000,0.000000,0.000000,0.000000
2646.000000,142.000000,142.000000,142.000000,142.000000,142.000000,0.000000,0.000000,0.000000,0.000000
2624.000000,142.000000,142.000000,142.000000,142.000000,142.000000,0.000000,0.000000,0.000000,0.000000
2626.000000,142.000000,142.000000,142.000000,142.000000,142.000000,0.000000,0.000000,0.000000,0.000000
2640.000000,142.000000,142.000000,142.000000,142.000000,142.000000,0.000000,0.000000,0.000000,0.000000
2639.000000,142.000000,142.000000,142.000000,142.000000,142.000000,0.000000,0.000000,0.000000,0.000000
2631.000000,142.000000,142.000000,142.000000,142.000000,142.000000,0.000000,0.000000,0.000000,0.000000
2641.000000,142.000000,142.000000,142.000000,142.000000,142.000000,0.000000,0.000000,0.000000,0.000000
2653.000000,142.000000,142.000000,142.000000,142.000000,142.000000,0.000000,0.000000,0.000000,0.000000
2624.000000,142.000000,142.000000,142.000000,142.000000,142.000000,0.000000,0.000000,0.000000,0.000000
2646.000000,142.000000,142.000000,142.000000,142.000000,142.000000,0.000000,0.000000,0.000000,0.000000
2640.000000,142.000000,142.000000,142.000000,142.000000,142.000000,0.000000,0.000000,0.000000,0.000000
2645.000000,142.000000,142.000000,142.000000,142.000000,142.000000,0.000000,0.000000,0.000000,0.000000
2644.000000,142.000000,142.000000,142.000000,142.000000,142.000000,0.000000,0.000000,0.000000,0.000000
2645.000000,142.000000,142.000000,142.000000,142.000000,142.000000,0.000000,0.000000,0.000000,0.000000
2633.000000,142.000000,142.000000,142.000000,142.000000,142.000000,0.000000,0.000000,0.000000,0.000000
2635.000000,142.000000,142.000000,142.000000,142.000000,142.000000,0.000000,0.000000,0.000000,0.000000
2629.000000,142.000000,142.000000,142.000000,142.000000,142.000000,0.000000,0.000000,0.000000,0.000000
2628.000000,142.000000,142.000000,142.000000,142.000000,142.000000,0.000000,0.000000,0.000000,0.000000
2638.000000,142.000000,142.000000,142.000000,142.000000,142.000000,0.000000,0.000000,0.000000,0.000000
2618.000000,142.000000,142.000000,142.000000,142.000000,142.000000,0.000000,0.000000,0.000000,0.000000
2613.000000,142.000000,142.000000,142.000000,142.000000,142.000000,0.000000,0.000000,0.000000,0.000000
2605.000000,142.000000,142.000000,142.000000,142.000000,142.000000,0.000000,0.000000,0.000000,0.000000
2632.000000,142.000000,142.000000,142.000000,142.000000,142.000000,0.000000,0.000000,0.000000,0.000000
2624.000000,142.000000,142.000000,142.000000,142.000000,142.000000,0.000000,0.000000,0.000000,0.000000
2620.000000,142.000000,142.000000,142.000000,142.000000,142.000000,0.000000,0.000000,0.000000,0.000000
2624.000000,142.000000,142.000000,142.000000,142.000000,142.000000,0.000000,0.000000,0.000000,0.000000
2613.000000,142.000000,142.000000,142.000000,142.000000,142.000000,0.000000,0.000000,0.000000,0.000000
2620.000000,142.000000,142.000000,142.000000,142.000000,142.000000,0.000000,0.000000,0.000000,0.000000
2614.000000,142.000000,142.000000,142.000000,142.000000,142.000000,0.000000,0.000000,0.000000,0.000000
2618.000000,142.000000,142.000000,142.000000,142.000000,142.000000,0.000000,0.000000,0.000000,0.000000
2621.000000,142.000000,142.000000,142.000000,142.000000,142.000000,0.000000,0.000000,0.000000,0.000000
2617.000000,142.000000,142.000000,142.000000,142.000000,142.000000,0.000000,0.000000,0.000000,0.000000
2622.000000,142.000000,142.000000,142.000000,142.000000,142.000000,0.000000,0.000000,0.000000,0.000000
2629.000000,142.000000,142.000000,142.000000,142.000000,142.000000,0.000000,0.000000,0.000000,0.000000
2629.000000,142.000000,142.000000,142.000000,142.000000,142.000000,0.000000,0.000000,0.000000,0.000000
2613.000000,142.000000,142.000000,142.000000,142.000000,142.000000,0.000000,0.000000,0.000000,0.000000
2624.000000,142.000000,142.000000,142.000000,142.000000,142.000000,0.000000,0.000000,0.000000,0.000000
2606.000000,142.000000,142.000000,142.000000,142.000000,142.000000,0.000000,0.000000,0.000000,0.000000
2624.000000,142.000000,142.000000,142.000000,142.000000,142.000000,0.000000,0.000000,0.000000,0.000000
2616.000000,142.000000,142.000000,142.000000,142.000000,142.000000,0.000000,0.000000,0.000000,0.000000
2612.000000,142.000000,142.000000,142.000000,142.000000,142.000000,0.000000,0.000000,0.000000,0.000000
2614.000000,142.000000,142.000000,142.000000,142.000000,142.000000,0.000000,0.000000,0.000000,0.000000
2610.000000,142.000000,142.000000,142.000000,142.000000,142.000000,0.000000,0.000000,0.000000,0.000000
2610.000000,142.000000,142.000000,142.000000,142.000000,142.000000,0.000000,0.000000,0.000000,0.000000
2620.000000,142.000000,142.000000,142.000000,142.000000,142.000000,0.000000,0.000000,0.000000,0.000000
2613.000000,142.000000,142.000000,142.000000,142.000000,142.000000,0.000000,0.000000,0.000000,0.000000
2615.000000,142.000000,142.000000,142.000000,142.000000,142.000000,0.000000,0.000000,0.000000,0.000000
2614.000000,142.000000,142.000000,142.000000,142.000000,142.000000,0.000000,0.000000,0.000000,0.000000
2610.000000,142.000000,142.000000,142.000000,142.000000,142.000000,0.000000,0.000000,0.000000,0.000000
2604.000000,142.000000,142.000000,142.000000,142.000000,142.000000,0.000000,0.000000,0.000000,0.000000
2609.000000,142.000000,142.000000,142.000000,142.000000,142.000000,0.000000,0.000000,0.000000,0.000000
2604.000000,142.000000,142.000000,142.000000,142.000000,142.000000,0.000000,0.000000,0.000000,0.000000
2597.000000,142.000000,142.000000,142.000000,142.000000,142.000000,0.000000,0.000000,0.000000,0.000000
2583.000000,142.000000,142.000000,142.000000,142.000000,142.000000,0.000000,0.000000,0.000000,0.000000
2577.000000,142.000000,142.000000,142.000000,142.000000,142.000000,0.000000,0.000000,0.000000,0.000000
2582.000000,142.000000,142.000000,142.000000,142.000000,142.000000,0.000000,0.000000,0.000000,0.000000
2582.000000,142.000000,142.000000,142.000000,142.000000,142.000000,0.000000,0.000000,0.000000,0.000000
2588.000000,142.000000,142.000000,142.000000,142.000000,142.000000,0.000000,0.000000,0.000000,0.000000
2570.000000,142.000000,142.000000,142.000000,142.000000,142.000000,0.000000,0.000000,0.000000,0.000000
2571.000000,142.000000,142.000000,142.000000,142.000000,142.000000,0.000000,0.000000,0.000000,0.000000
2548.000000,142.000000,142.000000,142.000000,142.000000,142.000000,0.000000,0.000000,0.000000,0.000000
2553.000000,142.000000,142.000000,142.000000,142.000000,142.000000,0.000000,0.000000,0.000000,0.000000
2549.000000,142.000000,142.000000,142.000000,142.000000,142.000000,0.000000,0.000000,0.000000,0.000000
2537.000000,142.000000,142.000000,142.000000,142.000000,142.000000,0.000000,0.000000,0.000000,0.000000
2540.000000,142.000000,142.000000,142.000000,142.000000,142.000000,0.000000,0.000000,0.000000,0.000000
2539.000000,142.000000,142.000000,142.000000,142.000000,142.000000,0.000000,0.000000,0.000000,0.000000
2526.000000,142.000000,142.000000,142.000000,142.000000,142.000000,0.000000,0.000000,0.000000,0.000000
2537.000000,142.000000,142.000000,142.000000,142.000000,142.000000,0.000000,0.000000,0.000000,0.000000
2540.000000,142.000000,142.000000,142.000000,142.000000,142.000000,0.000000,0.000000,0.000000,0.000000
2537.000000,142.000000,142.000000,142.000000,142.000000,142.000000,0.000000,0.000000,0.000000,0.000000
2532.000000,142.000000,142.000000,142.000000,142.000000,142.000000,0.000000,0.000000,0.000000,0.000000
2529.000000,142.000000,142.000000,142.000000,142.000000,142.000000,0.000000,0.000000,0.000000,0.000000
2502.000000,142.000000,142.000000,142.000000,142.000000,142.000000,0.000000,0.000000,0.000000,0.000000
2513.000000,142.000000,142.000000,142.000000,142.000000,142.000000,0.000000,0.000000,0.000000,0.000000
2515.000000,142.000000,142.000000,142.000000,142.000000,142.000000,0.000000,0.000000,0.000000,0.000000
2512.000000,142.000000,142.000000,142.000000,142.000000,142.000000,0.000000,0.000000,0.000000,0.000000
2515.000000,142.000000,142.000000,142.000000,142.000000,142.000000,0.000000,0.000000,0.000000,0.000000
2526.000000,142.000000,142.000000,142.000000,142.000000,142.000000,0.000000,0.000000,0.000000,0.000000
2513.000000,142.000000,142.000000,142.000000,142.000000,142.000000,0.000000,0.000000,0.000000,0.000000
2501.000000,142.000000,142.000000,142.000000,142.000000,142.000000,0.000000,0.000000,0.000000,0.000000
2502.000000,142.000000,142.000000,142.000000,142.000000,142.000000,0.000000,0.000000,0.000000,0.000000
2497.000000,142.000000,142.000000,142.000000,142.000000,142.000000,0.000000,0.000000,0.000000,0.000000
2496.000000,142.000000,142.000000,142.000000,142.000000,142.000000,0.000000,0.000000,0.000000,0.000000
2490.000000,142.000000,142.000000,142.000000,142.000000,142.000000,0.000000,0.000000,0.000000,0.000000
2496.000000,142.000000,142.000000,142.000000,142.000000,142.000000,0.000000,0.000000,0.000000,0.000000
2502.000000,142.000000,142.000000,142.000000,142.000000,142.000000,0.000000,0.000000,0.000000,0.000000
2493.000000,142.000000,142.000000,142.000000,142.000000,142.000000,0.000000,0.000000,0.000000,0.000000
2497.000000,142.000000,142.000000,142.000000,142.000000,142.000000,0.000000,0.000000,0.000000,0.000000
2499.000000,142.000000,142.000000,142.000000,142.000000,142.000000,0.000000,0.000000,0.000000,0.000000
2501.000000,142.000000,142.000000,142.000000,142.000000,142.000000,0.000000,0.000000,0.000000,0.000000
2499.000000,142.000000,142.000000,142.000000,142.000000,142.000000,0.000000,0.000000,0.000000,0.000000
2493.000000,142.000000,142.000000,142.000000,142.000000,142.000000,0.000000,0.000000,0.000000,0.000000
2492.000000,142.000000,142.000000,142.000000,142.000000,142.000000,0.000000,0.000000,0.000000,0.000000
2493.000000,142.000000,142.000000,142.000000,142.000000,142.000000,0.000000,0.000000,0.000000,0.000000
2484.000000,142.000000,142.000000,142.000000,142.000000,142.000000,0.000000,0.000000,0.000000,0.000000
2483.000000,142.000000,142.000000,142.000000,142.000000,142.000000,0.000000,0.000000,0.000000,0.000000
2479.000000,142.000000,142.000000,142.000000,142.000000,142.000000,0.000000,0.000000,0.000000,0.000000
2483.000000,142.000000,142.000000,142.000000,142.000000,142.000000,0.000000,0.000000,0.000000,0.000000
2487.000000,142.000000,142.000000,142.000000,142.000000,142.000000,0.000000,0.000000,0.000000,0.000000
2487.000000,142.000000,142.000000,142.000000,142.000000,142.000000,0.000000,0.000000,0.000000,0.000000
2486.000000,142.000000,142.000000,142.000000,142.000000,142.000000,0.000000,0.000000,0.000000,0.000000
2490.000000,142.000000,142.000000,142.000000,142.000000,142.000000,0.000000,0.000000,0.000000,0.000000
2508.000000,142.000000,142.000000,142.000000,142.000000,142.000000,0.000000,0.000000,0.000000,0.000000
2494.000000,142.000000,142.000000,142.000000,142.000000,142.000000,0.000000,0.000000,0.000000,0.000000
2479.000000,142.000000,142.000000,142.000000,142.000000,142.000000,0.000000,0.000000,0.000000,0.000000
2487.000000,142.000000,142.000000,142.000000,142.000000,142.000000,0.000000,0.000000,0.000000,0.000000
2485.000000,142.000000,142.000000,142.000000,142.000000,142.000000,0.000000,0.000000,0.000000,0.000000
2487.000000,142.000000,142.000000,142.000000,142.000000,142.000000,0.000000,0.000000,0.000000,0.000000
2490.000000,142.000000,142.000000,142.000000,142.000000,142.000000,0.000000,0.000000,0.000000,0.000000
2497.000000,142.000000,142.000000,142.000000,142.000000,142.000000,0.000000,0.000000,0.000000,0.000000
2485.000000,142.000000,142.000000,142.000000,142.000000,142.000000,0.000000,0.000000,0.000000,0.000000
2502.000000,142.000000,142.000000,142.000000,142.000000,142.000000,0.000000,0.000000,0.000000,0.000000
2493.000000,142.000000,142.000000,142.000000,142.000000,142.000000,0.000000,0.000000,0.000000,0.000000
2493.000000,142.000000,142.000000,142.000000,142.000000,142.000000,0.000000,0.000000,0.000000,0.000000
2495.000000,142.000000,142.000000,142.000000,142.000000,142.000000,0.000000,0.000000,0.000000,0.000000
2485.000000,142.000000,142.000000,142.000000,142.000000,142.000000,0.000000,0.000000,0.000000,0.000000
2493.000000,142.000000,142.000000,142.000000,142.000000,142.000000,0.000000,0.000000,0.000000,0.000000
2493.000000,142.000000,142.000000,142.000000,142.000000,142.000000,0.000000,0.000000,0.000000,0.000000
2501.000000,142.000000,142.000000,142.000000,142.000000,142.000000,0.000000,0.000000,0.000000,0.000000
2505.000000,142.000000,142.000000,142.000000,142.000000,142.000000,0.000000,0.000000,0.000000,0.000000
2502.000000,142.000000,142.000000,142.000000,142.000000,142.000000,0.000000,0.000000,0.000000,0.000000
2504.000000,142.000000,142.000000,142.000000,142.000000,142.000000,0.000000,0.000000,0.000000,0.000000
2505.000000,142.000000,142.000000,142.000000,142.000000,142.000000,0.000000,0.000000,0.000000,0.000000
2510.000000,142.000000,142.000000,142.000000,142.000000,142.000000,0.000000,0.000000,0.000000,0.000000
2518.000000,142.000000,142.000000,142.000000,142.000000,142.000000,0.000000,0.000000,0.000000,0.000000
2513.000000,142.000000,142.000000,142.000000,142.000000,142.000000,0.000000,0.000000,0.000000,0.000000
2521.000000,142.000000,142.000000,142.000000,142.000000,142.000000,0.000000,0.000000,0.000000,0.000000
2523.000000,142.000000,142.000000,142.000000,142.000000,142.000000,0.000000,0.000000,0.000000,0.000000
2533.000000,142.000000,142.000000,142.000000,142.000000,142.000000,0.000000,0.000000,0.000000,0.000000
2536.000000,142.000000,142.000000,142.000000,142.000000,142.000000,0.000000,0.000000,0.000000,0.000000
2535.000000,142.000000,142.000000,142.000000,142.000000,142.000000,0.000000,0.000000,0.000000,0.000000
2532.000000,142.000000,142.000000,142.000000,142.000000,142.000000,0.000000,0.000000,0.000000,0.000000
2549.000000,142.000000,142.000000,142.000000,142.000000,142.000000,0.000000,0.000000,0.000000,0.000000
2533.000000,142.000000,142.000000,142.000000,142.000000,142.000000,0.000000,0.000000,0.000000,0.000000
2535.000000,142.000000,142.000000,142.000000,142.000000,142.000000,0.000000,0.000000,0.000000,0.000000
2526.000000,142.000000,142.000000,142.000000,142.000000,142.000000,0.000000,0.000000,0.000000,0.000000
2539.000000,142.000000,142.000000,142.000000,142.000000,142.000000,0.000000,0.000000,0.000000,0.000000
2512.000000,142.000000,142.000000,142.000000,142.000000,142.000000,0.000000,0.000000,0.000000,0.000000
2518.000000,142.000000,142.000000,142.000000,142.000000,142.000000,0.000000,0.000000,0.000000,0.000000
2521.000000,142.000000,142.000000,142.000000,142.000000,142.000000,0.000000,0.000000,0.000000,0.000000
2513.000000,142.000000,142.000000,142.000000,142.000000,142.000000,0.000000,0.000000,0.000000,0.000000
2502.000000,142.000000,142.000000,142.000000,142.000000,142.000000,0.000000,0.000000,0.000000,0.000000
2529.000000,142.000000,142.000000,142.000000,142.000000,142.000000,0.000000,0.000000,0.000000,0.000000
2503.000000,142.000000,142.000000,142.000000,142.000000,142.000000,0.000000,0.000000,0.000000,0.000000
2508.000000,142.000000,142.000000,142.000000,142.000000,142.000000,0.000000,0.000000,0.000000,0.000000
2518.000000,142.000000,142.000000,142.000000,142.000000,142.000000,0.000000,0.000000,0.000000,0.000000
2518.000000,142.000000,142.000000,142.000000,142.000000,142.000000,0.000000,0.000000,0.000000,0.000000
2521.000000,142.000000,142.000000,142.000000,142.000000,142.000000,0.000000,0.000000,0.000000,0.000000
2529.000000,142.000000,142.000000,142.000000,142.000000,142.000000,0.000000,0.000000,0.000000,0.000000
2510.000000,142.000000,142.000000,142.000000,142.000000,142.000000,0.000000,0.000000,0.000000,0.000000
2518.000000,142.000000,142.000000,142.000000,142.000000,142.000000,0.000000,0.000000,0.000000,0.000000
2513.000000,142.000000,142.000000,142.000000,142.000000,142.000000,0.000000,0.000000,0.000000,0.000000
2521.000000,142.000000,142.000000,142.000000,142.000000,142.000000,0.000000,0.000000,0.000000,0.000000
2514.000000,142.000000,142.000000,142.000000,142.000000,142.000000,0.000000,0.000000,0.000000,0.000000
2525.000000,142.000000,142.000000,142.000000,142.000000,142.000000,0.000000,0.000000,0.000000,0.000000
2524.000000,142.000000,142.000000,142.000000,142.000000,142.000000,0.000000,0.000000,0.000000,0.000000
2527.000000,142.000000,142.000000,142.000000,142.000000,142.000000,0.000000,0.000000,0.000000,0.000000
2514.000000,142.000000,142.000000,142.000000,142.000000,142.000000,0.000000,0.000000,0.000000,0.000000
2516.000000,142.000000,142.000000,142.000000,142.000000,142.000000,0.000000,0.000000,0.000000,0.000000
2525.000000,142.000000,142.000000,142.000000,142.000000,142.000000,0.000000,0.000000,0.000000,0.000000
2515.000000,142.000000,142.000000,142.000000,142.000000,142.000000,0.000000,0.000000,0.000000,0.000000
2530.000000,142.000000,142.000000,142.000000,142.000000,142.000000,0.000000,0.000000,0.000000,0.000000
2525.000000,142.000000,142.000000,142.000000,142.000000,142.000000,0.000000,0.000000,0.000000,0.000000
2529.000000,142.000000,142.000000,142.000000,142.000000,142.000000,0.000000,0.000000,0.000000,0.000000
2527.000000,142.000000,142.000000,142.000000,142.000000,142.000000,0.000000,0.000000,0.000000,0.000000
2525.000000,142.000000,142.000000,142.000000,142.000000,142.000000,0.000000,0.000000,0.000000,0.000000
2521.000000,142.000000,142.000000,142.000000,142.000000,142.000000,0.000000,0.000000,0.000000,0.000000
2518.000000,142.000000,142.000000,142.000000,142.000000,142.000000,0.000000,0.000000,0.000000,0.000000
2529.000000,142.000000,142.000000,142.000000,142.000000,142.000000,0.000000,0.000000,0.000000,0.000000
2537.000000,142.000000,142.000000,142.000000,142.000000,142.000000,0.000000,0.000000,0.000000,0.000000
2515.000000,142.000000,142.000000,142.000000,142.000000,142.000000,0.000000,0.000000,0.000000,0.000000
2535.000000,142.000000,142.000000,142.000000,142.000000,142.000000,0.000000,0.000000,0.000000,0.000000
2526.000000,142.000000,142.000000,142.000000,142.000000,142.000000,0.000000,0.000000,0.000000,0.000000
2521.000000,142.000000,142.000000,142.000000,142.000000,142.000000,0.000000,0.000000,0.000000,0.000000
2533.000000,142.000000,142.000000,142.000000,142.000000,142.000000,0.000000,0.000000,0.000000,0.000000
2529.000000,142.000000,142.000000,142.000000,142.000000,142.000000,0.000000,0.000000,0.000000,0.000000
2518.000000,142.000000,142.000000,142.000000,142.000000,142.000000,0.000000,0.000000,0.000000,0.000000
2513.000000,142.000000,142.000000,142.000000,142.000000,142.000000,0.000000,0.000000,0.000000,0.000000
2521.000000,142.000000,142.000000,142.000000,142.000000,142.000000,0.000000,0.000000,0.000000,0.000000
2526.000000,142.000000,142.000000,142.000000,142.000000,142.000000,0.000000,0.000000,0.000000,0.000000
2526.000000,142.000000,142.000000,142.000000,142.000000,142.000000,0.000000,0.000000,0.000000,0.000000
2526.000000,142.000000,142.000000,142.000000,142.000000,142.000000,0.000000,0.000000,0.000000,0.000000
2508.000000,142.000000,142.000000,142.000000,142.000000,142.000000,0.000000,0.000000,0.000000,0.000000
2514.000000,142.000000,142.000000,142.000000,142.000000,142.000000,0.000000,0.000000,0.000000,0.000000
2523.000000,142.000000,142.000000,142.000000,142.000000,142.000000,0.000000,0.000000,0.000000,0.000000
2527.000000,142.000000,142.000000,142.000000,142.000000,142.000000,0.000000,0.000000,0.000000,0.000000
2532.000000,142.000000,142.000000,142.000000,142.000000,142.000000,0.000000,0.000000,0.000000,0.000000
2524.000000,142.000000,142.000000,142.000000,142.000000,142.000000,0.000000,0.000000,0.000000,0.000000
2513.000000,142.000000,142.000000,142.000000,142.000000,142.000000,0.000000,0.000000,0.000000,0.000000
2535.000000,142.000000,142.000000,142.000000,142.000000,142.000000,0.000000,0.000000,0.000000,0.000000
2528.000000,142.000000,142.000000,142.000000,142.000000,142.000000,0.000000,0.000000,0.000000,0.000000
2536.000000,142.000000,142.000000,142.000000,142.000000,142.000000,0.000000,0.000000,0.000000,0.000000
2537.000000,142.000000,142.000000,142.000000,142.000000,142.000000,0.000000,0.000000,0.000000,0.000000
2541.000000,142.000000,142.000000,142.000000,142.000000,142.000000,0.000000,0.000000,0.000000,0.000000
2529.000000,142.000000,142.000000,142.000000,142.000000,142.000000,0.000000,0.000000,0.000000,0.000000
2548.000000,142.000000,142.000000,142.000000,142.000000,142.000000,0.000000,0.000000,0.000000,0.000000
2546.000000,142.000000,142.000000,142.000000,142.000000,142.000000,0.000000,0.000000,0.000000,0.000000
2537.000000,142.000000,142.000000,142.000000,142.000000,142.000000,0.000000,0.000000,0.000000,0.000000
2530.000000,142.000000,142.000000,142.000000,142.000000,142.000000,0.000000,0.000000,0.000000,0.000000
2535.000000,142.000000,142.000000,142.000000,142.000000,142.000000,0.000000,0.000000,0.000000,0.000000
2558.000000,142.000000,142.000000,142.000000,142.000000,142.000000,0.000000,0.000000,0.000000,0.000000
2537.000000,142.000000,142.000000,142.000000,142.000000,142.000000,0.000000,0.000000,0.000000,0.000000
2542.000000,142.000000,142.000000,142.000000,142.000000,142.000000,0.000000,0.000000,0.000000,0.000000
2548.000000,142.000000,142.000000,142.000000,142.000000,142.000000,0.000000,0.000000,0.000000,0.000000
2537.000000,142.000000,142.000000,142.000000,142.000000,142.000000,0.000000,0.000000,0.000000,0.000000
2544.000000,142.000000,142.000000,142.000000,142.000000,142.000000,0.000000,0.000000,0.000000,0.000000
2529.000000,142.000000,142.000000,142.000000,142.000000,142.000000,0.000000,0.000000,0.000000,0.000000
2547.000000,142.000000,142.000000,142.000000,142.000000,142.000000,0.000000,0.000000,0.000000,0.000000
2535.000000,142.000000,142.000000,142.000000,142.000000,142.000000,0.000000,0.000000,0.000000,0.000000
2529.000000,142.000000,142.000000,142.000000,142.000000,142.000000,0.000000,0.000000,0.000000,0.000000
2526.000000,142.000000,142.000000,142.000000,142.000000,142.000000,0.000000,0.000000,0.000000,0.000000
2521.000000,142.000000,142.000000,142.000000,142.000000,142.000000,0.000000,0.000000,0.000000,0.000000
2532.000000,142.000000,142.000000,142.000000,142.000000,142.000000,0.000000,0.000000,0.000000,0.000000
2515.000000,142.000000,142.000000,142.000000,142.000000,142.000000,0.000000,0.000000,0.000000,0.000000
2529.000000,142.000000,142.000000,142.000000,142.000000,142.000000,0.000000,0.000000,0.000000,0.000000
2518.000000,142.000000,142.000000,142.000000,142.000000,142.000000,0.000000,0.000000,0.000000,0.000000
2530.000000,142.000000,142.000000,142.000000,142.000000,142.000000,0.000000,0.000000,0.000000,0.000000
2522.000000,142.000000,142.000000,142.000000,142.000000,142.000000,0.000000,0.000000,0.000000,0.000000
2518.000000,142.000000,142.000000,142.000000,142.000000,142.000000,0.000000,0.000000,0.000000,0.000000
2521.000000,142.000000,142.000000,142.000000,142.000000,142.000000,0.000000,0.000000,0.000000,0.000000
2527.000000,142.000000,142.000000,142.000000,142.000000,142.000000,0.000000,0.000000,0.000000,0.000000
2513.000000,142.000000,142.000000,142.000000,142.000000,142.000000,0.000000,0.000000,0.000000,0.000000
2526.000000,142.000000,142.000000,142.000000,142.000000,142.000000,0.000000,0.000000,0.000000,0.000000
2517.000000,142.000000,142.000000,142.000000,142.000000,142.000000,0.000000,0.000000,0.000000,0.000000
2527.000000,142.000000,142.000000,142.000000,142.000000,142.000000,0.000000,0.000000,0.000000,0.000000
2521.000000,142.000000,142.000000,142.000000,142.000000,142.000000,0.000000,0.000000,0.000000,0.000000
2524.000000,142.000000,142.000000,142.000000,142.000000,142.000000,0.000000,0.000000,0.000000,0.000000
2538.000000,142.000000,142.000000,142.000000,142.000000,142.000000,0.000000,0.000000,0.000000,0.000000
2524.000000,142.000000,142.000000,142.000000,142.000000,142.000000,0.000000,0.000000,0.000000,0.000000
2537.000000,142.000000,142.000000,142.000000,142.000000,142.000000,0.000000,0.000000,0.000000,0.000000
2546.000000,142.000000,142.000000,142.000000,142.000000,142.000000,0.000000,0.000000,0.000000,0.000000
2551.000000,142.000000,142.000000,142.000000,142.000000,142.000000,0.000000,0.000000,0.000000,0.000000
2537.000000,142.000000,142.000000,142.000000,142.000000,142.000000,0.000000,0.000000,0.000000,0.000000
2549.000000,142.000000,142.000000,142.000000,142.000000,142.000000,0.000000,0.000000,0.000000,0.000000
2541.000000,142.000000,142.000000,142.000000,142.000000,142.000000,0.000000,0.000000,0.000000,0.000000
2539.000000,142.000000,142.000000,142.000000,142.000000,142.000000,0.000000,0.000000,0.000000,0.000000
2549.000000,142.000000,142.000000,142.000000,142.000000,142.000000,0.000000,0.000000,0.000000,0.000000
2540.000000,142.000000,142.000000,142.000000,142.000000,142.000000,0.000000,0.000000,0.000000,0.000000
2551.000000,142.000000,142.000000,142.000000,142.000000,142.000000,0.000000,0.000000,0.000000,0.000000
2547.000000,142.000000,142.000000,142.000000,142.000000,142.000000,0.000000,0.000000,0.000000,0.000000
2551.000000,142.000000,142.000000,142.000000,142.000000,142.000000,0.000000,0.000000,0.000000,0.000000
2539.000000,142.000000,142.000000,142.000000,142.000000,142.000000,0.000000,0.000000,0.000000,0.000000
2525.000000,142.000000,142.000000,142.000000,142.000000,142.000000,0.000000,0.000000,0.000000,0.000000
2545.000000,142.000000,142.000000,142.000000,142.000000,142.000000,0.000000,0.000000,0.000000,0.000000
2545.000000,142.000000,142.000000,142.000000,142.000000,142.000000,0.000000,0.000000,0.000000,0.000000
2540.000000,142.000000,142.000000,142.000000,142.000000,142.000000,0.000000,0.000000,0.000000,0.000000
2537.000000,142.000000,142.000000,142.000000,142.000000,142.000000,0.000000,0.000000,0.000000,0.000000
2548.000000,142.000000,142.000000,142.000000,142.000000,142.000000,0.000000,0.000000,0.000000,0.000000
2540.000000,142.000000,142.000000,142.000000,142.000000,142.000000,0.000000,0.000000,0.000000,0.000000
2523.000000,142.000000,142.000000,142.000000,142.000000,142.000000,0.000000,0.000000,0.000000,0.000000
2537.000000,142.000000,142.000000,142.000000,142.000000,142.000000,0.000000,0.000000,0.000000,0.000000
2540.000000,142.000000,142.000000,142.000000,142.000000,142.000000,0.000000,0.000000,0.000000,0.000000
2529.000000,142.000000,142.000000,142.000000,142.000000,142.000000,0.000000,0.000000,0.000000,0.000000
2526.000000,142.000000,142.000000,142.000000,142.000000,142.000000,0.000000,0.000000,0.000000,0.000000
2526.000000,142.000000,142.000000,142.000000,142.000000,142.000000,0.000000,0.000000,0.000000,0.000000
2524.000000,142.000000,142.000000,142.000000,142.000000,142.000000,0.000000,0.000000,0.000000,0.000000
2513.000000,142.000000,142.000000,142.000000,142.000000,142.000000,0.000000,0.000000,0.000000,0.000000
2529.000000,142.000000,142.000000,142.000000,142.000000,142.000000,0.000000,0.000000,0.000000,0.000000
2521.000000,142.000000,142.000000,142.000000,142.000000,142.000000,0.000000,0.000000,0.000000,0.000000
2507.000000,142.000000,142.000000,142.000000,142.000000,142.000000,0.000000,0.000000,0.000000,0.000000
2513.000000,142.000000,142.000000,142.000000,142.000000,142.000000,0.000000,0.000000,0.000000,0.000000
2527.000000,142.000000,142.000000,142.000000,142.000000,142.000000,0.000000,0.000000,0.000000,0.000000
2520.000000,142.000000,142.000000,142.000000,142.000000,142.000000,0.000000,0.000000,0.000000,0.000000
2513.000000,142.000000,142.000000,142.000000,142.000000,142.000000,0.000000,0.000000,0.000000,0.000000
2530.000000,142.000000,142.000000,142.000000,142.000000,142.000000,0.000000,0.000000,0.000000,0.000000
2508.000000,142.000000,142.000000,142.000000,142.000000,142.000000,0.000000,0.000000,0.000000,0.000000
2526.000000,142.000000,142.000000,142.000000,142.000000,142.000000,0.000000,0.000000,0.000000,0.000000
2528.000000,142.000000,142.000000,142.000000,142.000000,142.000000,0.000000,0.000000,0.000000,0.000000
2524.000000,142.000000,142.000000,142.000000,142.000000,142.000000,0.000000,0.000000,0.000000,0.000000
2517.000000,142.000000,142.000000,142.000000,142.000000,142.000000,0.000000,0.000000,0.000000,0.000000
2508.000000,142.000000,142.000000,142.000000,142.000000,142.000000,0.000000,0.000000,0.000000,0.000000
2518.000000,142.000000,142.000000,142.000000,142.000000,142.000000,0.000000,0.000000,0.000000,0.000000
2515.000000,142.000000,142.000000,142.000000,142.000000,142.000000,0.000000,0.000000,0.000000,0.000000
2515.000000,142.000000,142.000000,142.000000,142.000000,142.000000,0.000000,0.000000,0.000000,0.000000
2513.000000,142.000000,142.000000,142.000000,142.000000,142.000000,0.000000,0.000000,0.000000,0.000000
2511.000000,142.000000,142.000000,142.000000,142.000000,142.000000,0.000000,0.000000,0.000000,0.000000
2515.000000,142.000000,142.000000,142.000000,142.000000,142.000000,0.000000,0.000000,0.000000,0.000000
2515.000000,142.000000,142.000000,142.000000,142.000000,142.000000,0.000000,0.000000,0.000000,0.000000
2521.000000,142.000000,142.000000,142.000000,142.000000,142.000000,0.000000,0.000000,0.000000,0.000000
2534.000000,142.000000,142.000000,142.000000,142.000000,142.000000,0.000000,0.000000,0.000000,0.000000
2529.000000,142.000000,142.000000,142.000000,142.000000,142.000000,0.000000,0.000000,0.000000,0.000000
2521.000000,142.000000,142.000000,142.000000,142.000000,142.000000,0.000000,0.000000,0.000000,0.000000
2546.000000,142.000000,142.000000,142.000000,142.000000,142.000000,0.000000,0.000000,0.000000,0.000000
2541.000000,142.000000,142.000000,142.000000,142.000000,142.000000,0.000000,0.000000,0.000000,0.000000
2539.000000,142.000000,142.000000,142.000000,142.000000,142.000000,0.000000,0.000000,0.000000,0.000000
2548.000000,142.000000,142.000000,142.000000,142.000000,142.000000,0.000000,0.000000,0.000000,0.000000
2561.000000,142.000000,142.000000,142.000000,142.000000,142.000000,0.000000,0.000000,0.000000,0.000000
2564.000000,142.000000,142.000000,142.000000,142.000000,142.000000,0.000000,0.000000,0.000000,0.000000
2560.000000,142.000000,142.000000,142.000000,142.000000,142.000000,0.000000,0.000000,0.000000,0.000000
2573.000000,142.000000,142.000000,142.000000,142.000000,142.000000,0.000000,0.000000,0.000000,0.000000
2568.000000,142.000000,142.000000,142.000000,142.000000,142.000000,0.000000,0.000000,0.000000,0.000000
2572.000000,142.000000,142.000000,142.000000,142.000000,142.000000,0.000000,0.000000,0.000000,0.000000
2582.000000,142.000000,142.000000,142.000000,142.000000,142.000000,0.000000,0.000000,0.000000,0.000000
2592.000000,142.000000,142.000000,142.000000,142.000000,142.000000,0.000000,0.000000,0.000000,0.000000
2579.000000,142.000000,142.000000,142.000000,142.000000,142.000000,0.000000,0.000000,0.000000,0.000000
2584.000000,142.000000,142.000000,142.000000,142.000000,142.000000,0.000000,0.000000,0.000000,0.000000
2588.000000,142.000000,142.000000,142.000000,142.000000,142.000000,0.000000,0.000000,0.000000,0.000000
2589.000000,142.000000,142.000000,142.000000,142.000000,142.000000,0.000000,0.000000,0.000000,0.000000
2585.000000,142.000000,142.000000,142.000000,142.000000,142.000000,0.000000,0.000000,0.000000,0.000000
2606.000000,142.000000,142.000000,142.000000,142.000000,142.000000,0.000000,0.000000,0.000000,0.000000
2617.000000,142.000000,142.000000,142.000000,142.000000,142.000000,0.000000,0.000000,0.000000,0.000000
2618.000000,142.000000,142.000000,142.000000,142.000000,142.000000,0.000000,0.000000,0.000000,0.000000
2627.000000,142.000000,142.000000,142.000000,142.000000,142.000000,0.000000,0.000000,0.000000,0.000000
2624.000000,142.000000,142.000000,142.000000,142.000000,142.000000,0.000000,0.000000,0.000000,0.000000
2640.000000,142.000000,142.000000,142.000000,142.000000,142.000000,0.000000,0.000000,0.000000,0.000000
2635.000000,142.000000,142.000000,142.000000,142.000000,142.000000,0.000000,0.000000,0.000000,0.000000
2638.000000,142.000000,142.000000,142.000000,142.000000,142.000000,0.000000,0.000000,0.000000,0.000000
2638.000000,142.000000,142.000000,142.000000,142.000000,142.000000,0.000000,0.000000,0.000000,0.000000
2625.000000,142.000000,142.000000,142.000000,142.000000,142.000000,0.000000,0.000000,0.000000,0.000000
2638.000000,142.000000,142.000000,142.000000,142.000000,142.000000,0.000000,0.000000,0.000000,0.000000
2628.000000,142.000000,142.000000,142.000000,142.000000,142.000000,0.000000,0.000000,0.000000,0.000000
2635.000000,142.000000,142.000000,142.000000,142.000000,142.000000,0.000000,0.000000,0.000000,0.000000
2642.000000,142.000000,142.000000,142.000000,142.000000,142.000000,0.000000,0.000000,0.000000,0.000000
2649.000000,142.000000,142.000000,142.000000,142.000000,142.000000,0.000000,0.000000,0.000000,0.000000
2646.000000,142.000000,142.000000,142.000000,142.000000,142.000000,0.000000,0.000000,0.000000,0.000000
2657.000000,142.000000,142.000000,142.000000,142.000000,142.000000,0.000000,0.000000,0.000000,0.000000
2658.000000,142.000000,142.000000,142.000000,142.000000,142.000000,0.000000,0.000000,0.000000,0.000000
2646.000000,142.000000,142.000000,142.000000,142.000000,142.000000,0.000000,0.000000,0.000000,0.000000
2661.000000,142.000000,142.000000,142.000000,142.000000,142.000000,0.000000,0.000000,0.000000,0.000000
2669.000000,142.000000,142.000000,142.000000,142.000000,142.000000,0.000000,0.000000,0.000000,0.000000
2664.000000,142.000000,142.000000,142.000000,142.000000,142.000000,0.000000,0.000000,0.000000,0.000000
2651.000000,142.000000,142.000000,142.000000,142.000000,142.000000,0.000000,0.000000,0.000000,0.000000
2669.000000,142.000000,142.000000,142.000000,142.000000,142.000000,0.000000,0.000000,0.000000,0.000000
2681.000000,142.000000,142.000000,142.000000,142.000000,142.000000,0.000000,0.000000,0.000000,0.000000
2678.000000,142.000000,142.000000,142.000000,142.000000,142.000000,0.000000,0.000000,0.000000,0.000000
2675.000000,142.000000,142.000000,142.000000,142.000000,142.000000,0.000000,0.000000,0.000000,0.000000
2672.000000,142.000000,142.000000,142.000000,142.000000,142.000000,0.000000,0.000000,0.000000,0.000000
2662.000000,142.000000,142.000000,142.000000,142.000000,142.000000,0.000000,0.000000,0.000000,0.000000
2665.000000,142.000000,142.000000,142.000000,142.000000,142.000000,0.000000,0.000000,0.000000,0.000000
2669.000000,142.000000,142.000000,142.000000,142.000000,142.000000,0.000000,0.000000,0.000000,0.000000
2669.000000,142.000000,142.000000,142.000000,142.000000,142.000000,0.000000,0.000000,0.000000,0.000000
2671.000000,142.000000,142.000000,142.000000,142.000000,142.000000,0.000000,0.000000,0.000000,0.000000
2663.000000,142.000000,142.000000,142.000000,142.000000,142.000000,0.000000,0.000000,0.000000,0.000000
2671.000000,142.000000,142.000000,142.000000,142.000000,142.000000,0.000000,0.000000,0.000000,0.000000
2658.000000,142.000000,142.000000,142.000000,142.000000,142.000000,0.000000,0.000000,0.000000,0.000000
2656.000000,142.000000,142.000000,142.000000,142.000000,142.000000,0.000000,0.000000,0.000000,0.000000
2664.000000,142.000000,142.000000,142.000000,142.000000,142.000000,0.000000,0.000000,0.000000,0.000000
2655.000000,142.000000,142.000000,142.000000,142.000000,142.000000,0.000000,0.000000,0.000000,0.000000
2654.000000,142.000000,142.000000,142.000000,142.000000,142.000000,0.000000,0.000000,0.000000,0.000000
2650.000000,142.000000,142.000000,142.000000,142.000000,142.000000,0.000000,0.000000,0.000000,0.000000
2658.000000,142.000000,142.000000,142.000000,142.000000,142.000000,0.000000,0.000000,0.000000,0.000000
2661.000000,142.000000,142.000000,142.000000,142.000000,142.000000,0.000000,0.000000,0.000000,0.000000
2653.000000,142.000000,142.000000,142.000000,142.000000,142.000000,0.000000,0.000000,0.000000,0.000000
2657.000000,142.000000,142.000000,142.000000,142.000000,142.000000,0.000000,0.000000,0.000000,0.000000
2653.000000,142.000000,142.000000,142.000000,142.000000,142.000000,0.000000,0.000000,0.000000,0.000000
2657.000000,142.000000,142.000000,142.000000,142.000000,142.000000,0.000000,0.000000,0.000000,0.000000
2646.000000,142.000000,142.000000,142.000000,142.000000,142.000000,0.000000,0.000000,0.000000,0.000000
2653.000000,142.000000,142.000000,142.000000,142.000000,142.000000,0.000000,0.000000,0.000000,0.000000
2646.000000,142.000000,142.000000,142.000000,142.000000,142.000000,0.000000,0.000000,0.000000,0.000000
2655.000000,142.000000,142.000000,142.000000,142.000000,142.000000,0.000000,0.000000,0.000000,0.000000
2653.000000,142.000000,142.000000,142.000000,142.000000,142.000000,0.000000,0.000000,0.000000,0.000000
2642.000000,142.000000,142.000000,142.000000,142.000000,142.000000,0.000000,0.000000,0.000000,0.000000
2640.000000,142.000000,142.000000,142.000000,142.000000,142.000000,0.000000,0.000000,0.000000,0.000000
2652.000000,142.000000,142.000000,142.000000,142.000000,142.000000,0.000000,0.000000,0.000000,0.000000
2642.000000,142.000000,142.000000,142.000000,142.000000,142.000000,0.000000,0.000000,0.000000,0.000000
2650.000000,142.000000,142.000000,142.000000,142.000000,142.000000,0.000000,0.000000,0.000000,0.000000
2653.000000,142.000000,142.000000,142.000000,142.000000,142.000000,0.000000,0.000000,0.000000,0.000000
2648.000000,142.000000,142.000000,142.000000,142.000000,142.000000,0.000000,0.000000,0.000000,0.000000
2613.000000,142.000000,142.000000,142.000000,142.000000,142.000000,0.000000,0.000000,0.000000,0.000000
2618.000000,142.000000,142.000000,142.000000,142.000000,142.000000,0.000000,0.000000,0.000000,0.000000
2622.000000,142.000000,142.000000,142.000000,142.000000,142.000000,0.000000,0.000000,0.000000,0.000000
2614.000000,142.000000,142.000000,142.000000,142.000000,142.000000,0.000000,0.000000,0.000000,0.000000
2618.000000,142.000000,142.000000,142.000000,142.000000,142.000000,0.000000,0.000000,0.000000,0.000000
2617.000000,142.000000,142.000000,142.000000,142.000000,142.000000,0.000000,0.000000,0.000000,0.000000
2614.000000,142.000000,142.000000,142.000000,142.000000,142.000000,0.000000,0.000000,0.000000,0.000000
2586.000000,142.000000,142.000000,142.000000,142.000000,142.000000,0.000000,0.000000,0.000000,0.000000
2603.000000,142.000000,142.000000,142.000000,142.000000,142.000000,0.000000,0.000000,0.000000,0.000000
2602.000000,142.000000,142.000000,142.000000,142.000000,142.000000,0.000000,0.000000,0.000000,0.000000
2602.000000,142.000000,142.000000,142.000000,142.000000,142.000000,0.000000,0.000000,0.000000,0.000000
2590.000000,142.000000,142.000000,142.000000,142.000000,142.000000,0.000000,0.000000,0.000000,0.000000
2624.000000,142.000000,142.000000,142.000000,142.000000,142.000000,0.000000,0.000000,0.000000,0.000000
2605.000000,142.000000,142.000000,142.000000,142.000000,142.000000,0.000000,0.000000,0.000000,0.000000
2603.000000,142.000000,142.000000,142.000000,142.000000,142.000000,0.000000,0.000000,0.000000,0.000000
2603.000000,142.000000,142.000000,142.000000,142.000000,142.000000,0.000000,0.000000,0.000000,0.000000
2584.000000,142.000000,142.000000,142.000000,142.000000,142.000000,0.000000,0.000000,0.000000,0.000000
2604.000000,142.000000,142.000000,142.000000,142.000000,142.000000,0.000000,0.000000,0.000000,0.000000
2601.000000,142.000000,142.000000,142.000000,142.000000,142.000000,0.000000,0.000000,0.000000,0.000000
2597.000000,142.000000,142.000000,142.000000,142.000000,142.000000,0.000000,0.000000,0.000000,0.000000
2592.000000,142.000000,142.000000,142.000000,142.000000,142.000000,0.000000,0.000000,0.000000,0.000000
2592.000000,142.000000,142.000000,142.000000,142.000000,142.000000,0.000000,0.000000,0.000000,0.000000
2586.000000,142.000000,142.000000,142.000000,142.000000,142.000000,0.000000,0.000000,0.000000,0.000000
2584.000000,142.000000,142.000000,142.000000,142.000000,142.000000,0.000000,0.000000,0.000000,0.000000
2589.000000,142.000000,142.000000,142.000000,142.000000,142.000000,0.000000,0.000000,0.000000,0.000000
2585.000000,142.000000,142.000000,142.000000,142.000000,142.000000,0.000000,0.000000,0.000000,0.000000
2588.000000,142.000000,142.000000,142.000000,142.000000,142.000000,0.000000,0.000000,0.000000,0.000000
2577.000000,142.000000,142.000000,142.000000,142.000000,142.000000,0.000000,0.000000,0.000000,0.000000
2582.000000,142.000000,142.000000,142.000000,142.000000,142.000000,0.000000,0.000000,0.000000,0.000000
2559.000000,142.000000,142.000000,142.000000,142.000000,142.000000,0.000000,0.000000,0.000000,0.000000
2567.000000,142.000000,142.000000,142.000000,142.000000,142.000000,0.000000,0.000000,0.000000,0.000000
2560.000000,142.000000,142.000000,142.000000,142.000000,142.000000,0.000000,0.000000,0.000000,0.000000
2560.000000,142.000000,142.000000,142.000000,142.000000,142.000000,0.000000,0.000000,0.000000,0.000000
2571.000000,142.000000,142.000000,142.000000,142.000000,142.000000,0.000000,0.000000,0.000000,0.000000
2571.000000,142.000000,142.000000,142.000000,142.000000,142.000000,0.000000,0.000000,0.000000,0.000000
2573.000000,142.000000,142.000000,142.000000,142.000000,142.000000,0.000000,0.000000,0.000000,0.000000
2560.000000,142.000000,142.000000,142.000000,142.000000,142.000000,0.000000,0.000000,0.000000,0.000000
2564.000000,142.000000,142.000000,142.000000,142.000000,142.000000,0.000000,0.000000,0.000000,0.000000
2553.000000,142.000000,142.000000,142.000000,142.000000,142.000000,0.000000,0.000000,0.000000,0.000000
2566.000000,142.000000,142.000000,142.000000,142.000000,142.000000,0.000000,0.000000,0.000000,0.000000
2567.000000,142.000000,142.000000,142.000000,142.000000,142.000000,0.000000,0.000000,0.000000,0.000000
2570.000000,142.000000,142.000000,142.000000,142.000000,142.000000,0.000000,0.000000,0.000000,0.000000
2570.000000,142.000000,142.000000,142.000000,142.000000,142.000000,0.000000,0.000000,0.000000,0.000000
2573.000000,142.000000,142.000000,142.000000,142.000000,142.000000,0.000000,0.000000,0.000000,0.000000
2557.000000,142.000000,142.000000,142.000000,142.000000,142.000000,0.000000,0.000000,0.000000,0.000000
2564.000000,142.000000,142.000000,142.000000,142.000000,142.000000,0.000000,0.000000,0.000000,0.000000
2578.000000,142.000000,142.000000,142.000000,142.000000,142.000000,0.000000,0.000000,0.000000,0.000000
2562.000000,142.000000,142.000000,142.000000,142.000000,142.000000,0.000000,0.000000,0.000000,0.000000
2556.000000,142.000000,142.000000,142.000000,142.000000,142.000000,0.000000,0.000000,0.000000,0.000000
2560.000000,142.000000,142.000000,142.000000,142.000000,142.000000,0.000000,0.000000,0.000000,0.000000
2560.000000,142.000000,142.000000,142.000000,142.000000,142.000000,0.000000,0.000000,0.000000,0.000000
2564.000000,142.000000,142.000000,142.000000,142.000000,142.000000,0.000000,0.000000,0.000000,0.000000
2556.000000,142.000000,142.000000,142.000000,142.000000,142.000000,0.000000,0.000000,0.000000,0.000000
2552.000000,142.000000,142.000000,142.000000,142.000000,142.000000,0.000000,0.000000,0.000000,0.000000
2549.000000,142.000000,142.000000,142.000000,142.000000,142.000000,0.000000,0.000000,0.000000,0.000000
2562.000000,142.000000,142.000000,142.000000,142.000000,142.000000,0.000000,0.000000,0.000000,0.000000
2573.000000,142.000000,142.000000,142.000000,142.000000,142.000000,0.000000,0.000000,0.000000,0.000000
2560.000000,142.000000,142.000000,142.000000,142.000000,142.000000,0.000000,0.000000,0.000000,0.000000
2556.000000,142.000000,142.000000,142.000000,142.000000,142.000000,0.000000,0.000000,0.000000,0.000000
2562.000000,142.000000,142.000000,142.000000,142.000000,142.000000,0.000000,0.000000,0.000000,0.000000
2570.000000,142.000000,142.000000,142.000000,142.000000,142.000000,0.000000,0.000000,0.000000,0.000000
2582.000000,142.000000,142.000000,142.000000,142.000000,142.000000,0.000000,0.000000,0.000000,0.000000
2577.000000,142.000000,142.000000,142.000000,142.000000,142.000000,0.000000,0.000000,0.000000,0.000000
2582.000000,142.000000,142.000000,142.000000,142.000000,142.000000,0.000000,0.000000,0.000000,0.000000
2568.000000,142.000000,142.000000,142.000000,142.000000,142.000000,0.000000,0.000000,0.000000,0.000000
2582.000000,142.000000,142.000000,142.000000,142.000000,142.000000,0.000000,0.000000,0.000000,0.000000
2599.000000,142.000000,142.000000,142.000000,142.000000,142.000000,0.000000,0.000000,0.000000,0.000000
2597.000000,142.000000,142.000000,142.000000,142.000000,142.000000,0.000000,0.000000,0.000000,0.000000
2600.000000,142.000000,142.000000,142.000000,142.000000,142.000000,0.000000,0.000000,0.000000,0.000000
2591.000000,142.000000,142.000000,142.000000,142.000000,142.000000,0.000000,0.000000,0.000000,0.000000
2592.000000,142.000000,142.000000,142.000000,142.000000,142.000000,0.000000,0.000000,0.000000,0.000000
2602.000000,142.000000,142.000000,142.000000,142.000000,142.000000,0.000000,0.000000,0.000000,0.000000
2601.000000,142.000000,142.000000,142.000000,142.000000,142.000000,0.000000,0.000000,0.000000,0.000000
2573.000000,142.000000,142.000000,142.000000,142.000000,142.000000,0.000000,0.000000,0.000000,0.000000
2591.000000,142.000000,142.000000,142.000000,142.000000,142.000000,0.000000,0.000000,0.000000,0.000000
2582.000000,142.000000,142.000000,142.000000,142.000000,142.000000,0.000000,0.000000,0.000000,0.000000
2589.000000,142.000000,142.000000,142.000000,142.000000,142.000000,0.000000,0.000000,0.000000,0.000000
2602.000000,142.000000,142.000000,142.000000,142.000000,142.000000,0.000000,0.000000,0.000000,0.000000
2608.000000,142.000000,142.000000,142.000000,142.000000,142.000000,0.000000,0.000000,0.000000,0.000000
2602.000000,142.000000,142.000000,142.000000,142.000000,142.000000,0.000000,0.000000,0.000000,0.000000
2597.000000,142.000000,142.000000,142.000000,142.000000,142.000000,0.000000,0.000000,0.000000,0.000000
2603.000000,142.000000,142.000000,142.000000,142.000000,142.000000,0.000000,0.000000,0.000000,0.000000
2591.000000,142.000000,142.000000,142.000000,142.000000,142.000000,0.000000,0.000000,0.000000,0.000000
2590.000000,142.000000,142.000000,142.000000,142.000000,142.000000,0.000000,0.000000,0.000000,0.000000
2596.000000,142.000000,142.000000,142.000000,142.000000,142.000000,0.000000,0.000000,0.000000,0.000000
2605.000000,142.000000,142.000000,142.000000,142.000000,142.000000,0.000000,0.000000,0.000000,0.000000
2584.000000,142.000000,142.000000,142.000000,142.000000,142.000000,0.000000,0.000000,0.000000,0.000000
2603.000000,142.000000,142.000000,142.000000,142.000000,142.000000,0.000000,0.000000,0.000000,0.000000
2604.000000,142.000000,142.000000,142.000000,142.000000,142.000000,0.000000,0.000000,0.000000,0.000000
2603.000000,142.000000,142.000000,142.000000,142.000000,142.000000,0.000000,0.000000,0.000000,0.000000
2595.000000,142.000000,142.000000,142.000000,142.000000,142.000000,0.000000,0.000000,0.000000,0.000000
2603.000000,142.000000,142.000000,142.000000,142.000000,142.000000,0.000000,0.000000,0.000000,0.000000
2596.000000,142.000000,142.000000,142.000000,142.000000,142.000000,0.000000,0.000000,0.000000,0.000000
2590.000000,142.000000,142.000000,142.000000,142.000000,142.000000,0.000000,0.000000,0.000000,0.000000
2599.000000,142.000000,142.000000,142.000000,142.000000,142.000000,0.000000,0.000000,0.000000,0.000000
2579.000000,142.000000,142.000000,142.000000,142.000000,142.000000,0.000000,0.000000,0.000000,0.000000
2579.000000,142.000000,142.000000,142.000000,142.000000,142.000000,0.000000,0.000000,0.000000,0.000000
2582.000000,142.000000,142.000000,142.000000,142.000000,142.000000,0.000000,0.000000,0.000000,0.000000
2603.000000,142.000000,142.000000,142.000000,142.000000,142.000000,0.000000,0.000000,0.000000,0.000000
2585.000000,142.000000,142.000000,142.000000,142.000000,142.000000,0.000000,0.000000,0.000000,0.000000
2599.000000,142.000000,142.000000,142.000000,142.000000,142.000000,0.000000,0.000000,0.000000,0.000000
2586.000000,142.000000,142.000000,142.000000,142.000000,142.000000,0.000000,0.000000,0.000000,0.000000
2584.000000,142.000000,142.000000,142.000000,142.000000,142.000000,0.000000,0.000000,0.000000,0.000000
2584.000000,142.000000,142.000000,142.000000,142.000000,142.000000,0.000000,0.000000,0.000000,0.000000
2571.000000,142.000000,142.000000,142.000000,142.000000,142.000000,0.000000,0.000000,0.000000,0.000000
2570.000000,142.000000,142.000000,142.000000,142.000000,142.000000,0.000000,0.000000,0.000000,0.000000
2567.000000,142.000000,142.000000,142.000000,142.000000,142.000000,0.000000,0.000000,0.000000,0.000000
2584.000000,142.000000,142.000000,142.000000,142.000000,142.000000,0.000000,0.000000,0.000000,0.000000
2586.000000,142.000000,142.000000,142.000000,142.000000,142.000000,0.000000,0.000000,0.000000,0.000000
2582.000000,142.000000,142.000000,142.000000,142.000000,142.000000,0.000000,0.000000,0.000000,0.000000
2578.000000,142.000000,142.000000,142.000000,142.000000,142.000000,0.000000,0.000000,0.000000,0.000000
2560.000000,142.000000,142.000000,142.000000,142.000000,142.000000,0.000000,0.000000,0.000000,0.000000
2563.000000,142.000000,142.000000,142.000000,142.000000,142.000000,0.000000,0.000000,0.000000,0.000000
2560.000000,142.000000,142.000000,142.000000,142.000000,142.000000,0.000000,0.000000,0.000000,0.000000
2559.000000,142.000000,142.000000,142.000000,142.000000,142.000000,0.000000,0.000000,0.000000,0.000000
2571.000000,142.000000,142.000000,142.000000,142.000000,142.000000,0.000000,0.000000,0.000000,0.000000
2570.000000,142.000000,142.000000,142.000000,142.000000,142.000000,0.000000,0.000000,0.000000,0.000000
2575.000000,142.000000,142.000000,142.000000,142.000000,142.000000,0.000000,0.000000,0.000000,0.000000
2583.000000,142.000000,142.000000,142.000000,142.000000,142.000000,0.000000,0.000000,0.000000,0.000000
2569.000000,142.000000,142.000000,142.000000,142.000000,142.000000,0.000000,0.000000,0.000000,0.000000
2579.000000,142.000000,142.000000,142.000000,142.000000,142.000000,0.000000,0.000000,0.000000,0.000000
2582.000000,142.000000,142.000000,142.000000,142.000000,142.000000,0.000000,0.000000,0.000000,0.000000
2575.000000,142.000000,142.000000,142.000000,142.000000,142.000000,0.000000,0.000000,0.000000,0.000000
2552.000000,142.000000,142.000000,142.000000,142.000000,142.000000,0.000000,0.000000,0.000000,0.000000
2586.000000,142.000000,142.000000,142.000000,142.000000,142.000000,0.000000,0.000000,0.000000,0.000000
2584.000000,142.000000,142.000000,142.000000,142.000000,142.000000,0.000000,0.000000,0.000000,0.000000
2573.000000,142.000000,142.000000,142.000000,142.000000,142.000000,0.000000,0.000000,0.000000,0.000000
2561.000000,142.000000,142.000000,142.000000,142.000000,142.000000,0.000000,0.000000,0.000000,0.000000
2581.000000,142.000000,142.000000,142.000000,142.000000,142.000000,0.000000,0.000000,0.000000,0.000000
2589.000000,142.000000,142.000000,142.000000,142.000000,142.000000,0.000000,0.000000,0.000000,0.000000
2582.000000,142.000000,142.000000,142.000000,142.000000,142.000000,0.000000,0.000000,0.000000,0.000000
2586.000000,142.000000,142.000000,142.000000,142.000000,142.000000,0.000000,0.000000,0.000000,0.000000
2582.000000,142.000000,142.000000,142.000000,142.000000,142.000000,0.000000,0.000000,0.000000,0.000000
2591.000000,142.000000,142.000000,142.000000,142.000000,142.000000,0.000000,0.000000,0.000000,0.000000
2596.000000,142.000000,142.000000,142.000000,142.000000,142.000000,0.000000,0.000000,0.000000,0.000000
2579.000000,142.000000,142.000000,142.000000,142.000000,142.000000,0.000000,0.000000,0.000000,0.000000
2582.000000,142.000000,142.000000,142.000000,142.000000,142.000000,0.000000,0.000000,0.000000,0.000000
2578.000000,142.000000,142.000000,142.000000,142.000000,142.000000,0.000000,0.000000,0.000000,0.000000
2584.000000,142.000000,142.000000,142.000000,142.000000,142.000000,0.000000,0.000000,0.000000,0.000000
2573.000000,142.000000,142.000000,142.000000,142.000000,142.000000,0.000000,0.000000,0.000000,0.000000
2567.000000,142.000000,142.000000,142.000000,142.000000,142.000000,0.000000,0.000000,0.000000,0.000000
2560.000000,142.000000,142.000000,142.000000,142.000000,142.000000,0.000000,0.000000,0.000000,0.000000
2546.000000,142.000000,142.000000,142.000000,142.000000,142.000000,0.000000,0.000000,0.000000,0.000000
2564.000000,142.000000,142.000000,142.000000,142.000000,142.000000,0.000000,0.000000,0.000000,0.000000
2564.000000,142.000000,142.000000,142.000000,142.000000,142.000000,0.000000,0.000000,0.000000,0.000000
2551.000000,142.000000,142.000000,142.000000,142.000000,142.000000,0.000000,0.000000,0.000000,0.000000
2555.000000,142.000000,142.000000,142.000000,142.000000,142.000000,0.000000,0.000000,0.000000,0.000000
2559.000000,142.000000,142.000000,142.000000,142.000000,142.000000,0.000000,0.000000,0.000000,0.000000
2567.000000,142.000000,142.000000,142.000000,142.000000,142.000000,0.000000,0.000000,0.000000,0.000000
2549.000000,142.000000,142.000000,142.000000,142.000000,142.000000,0.000000,0.000000,0.000000,0.000000
2540.000000,142.000000,142.000000,142.000000,142.000000,142.000000,0.000000,0.000000,0.000000,0.000000
2562.000000,142.000000,142.000000,142.000000,142.000000,142.000000,0.000000,0.000000,0.000000,0.000000
2537.000000,142.000000,142.000000,142.000000,142.000000,142.000000,0.000000,0.000000,0.000000,0.000000
2539.000000,142.000000,142.000000,142.000000,142.000000,142.000000,0.000000,0.000000,0.000000,0.000000
2530.000000,142.000000,142.000000,142.000000,142.000000,142.000000,0.000000,0.000000,0.000000,0.000000
2529.000000,142.000000,142.000000,142.000000,142.000000,142.000000,0.000000,0.000000,0.000000,0.000000
2520.000000,142.000000,142.000000,142.000000,142.000000,142.000000,0.000000,0.000000,0.000000,0.000000
2525.000000,142.000000,142.000000,142.000000,142.000000,142.000000,0.000000,0.000000,0.000000,0.000000
2500.000000,142.000000,142.000000,142.000000,142.000000,142.000000,0.000000,0.000000,0.000000,0.000000
2514.000000,142.000000,142.000000,142.000000,142.000000,142.000000,0.000000,0.000000,0.000000,0.000000
2520.000000,142.000000,142.000000,142.000000,142.000000,142.000000,0.000000,0.000000,0.000000,0.000000
2502.000000,142.000000,142.000000,142.000000,142.000000,142.000000,0.000000,0.000000,0.000000,0.000000
2513.000000,142.000000,142.000000,142.000000,142.000000,142.000000,0.000000,0.000000,0.000000,0.000000
2513.000000,142.000000,142.000000,142.000000,142.000000,142.000000,0.000000,0.000000,0.000000,0.000000
2513.000000,142.000000,142.000000,142.000000,142.000000,142.000000,0.000000,0.000000,0.000000,0.000000
2525.000000,142.000000,142.000000,142.000000,142.000000,142.000000,0.000000,0.000000,0.000000,0.000000
2503.000000,142.000000,142.000000,142.000000,142.000000,142.000000,0.000000,0.000000,0.000000,0.000000
2497.000000,142.000000,142.000000,142.000000,142.000000,142.000000,0.000000,0.000000,0.000000,0.000000
2499.000000,142.000000,142.000000,142.000000,142.000000,142.000000,0.000000,0.000000,0.000000,0.000000
2501.000000,142.000000,142.000000,142.000000,142.000000,142.000000,0.000000,0.000000,0.000000,0.000000
2501.000000,142.000000,142.000000,142.000000,142.000000,142.000000,0.000000,0.000000,0.000000,0.000000
2504.000000,142.000000,142.000000,142.000000,142.000000,142.000000,0.000000,0.000000,0.000000,0.000000
2502.000000,142.000000,142.000000,142.000000,142.000000,142.000000,0.000000,0.000000,0.000000,0.000000
2504.000000,142.000000,142.000000,142.000000,142.000000,142.000000,0.000000,0.000000,0.000000,0.000000
2504.000000,142.000000,142.000000,142.000000,142.000000,142.000000,0.000000,0.000000,0.000000,0.000000
2513.000000,142.000000,142.000000,142.000000,142.000000,142.000000,0.000000,0.000000,0.000000,0.000000
2514.000000,142.000000,142.000000,142.000000,142.000000,142.000000,0.000000,0.000000,0.000000,0.000000
2518.000000,142.000000,142.000000,142.000000,142.000000,142.000000,0.000000,0.000000,0.000000,0.000000
2513.000000,142.000000,142.000000,142.000000,142.000000,142.000000,0.000000,0.000000,0.000000,0.000000
2504.000000,142.000000,142.000000,142.000000,142.000000,142.000000,0.000000,0.000000,0.000000,0.000000
2511.000000,142.000000,142.000000,142.000000,142.000000,142.000000,0.000000,0.000000,0.000000,0.000000
2504.000000,142.000000,142.000000,142.000000,142.000000,142.000000,0.000000,0.000000,0.000000,0.000000
2511.000000,142.000000,142.000000,142.000000,142.000000,142.000000,0.000000,0.000000,0.000000,0.000000
2504.000000,142.000000,142.000000,142.000000,142.000000,142.000000,0.000000,0.000000,0.000000,0.000000
2507.000000,142.000000,142.000000,142.000000,142.000000,142.000000,0.000000,0.000000,0.000000,0.000000
2521.000000,142.000000,142.000000,142.000000,142.000000,142.000000,0.000000,0.000000,0.000000,0.000000
2521.000000,142.000000,142.000000,142.000000,142.000000,142.000000,0.000000,0.000000,0.000000,0.000000
2532.000000,142.000000,142.000000,142.000000,142.000000,142.000000,0.000000,0.000000,0.000000,0.000000
2529.000000,142.000000,142.000000,142.000000,142.000000,142.000000,0.000000,0.000000,0.000000,0.000000
2537.000000,142.000000,142.000000,142.000000,142.000000,142.000000,0.000000,0.000000,0.000000,0.000000
2521.000000,142.000000,142.000000,142.000000,142.000000,142.000000,0.000000,0.000000,0.000000,0.000000
2533.000000,142.000000,142.000000,142.000000,142.000000,142.000000,0.000000,0.000000,0.000000,0.000000
2530.000000,142.000000,142.000000,142.000000,142.000000,142.000000,0.000000,0.000000,0.000000,0.000000
2525.000000,142.000000,142.000000,142.000000,142.000000,142.000000,0.000000,0.000000,0.000000,0.000000
2532.000000,142.000000,142.000000,142.000000,142.000000,142.000000,0.000000,0.000000,0.000000,0.000000
2532.000000,142.000000,142.000000,142.000000,142.000000,142.000000,0.000000,0.000000,0.000000,0.000000
2532.000000,142.000000,142.000000,142.000000,142.000000,142.000000,0.000000,0.000000,0.000000,0.000000
2513.000000,142.000000,142.000000,142.000000,142.000000,142.000000,0.000000,0.000000,0.000000,0.000000
2504.000000,142.000000,142.000000,142.000000,142.000000,142.000000,0.000000,0.000000,0.000000,0.000000
2518.000000,142.000000,142.000000,142.000000,142.000000,142.000000,0.000000,0.000000,0.000000,0.000000
2518.000000,142.000000,142.000000,142.000000,142.000000,142.000000,0.000000,0.000000,0.000000,0.000000
2502.000000,142.000000,142.000000,142.000000,142.000000,142.000000,0.000000,0.000000,0.000000,0.000000
2495.000000,142.000000,142.000000,142.000000,142.000000,142.000000,0.000000,0.000000,0.000000,0.000000
2483.000000,142.000000,142.000000,142.000000,142.000000,142.000000,0.000000,0.000000,0.000000,0.000000
2499.000000,142.000000,142.000000,142.000000,142.000000,142.000000,0.000000,0.000000,0.000000,0.000000
2492.000000,142.000000,142.000000,142.000000,142.000000,142.000000,0.000000,0.000000,0.000000,0.000000
2493.000000,142.000000,142.000000,142.000000,142.000000,142.000000,0.000000,0.000000,0.000000,0.000000
2492.000000,142.000000,142.000000,142.000000,142.000000,142.000000,0.000000,0.000000,0.000000,0.000000
2486.000000,142.000000,142.000000,142.000000,142.000000,142.000000,0.000000,0.000000,0.000000,0.000000
2483.000000,142.000000,142.000000,142.000000,142.000000,142.000000,0.000000,0.000000,0.000000,0.000000
2473.000000,142.000000,142.000000,142.000000,142.000000,142.000000,0.000000,0.000000,0.000000,0.000000
2481.000000,142.000000,142.000000,142.000000,142.000000,142.000000,0.000000,0.000000,0.000000,0.000000
2507.000000,142.000000,142.000000,142.000000,142.000000,142.000000,0.000000,0.000000,0.000000,0.000000
2507.000000,142.000000,142.000000,142.000000,142.000000,142.000000,0.000000,0.000000,0.000000,0.000000
2507.000000,142.000000,142.000000,142.000000,142.000000,142.000000,0.000000,0.000000,0.000000,0.000000
2511.000000,142.000000,142.000000,142.000000,142.000000,142.000000,0.000000,0.000000,0.000000,0.000000
2510.000000,142.000000,142.000000,142.000000,142.000000,142.000000,0.000000,0.000000,0.000000,0.000000
2527.000000,142.000000,142.000000,142.000000,142.000000,142.000000,0.000000,0.000000,0.000000,0.000000
2506.000000,142.000000,142.000000,142.000000,142.000000,142.000000,0.000000,0.000000,0.000000,0.000000
2525.000000,142.000000,142.000000,142.000000,142.000000,142.000000,0.000000,0.000000,0.000000,0.000000
2513.000000,142.000000,142.000000,142.000000,142.000000,142.000000,0.000000,0.000000,0.000000,0.000000
2512.000000,142.000000,142.000000,142.000000,142.000000,142.000000,0.000000,0.000000,0.000000,0.000000
2523.000000,142.000000,142.000000,142.000000,142.000000,142.000000,0.000000,0.000000,0.000000,0.000000
2513.000000,142.000000,142.000000,142.000000,142.000000,142.000000,0.000000,0.000000,0.000000,0.000000
2513.000000,142.000000,142.000000,142.000000,142.000000,142.000000,0.000000,0.000000,0.000000,0.000000
2522.000000,142.000000,142.000000,142.000000,142.000000,142.000000,0.000000,0.000000,0.000000,0.000000
2506.000000,142.000000,142.000000,142.000000,142.000000,142.000000,0.000000,0.000000,0.000000,0.000000
2518.000000,142.000000,142.000000,142.000000,142.000000,142.000000,0.000000,0.000000,0.000000,0.000000
2524.000000,142.000000,142.000000,142.000000,142.000000,142.000000,0.000000,0.000000,0.000000,0.000000
2533.000000,142.000000,142.000000,142.000000,142.000000,142.000000,0.000000,0.000000,0.000000,0.000000
2513.000000,142.000000,142.000000,142.000000,142.000000,142.000000,0.000000,0.000000,0.000000,0.000000
2511.000000,142.000000,142.000000,142.000000,142.000000,142.000000,0.000000,0.000000,0.000000,0.000000
2494.000000,142.000000,142.000000,142.000000,142.000000,142.000000,0.000000,0.000000,0.000000,0.000000
2499.000000,142.000000,142.000000,142.000000,142.000000,142.000000,0.000000,0.000000,0.000000,0.000000
2500.000000,142.000000,142.000000,142.000000,142.000000,142.000000,0.000000,0.000000,0.000000,0.000000
2500.000000,142.000000,142.000000,142.000000,142.000000,142.000000,0.000000,0.000000,0.000000,0.000000
2497.000000,142.000000,142.000000,142.000000,142.000000,142.000000,0.000000,0.000000,0.000000,0.000000
2497.000000,142.000000,142.000000,142.000000,142.000000,142.000000,0.000000,0.000000,0.000000,0.000000
2493.000000,142.000000,142.000000,142.000000,142.000000,142.000000,0.000000,0.000000,0.000000,0.000000
2511.000000,142.000000,142.000000,142.000000,142.000000,142.000000,0.000000,0.000000,0.000000,0.000000
2515.000000,142.000000,142.000000,142.000000,142.000000,142.000000,0.000000,0.000000,0.000000,0.000000
2507.000000,142.000000,142.000000,142.000000,142.000000,142.000000,0.000000,0.000000,0.000000,0.000000
2513.000000,142.000000,142.000000,142.000000,142.000000,142.000000,0.000000,0.000000,0.000000,0.000000
2506.000000,142.000000,142.000000,142.000000,142.000000,142.000000,0.000000,0.000000,0.000000,0.000000
2507.000000,142.000000,142.000000,142.000000,142.000000,142.000000,0.000000,0.000000,0.000000,0.000000
2505.000000,142.000000,142.000000,142.000000,142.000000,142.000000,0.000000,0.000000,0.000000,0.000000
2513.000000,142.000000,142.000000,142.000000,142.000000,142.000000,0.000000,0.000000,0.000000,0.000000
2521.000000,142.000000,142.000000,142.000000,142.000000,142.000000,0.000000,0.000000,0.000000,0.000000
2511.000000,142.000000,142.000000,142.000000,142.000000,142.000000,0.000000,0.000000,0.000000,0.000000
2515.000000,142.000000,142.000000,142.000000,142.000000,142.000000,0.000000,0.000000,0.000000,0.000000
2513.000000,142.000000,142.000000,142.000000,142.000000,142.000000,0.000000,0.000000,0.000000,0.000000
2510.000000,142.000000,142.000000,142.000000,142.000000,142.000000,0.000000,0.000000,0.000000,0.000000
2533.000000,142.000000,142.000000,142.000000,142.000000,142.000000,0.000000,0.000000,0.000000,0.000000
2528.000000,142.000000,142.000000,142.000000,142.000000,142.000000,0.000000,0.000000,0.000000,0.000000
2524.000000,142.000000,142.000000,142.000000,142.000000,142.000000,0.000000,0.000000,0.000000,0.000000
2537.000000,142.000000,142.000000,142.000000,142.000000,142.000000,0.000000,0.000000,0.000000,0.000000
2539.000000,142.000000,142.000000,142.000000,142.000000,142.000000,0.000000,0.000000,0.000000,0.000000
2533.000000,142.000000,142.000000,142.000000,142.000000,142.000000,0.000000,0.000000,0.000000,0.000000
2533.000000,142.000000,142.000000,142.000000,142.000000,142.000000,0.000000,0.000000,0.000000,0.000000
2540.000000,142.000000,142.000000,142.000000,142.000000,142.000000,0.000000,0.000000,0.000000,0.000000
2549.000000,142.000000,142.000000,142.000000,142.000000,142.000000,0.000000,0.000000,0.000000,0.000000
2530.000000,142.000000,142.000000,142.000000,142.000000,142.000000,0.000000,0.000000,0.000000,0.000000
2549.000000,142.000000,142.000000,142.000000,142.000000,142.000000,0.000000,0.000000,0.000000,0.000000
2548.000000,142.000000,142.000000,142.000000,142.000000,142.000000,0.000000,0.000000,0.000000,0.000000
